1.000025764120085148e+00 -2.578223379160097549e-05 5.276239037104579164e-08 -7.950827266286286172e-09 -7.258700543960450294e-09 2.123960610472881168e-09 1.280195368799499663e-08 -2.496156359458106649e-09 -1.792816442363248352e-08 8.826721867997023251e-09 -1.716157570846800641e-09 -2.507909112344819577e-10 -7.043044643644504943e-09 5.782917719203314538e-09 -2.741932483917217935e-07 2.896516335084365532e-07
2.579892489949582707e-05 9.999741829369920287e-01 5.283356554088408398e-08 -7.962247100461837879e-09 -7.268798781592639808e-09 2.126925072640401022e-09 1.281971820187154360e-08 -2.499598997078451454e-09 -1.795302622581424271e-08 8.838898109447548617e-09 -1.718571366806012561e-09 -2.511586539852405132e-10 -7.052824666558096064e-09 5.790890928862933390e-09 -2.745626329298574800e-07 2.900417913700475258e-07
-1.884380560071541018e-04 1.885712186048866959e-04 9.999996129487456198e-01 5.023572335903488121e-08 4.935517247549375986e-08 -1.434758654297476521e-08 -8.749936997422141287e-08 1.719136223701399764e-08 1.228067680239608428e-07 -6.110036396213999109e-08 1.138025786999019292e-08 1.407603352516661871e-09 4.794455690811802619e-08 -4.003949220590947107e-08 2.017968324418068641e-06 -2.132424001532259663e-06
6.045012682761746747e-01 -6.049589785379054785e-01 1.100927124469465142e-03 2.116344989132878804e-05 1.233265534417719283e-05 6.630203068098182440e-02 2.418602958543130954e-01 5.899224611072148398e-03 -3.331608455287834447e-01 5.832579040053204045e-02 -4.225382883425314595e-02 5.650966001570473891e-04 -5.660740766970769056e-02 8.725953648934223900e-03 -5.817194630361610490e-03 6.710823131842752302e-03
4.649003899364118064e-01 -4.652706788746264199e-01 9.175759720396289192e-04 1.594473795886062342e-05 9.285043492439982630e-06 1.314473765620640666e-01 4.592111645537315101e-01 1.138379279894133865e-02 -6.392608602638546467e-01 1.142829266669034144e-01 -8.025109060397679628e-02 1.092340657695116922e-03 -1.083957711055762857e-01 1.710731461791582114e-02 -1.138659837534310160e-02 1.313395356307747730e-02
2.169069780013858084e-01 -2.170898144038266586e-01 4.720842354611751363e-04 6.667147931674781591e-06 3.807346395195645349e-06 1.054125169176884036e+00 6.904214612456197608e-01 4.606697076083085540e-02 -1.992538550658746521e+00 7.156183854001955114e-01 -4.447484162949063569e-01 6.536614196625351904e-03 -6.213117048376978202e-01 1.071803371185598569e-01 -7.127168535024833163e-02 8.220202974185576716e-02
8.999846150646757803e-02 -9.007398069632806259e-02 1.931211534355770792e-04 2.923705941658487132e-06 1.701290988138126768e-06 2.960497974174683064e-02 1.392392469648014552e+00 2.203483549522752133e-02 -1.494020569300070989e+00 1.122882131193765065e-01 -8.942625864719008777e-02 1.126676062586275204e-03 -1.170282320767889461e-01 1.680811001761590637e-02 -1.117791164005461392e-02 1.289246759476781086e-02
8.404582191482092013e-02 -8.411524793716700088e-02 1.705630406096628627e-04 2.814623609731815823e-06 1.635778897115633837e-06 5.816754298209952934e-02 1.032358500622766240e+00 1.756175581429458496e-02 -1.151322415535861676e+00 1.062478112776926997e-01 -8.259960671476367089e-02 1.055707969238330783e-03 -1.087272879513501711e-01 1.590490335660860871e-02 -1.057738141334878951e-02 1.219979061816544620e-02
7.394114108573980604e-02 -7.400307759754491677e-02 1.577791182946902682e-04 2.443151471544449908e-06 1.422026649176157551e-06 2.668562061425549040e-02 3.600744902640682366e-01 6.341903728958000162e-03 -4.092715268796444095e-01 4.111909180768186234e-02 -4.711007608946410352e-02 4.863848278355047605e-04 -5.714293867578578573e-02 6.148360412894482777e-03 -4.089737575870785492e-03 4.717156214236348406e-03
-1.801026790634014385e-01 1.802549128679586110e-01 -3.954153213199815622e-04 -5.466081581380378838e-06 -3.184536153638974472e-06 -3.580968655985879850e-02 -4.375689651321928997e-01 -7.821611659026530411e-03 5.014251103028658507e-01 -5.211398154984091952e-02 7.686070455841776949e-01 -4.254824742048371466e-03 7.776485352176629728e-01 -7.484018246871685688e-03 4.971745247241239271e-03 -5.735887307922552317e-03
-1.954650703549215204e-02 1.956317208384171502e-02 -4.335972179139664694e-05 -6.339981480549490833e-07 -3.703244050868214475e-07 -3.157814500158138103e-03 -3.635747951673223149e-02 -6.561168150299408804e-04 4.188290167262957026e-02 -4.445781742061196556e-03 7.354988039831200641e-01 -3.801196974472433911e-03 7.327986063382818660e-01 -3.477399530408118084e-04 2.236627067752252197e-04 -2.592405799531411121e-04
-1.932571093762751324e-02 1.934257548860587872e-02 -4.656326972323860471e-05 -5.263700592548576786e-07 -3.088374369390726802e-07 4.668270320925812372e-03 5.662889119236098889e-02 1.013112163476376790e-03 -6.493389697563480001e-02 6.766635426850699762e-03 1.142431665316621325e+00 -5.822997092910150822e-03 1.134820303954908960e+00 1.511121478277448931e-03 -1.016959234976955650e-03 1.170955866753214340e-03
1.960904355156261811e-02 -1.962575994030698462e-02 4.348174628795826936e-05 6.350680072495175412e-07 3.695781228124775184e-07 3.201691015455117653e-03 3.687685464899486537e-02 6.654167503085406127e-04 -4.247971605089236047e-02 4.508633290090366397e-03 2.720393006673519354e-01 -1.369313992763247518e-03 2.695028843168406629e-01 7.943034755581247818e-04 -5.303249958267389815e-04 6.113594244032386936e-04
-1.290031005056901381e-01 1.291130673452517696e-01 -2.909087208106338781e-04 -2.957856544634883806e-06 -1.724246783553477931e-06 -7.675397118386554501e-03 -8.697652389902194026e-02 -1.573885648848919599e-03 1.003403865880951457e-01 -1.071202000124824201e-02 -6.119776360723659936e-01 3.076992223904213061e-03 -6.061296968550565767e-01 -1.871865161754335521e-03 1.206628029472521816e-03 -1.395208614227661133e-03
-5.428918121701866058e-03 5.433470084270784067e-03 -1.243949629606393848e-05 1.797486329353833199e-07 1.040032321975018545e-07 6.711857089020784560e-04 7.819573922166303190e-03 1.408608771112551574e-04 -8.998344773097039645e-03 9.511059466950119289e-04 4.752133055031221992e-02 -2.381824869903837599e-04 4.703746767665831219e-02 1.632260006820795408e-04 -1.284700301632973917e-04 1.463122287312854086e-04
-1.682925406121835860e-02 1.684349877824579608e-02 -3.830868137348029538e-05 1.602761775420045564e-07 9.173337961164346065e-08 5.956591764698784342e-04 7.109010784091335938e-03 1.275927290510701592e-04 -8.163177701566159961e-03 8.554365095796340234e-04 4.090519507434295376e-02 -2.047319063026284739e-04 4.047962588440844056e-02 1.459451941686953902e-04 -1.490268466316604142e-04 1.670448852124950024e-04
