-1.760656115078792894e+01 1.860669545381009016e+01 3.200002195969796348e-02 -7.884750947271529844e-09 -6.443622212820945465e-09 6.932615034371658179e-05 2.697231164250266078e-04 6.415242013423572213e-06 -3.659892440934623976e-04 6.213169281034234452e-05 3.807385635943780211e-05 1.723892538418441431e-07
-1.863103671460602584e+01 1.963117119424493850e+01 3.204214265985404902e-02 -7.895096149655385571e-09 -6.452074292683184809e-09 6.941740468466045966e-05 2.700781228862042353e-04 6.423685977554717075e-06 -3.664709646289793753e-04 6.221347491019348238e-05 3.812368299487695067e-05 1.726176855442173317e-07
1.692996120765082537e+02 -1.693008321843990984e+02 7.077554696245671462e-01 5.692741069807231286e-08 4.627815683079190706e-08 -6.332206934233151722e-04 -2.462374901725183918e-03 -5.858229130539793772e-05 3.341600957519119675e-03 -5.674113443596695561e-04 -3.361791546634407268e-04 -1.634438290751272227e-06
-1.107137486570603500e+02 1.107143211207320235e+02 6.618993708960231592e-02 9.881716689861388945e-10 -3.775534223000425898e-09 6.643575515151312061e-02 2.425331203494351939e-01 5.909646326102802050e-03 -3.340288820297701022e-01 5.846503528701418873e-02 -4.082955539547583612e-02 5.570698722134892478e-04
-8.381223750179496790e+01 8.381264912203900508e+01 4.908954529394327776e-02 -2.273355674313850748e-09 -1.090126282882522987e-08 1.315461122540762529e-01 4.597120651546902081e-01 1.139148504429954301e-02 -6.399061258898655069e-01 1.143861541385149394e-01 -7.916227350460758316e-02 1.086201663667907269e-03
-2.395451467123596956e+01 2.395457902028404362e+01 1.500881358122132777e-03 -3.776929221802021841e-08 -1.015825576197987285e-07 1.054125046321806369e+00 6.904699112492380664e-01 4.606634812330412387e-02 -1.992589876412239391e+00 7.156244648886058712e-01 -4.443150484848956694e-01 6.533937399176181771e-03
-1.398546756250315504e+01 1.398552587642542733e+01 6.429564148457807271e-03 -1.225368772462361152e-09 -3.758575902284186053e-09 2.961743956778017245e-02 1.392462621667675648e+00 2.203572729903324756e-02 -1.494109367191128968e+00 1.123021009541531612e-01 -8.922727340024039222e-02 1.125523810368567190e-03
-1.378688300155497437e+01 1.378694483833898765e+01 6.665275111806358461e-03 -2.103657874803719860e-09 -6.177415222129585753e-09 5.818059637552165653e-02 1.032430224020799869e+00 1.756271319940339026e-02 -1.151413562302650462e+00 1.062621346437637726e-01 -8.240681521817805333e-02 1.054597952443003805e-03
-1.263266186073884967e+01 1.263271871485132003e+01 6.918244944706672742e-03 -6.966035000169809143e-10 -2.536490691452603362e-09 2.669938174030667827e-02 3.601462302819413708e-01 6.342960371664041475e-03 -4.093635028602875536e-01 4.113370419430850689e-02 -4.694114605749177827e-02 4.854261686921823582e-04
2.540916211621164322e+01 -2.540925488254812592e+01 -1.079001279683371867e-02 -5.668094964405606321e-11 1.824012953360722643e-09 -3.583023912982401249e-02 -4.376894647025437735e-01 -7.823025728791677125e-03 5.015766627318498649e-01 -5.213748889036651235e-02 7.682363547468469278e-01 -4.252662952683117226e-03
2.267204804101036864e+00 -2.267211791734854209e+00 8.512140753228782030e-06 -7.235481497418727872e-10 -1.144288089837796041e-09 -3.157466507512564358e-03 -3.636092476534713569e-02 -6.560295316156983247e-04 4.188615984696753003e-02 -4.446066450699337480e-03 7.354563858822764644e-01 -3.800934742707220981e-03
7.746276808665031322e-01 -7.746220528813478889e-01 1.658273380211777682e-03 -1.445420862658573237e-09 -2.754391958516464064e-09 4.672138753935214765e-03 5.664023371977577881e-02 1.013519993596778690e-03 -6.495037836798189801e-02 6.769625640330900751e-03 1.142400969356216933e+00 -5.822783612355053595e-03
