2.999935068947122072e-02
2.999935068947345504e-02
2.999935068947075234e-02
2.999935068946958661e-02
2.999935068946914252e-02
2.999935068946993008e-02
2.999935068947047825e-02
2.999935068947406566e-02
2.999935068946809821e-02
2.999935068946988498e-02
2.999935068947128664e-02
2.999935068947330585e-02
2.999935068947155725e-02
2.999935068946976355e-02
2.999935068947374300e-02
2.999935068947213665e-02
2.999935068947359035e-02
2.999935068947461730e-02
2.999935068947183481e-02
2.999935068947266401e-02
2.999935068946595410e-02
2.999935068947338565e-02
2.999935068947007233e-02
2.999935068947175154e-02
2.999935068947284789e-02
2.999935068947381239e-02
2.999935068947447159e-02
2.999935068947243155e-02
2.999935068947403444e-02
2.999935068947028743e-02
2.999935068947360076e-02
2.999935068947238645e-02
2.999935068947251829e-02
2.999935068947076622e-02
2.999935068947393035e-02
2.999935068946984335e-02
2.999935068947419056e-02
2.999935068947083908e-02
2.999935068947212971e-02
2.999935068947301789e-02
2.999935068947316014e-02
2.999935068947079397e-02
2.999935068947400321e-02
2.999935068947610917e-02
2.999935068947353137e-02
2.999935068947192154e-02
2.999935068947185909e-02
2.999935068947116173e-02
2.999935068947377770e-02
2.999935068947158848e-02
2.999935068947311503e-02
2.999935068947175501e-02
2.999935068947597386e-02
2.999935068947142541e-02
2.999935068947306299e-02
2.999935068947265360e-02
2.999935068947241421e-02
2.999935068947284442e-02
2.999935068947436057e-02
2.999935068947121378e-02
2.999935068947345157e-02
2.999935068947148786e-02
2.999935068947167521e-02
2.999935068947027009e-02
2.999935068947458955e-02
2.999935068946939926e-02
2.999935068947298666e-02
2.999935068947440567e-02
2.999935068946971845e-02
2.999935068947039152e-02
2.999935068947023886e-02
2.999935068947073846e-02
2.999935068947107500e-02
2.999935068947539446e-02
2.999935068947220604e-02
2.999935068946837230e-02
2.999935068947054764e-02
2.999935068947245584e-02
2.999935068947128664e-02
2.999935068946882680e-02
2.999935068947157113e-02
2.999935068947320177e-02
2.999935068947166134e-02
2.999935068947330932e-02
2.999935068947384015e-02
2.999935068947151215e-02
2.999935068947225808e-02
2.999935068947039846e-02
2.999935068946982253e-02
2.999935068946864292e-02
2.999935068947356953e-02
2.999935068947012437e-02
2.999935068947360423e-02
2.999935068947178277e-02
2.999935068947076622e-02
2.999935068947341688e-02
2.999935068947141500e-02
2.999935068947237604e-02
2.999935068947384362e-02
2.999935068947159195e-02
2.999935068947228931e-02
2.999935068947123112e-02
2.999935068947215053e-02
2.999935068947236563e-02
2.999935068947245931e-02
2.999935068947071765e-02
2.999935068947294850e-02
2.999935068947240380e-02
2.999935068947152256e-02
2.999935068947102990e-02
2.999935068947244196e-02
2.999935068947135949e-02
2.999935068947185562e-02
2.999935068947247666e-02
2.999935068947093275e-02
2.999935068947412464e-02
2.999935068947169603e-02
2.999935068947393035e-02
2.999935068947256339e-02
2.999935068947201522e-02
2.999935068947227890e-02
2.999935068947279238e-02
2.999935068947087030e-02
2.999935068947131439e-02
2.999935068947345157e-02
2.999935068947255645e-02
2.999935068947266054e-02
2.999935068947162317e-02
2.999935068947069683e-02
2.999935068947269523e-02
2.999935068946932987e-02
2.999935068947210542e-02
2.999935068947099520e-02
2.999935068947223032e-02
2.999935068947075581e-02
2.999935068947184869e-02
2.999935068947214012e-02
2.999935068947240727e-02
2.999935068947298666e-02
2.999935068947080091e-02
2.999935068947146011e-02
2.999935068947236216e-02
2.999935068947136643e-02
2.999935068947139766e-02
2.999935068947269523e-02
2.999935068947050948e-02
2.999935068947257033e-02
2.999935068947216094e-02
2.999935068947150868e-02
2.999935068947219910e-02
2.999935068947045397e-02
2.999935068947195277e-02
2.999935068946953803e-02
2.999935068947399974e-02
2.999935068947126929e-02
2.999935068947241074e-02
2.999935068947251482e-02
2.999935068947210542e-02
2.999935068947097438e-02
2.999935068947164746e-02
2.999935068947220951e-02
2.999935068947189032e-02
2.999935068947330585e-02
2.999935068947204991e-02
2.999935068947157113e-02
2.999935068947105765e-02
2.999935068947150868e-02
2.999935068947100214e-02
2.999935068947110622e-02
2.999935068947093622e-02
2.999935068947134215e-02
2.999935068947126235e-02
2.999935068947174460e-02
2.999935068947264666e-02
2.999935068947122419e-02
2.999935068947181399e-02
2.999935068947106112e-02
2.999935068947167521e-02
2.999935068947265013e-02
2.999935068947029784e-02
2.999935068947294503e-02
2.999935068947176542e-02
2.999935068947322953e-02
2.999935068947312544e-02
2.999935068947152950e-02
2.999935068947197012e-02
2.999935068947175848e-02
2.999935068947142541e-02
2.999935068947152256e-02
2.999935068947257727e-02
2.999935068947064132e-02
2.999935068946995090e-02
2.999935068947144276e-02
2.999935068946988498e-02
2.999935068947110275e-02
2.999935068947069683e-02
2.999935068947085989e-02
2.999935068947111316e-02
2.999935068947190420e-02
2.999935068947115827e-02
2.999935068947192154e-02
2.999935068947232747e-02
2.999935068947270217e-02
2.999935068947110622e-02
2.999935068947188338e-02
2.999935068947118949e-02
2.999935068947208114e-02
2.999935068947042621e-02
2.999935068947160235e-02
2.999935068947107500e-02
2.999935068947075928e-02
2.999935068947207073e-02
2.999935068947164052e-02
2.999935068947005845e-02
2.999935068947371525e-02
2.999935068947353484e-02
2.999935068947128664e-02
2.999935068947136990e-02
2.999935068947181052e-02
2.999935068947184869e-02
2.999935068947161970e-02
2.999935068947112010e-02
2.999935068947122419e-02
2.999935068947230318e-02
2.999935068947085642e-02
2.999935068947220951e-02
2.999935068947201869e-02
2.999935068947132827e-02
2.999935068947153297e-02
2.999935068947263972e-02
2.999935068947173072e-02
2.999935068947138378e-02
2.999935068947183828e-02
2.999935068947095357e-02
2.999935068947153644e-02
2.999935068947114786e-02
2.999935068947227890e-02
2.999935068947150174e-02
2.999935068947148786e-02
2.999935068947138378e-02
2.999935068947138378e-02
2.999935068946995784e-02
2.999935068947079744e-02
2.999935068947200481e-02
2.999935068947105765e-02
2.999935068947091887e-02
2.999935068947067254e-02
2.999935068947064826e-02
2.999935068947068295e-02
2.999935068947149827e-02
2.999935068947092581e-02
2.999935068947135602e-02
2.999935068947118949e-02
2.999935068947180705e-02
2.999935068947082173e-02
2.999935068946969763e-02
2.999935068947166827e-02
2.999935068947037070e-02
2.999935068947044356e-02
2.999935068947156419e-02
2.999935068947124500e-02
2.999935068947072112e-02
2.999935068947132480e-02
2.999935068947100214e-02
2.999935068947050948e-02
2.999935068947086683e-02
2.999935068947061009e-02
2.999935068947063091e-02
2.999935068947057540e-02
2.999935068947117561e-02
2.999935068947029784e-02
2.999935068947086336e-02
2.999935068947109928e-02
2.999935068947211930e-02
2.999935068947256339e-02
2.999935068947023192e-02
2.999935068947144276e-02
2.999935068947109928e-02
2.999935068947093275e-02
2.999935068947200134e-02
2.999935068947124500e-02
2.999935068947106459e-02
2.999935068947141154e-02
2.999935068947228584e-02
2.999935068947061703e-02
2.999935068947216094e-02
2.999935068947137684e-02
2.999935068947289299e-02
2.999935068947093969e-02
2.999935068947115827e-02
2.999935068947200828e-02
2.999935068947107153e-02
2.999935068947128664e-02
2.999935068947201522e-02
2.999935068947206379e-02
2.999935068947121378e-02
2.999935068947106459e-02
2.999935068947225114e-02
2.999935068947212971e-02
2.999935068947167174e-02
2.999935068947173419e-02
2.999935068947044009e-02
2.999935068947201522e-02
2.999935068947115133e-02
2.999935068947178277e-02
2.999935068947257380e-02
2.999935068947136990e-02
2.999935068947094663e-02
2.999935068947164052e-02
2.999935068947216094e-02
2.999935068947244890e-02
2.999935068947151562e-02
2.999935068947209502e-02
2.999935068947166827e-02
2.999935068947075928e-02
2.999935068947049213e-02
2.999935068946998212e-02
2.999935068947124847e-02
2.999935068947021805e-02
2.999935068947153644e-02
2.999935068947069683e-02
2.999935068947185562e-02
2.999935068947261196e-02
2.999935068947076622e-02
2.999935068947241074e-02
2.999935068947135602e-02
2.999935068947147399e-02
2.999935068947110275e-02
2.999935068947163358e-02
2.999935068947080785e-02
2.999935068947119296e-02
2.999935068947179317e-02
2.999935068947164399e-02
2.999935068947197359e-02
2.999935068947280625e-02
2.999935068947137684e-02
2.999935068947124500e-02
2.999935068947228237e-02
2.999935068947173419e-02
2.999935068947284442e-02
2.999935068947228237e-02
2.999935068947106112e-02
2.999935068947173419e-02
2.999935068947208114e-02
2.999935068947205685e-02
2.999935068947115480e-02
2.999935068947216094e-02
2.999935068947178970e-02
2.999935068947152603e-02
2.999935068947235522e-02
2.999935068947173419e-02
2.999935068947180358e-02
2.999935068947200134e-02
2.999935068947199093e-02
2.999935068947123112e-02
2.999935068947149827e-02
2.999935068947226155e-02
2.999935068947295197e-02
2.999935068947162664e-02
2.999935068947138031e-02
2.999935068947182093e-02
2.999935068947305605e-02
2.999935068947139072e-02
2.999935068947237257e-02
2.999935068947168215e-02
2.999935068947236216e-02
2.999935068947247319e-02
2.999935068947112010e-02
2.999935068947071071e-02
2.999935068947253564e-02
2.999935068947106806e-02
2.999935068947214012e-02
2.999935068947166134e-02
2.999935068947250788e-02
2.999935068947274380e-02
2.999935068947212277e-02
2.999935068947123112e-02
2.999935068947255992e-02
2.999935068947122419e-02
2.999935068947187297e-02
2.999935068947212624e-02
2.999935068947250788e-02
2.999935068947164746e-02
2.999935068947177236e-02
2.999935068947194236e-02
2.999935068947175501e-02
2.999935068947213665e-02
2.999935068947190767e-02
2.999935068947183481e-02
2.999935068947171338e-02
2.999935068947155378e-02
2.999935068947208461e-02
2.999935068947235522e-02
2.999935068947150868e-02
2.999935068947157113e-02
2.999935068947185215e-02
2.999935068947203604e-02
2.999935068947177930e-02
2.999935068947219563e-02
2.999935068947210542e-02
2.999935068947167521e-02
2.999935068947164746e-02
2.999935068947200134e-02
2.999935068947187644e-02
2.999935068947217481e-02
2.999935068947184869e-02
2.999935068947178970e-02
2.999935068947191114e-02
2.999935068947194930e-02
2.999935068947204991e-02
2.999935068947175848e-02
2.999935068947191114e-02
2.999935068947194236e-02
2.999935068947172379e-02
2.999935068947232400e-02
2.999935068947194583e-02
2.999935068947196318e-02
2.999935068947183481e-02
2.999935068947199787e-02
2.999935068947234829e-02
2.999935068947204297e-02
2.999935068947169603e-02
2.999935068947212624e-02
2.999935068947182093e-02
2.999935068947191807e-02
2.999935068947170297e-02
2.999935068947191114e-02
2.999935068947192501e-02
2.999935068947196665e-02
2.999935068947189032e-02
2.999935068947190073e-02
2.999935068947188338e-02
2.999935068947201175e-02
2.999935068947189726e-02
2.999935068947176542e-02
2.999935068947166827e-02
2.999935068947203604e-02
2.999935068947166134e-02
2.999935068947215747e-02
2.999935068947193889e-02
2.999935068947192501e-02
2.999935068947199440e-02
2.999935068947219910e-02
2.999935068947187297e-02
2.999935068947185562e-02
2.999935068947214706e-02
2.999935068947212277e-02
2.999935068947202910e-02
2.999935068947183828e-02
2.999935068947179317e-02
2.999935068947202216e-02
2.999935068947191807e-02
2.999935068947209155e-02
2.999935068947200134e-02
2.999935068947197012e-02
2.999935068947202563e-02
2.999935068947196318e-02
2.999935068947200134e-02
2.999935068947216787e-02
2.999935068947201522e-02
2.999935068947193889e-02
2.999935068947193542e-02
2.999935068947209849e-02
2.999935068947187991e-02
2.999935068947191114e-02
2.999935068947185909e-02
2.999935068947191460e-02
2.999935068947201522e-02
2.999935068947191114e-02
2.999935068947191114e-02
2.999935068947193195e-02
2.999935068947196665e-02
2.999935068947197359e-02
2.999935068947193889e-02
2.999935068947187991e-02
2.999935068947188685e-02
2.999935068947186603e-02
2.999935068947193195e-02
2.999935068947186256e-02
2.999935068947187991e-02
2.999935068947186603e-02
2.999935068947188685e-02
2.999935068947187297e-02
2.999935068947186950e-02
2.999935068947187297e-02
2.999935068947182787e-02
2.999935068947182787e-02
2.999935068947182093e-02
2.999935068947181399e-02
2.999935068947179317e-02
2.999935068947178277e-02
2.999935068947177236e-02
2.999935068947176542e-02
2.999935068947176195e-02
2.999935068947174807e-02
2.999935068947173072e-02
2.999935068947171685e-02
2.999935068947170644e-02
2.999935068947169256e-02
2.999935068947168909e-02
2.999935068947167521e-02
2.999935068947166827e-02
2.999935068947166827e-02
2.999935068947165440e-02
2.999935068947165093e-02
2.999935068947165440e-02
2.999935068947164746e-02
2.999935068947165440e-02
2.999935068947165440e-02
2.999935068947164746e-02
2.999935068947164052e-02
2.999935068947163011e-02
2.999935068947161970e-02
2.999935068947161623e-02
2.999935068947161623e-02
2.999935068947159542e-02
2.999935068947159889e-02
2.999935068947159195e-02
2.999935068947155031e-02
2.999935068947158501e-02
2.999935068947155725e-02
2.999935068947157807e-02
2.999935068947152950e-02
2.999935068947151562e-02
2.999935068947153297e-02
2.999935068947150521e-02
2.999935068947147052e-02
2.999935068947149133e-02
2.999935068947146705e-02
2.999935068947146011e-02
2.999935068947148786e-02
2.999935068947140113e-02
2.999935068947139072e-02
2.999935068947143582e-02
2.999935068947140113e-02
2.999935068947139072e-02
2.999935068947139072e-02
2.999935068947143582e-02
2.999935068947134215e-02
2.999935068947131439e-02
2.999935068947144276e-02
2.999935068947125194e-02
2.999935068947139072e-02
2.999935068947130051e-02
2.999935068947119990e-02
2.999935068947130051e-02
2.999935068947130398e-02
2.999935068947118602e-02
2.999935068947132827e-02
2.999935068947123112e-02
2.999935068947130745e-02
2.999935068947109235e-02
2.999935068947107847e-02
2.999935068947122765e-02
2.999935068947115480e-02
2.999935068947131439e-02
2.999935068947119990e-02
2.999935068947097092e-02
2.999935068947108888e-02
2.999935068947111663e-02
2.999935068947104724e-02
2.999935068947103683e-02
2.999935068947114092e-02
2.999935068947131439e-02
2.999935068947097092e-02
2.999935068947102990e-02
2.999935068947084255e-02
2.999935068947108541e-02
2.999935068947126582e-02
2.999935068947104377e-02
2.999935068947091193e-02
2.999935068947114092e-02
2.999935068947116867e-02
2.999935068947102990e-02
2.999935068947126582e-02
2.999935068947119643e-02
2.999935068947112704e-02
2.999935068947073846e-02
2.999935068947070377e-02
2.999935068947099520e-02
2.999935068947116173e-02
2.999935068947095010e-02
2.999935068947095010e-02
2.999935068947089806e-02
2.999935068947064826e-02
2.999935068947100908e-02
2.999935068947104724e-02
2.999935068947070377e-02
2.999935068947055458e-02
2.999935068947100908e-02
2.999935068947074887e-02
2.999935068947094663e-02
2.999935068947068989e-02
2.999935068947071071e-02
2.999935068947108541e-02
2.999935068947090500e-02
2.999935068947083561e-02
2.999935068947075928e-02
2.999935068947124500e-02
2.999935068947053377e-02
2.999935068947088765e-02
2.999935068947114092e-02
2.999935068947107847e-02
2.999935068947056499e-02
2.999935068947106459e-02
2.999935068947064826e-02
2.999935068947101602e-02
2.999935068947066907e-02
2.999935068947004804e-02
2.999935068947086336e-02
2.999935068947073152e-02
2.999935068947109235e-02
2.999935068947064826e-02
2.999935068947069683e-02
2.999935068947119643e-02
2.999935068947064132e-02
2.999935068947010355e-02
2.999935068947087377e-02
2.999935068947109235e-02
2.999935068947065867e-02
2.999935068947039846e-02
2.999935068947057193e-02
2.999935068947085642e-02
2.999935068947071071e-02
2.999935068947087030e-02
2.999935068947016947e-02
2.999935068947026662e-02
2.999935068946929170e-02
2.999935068947007927e-02
2.999935068947036376e-02
2.999935068947036723e-02
2.999935068947046438e-02
2.999935068947046785e-02
2.999935068947015213e-02
2.999935068947052336e-02
2.999935068947044009e-02
2.999935068947055111e-02
2.999935068947088765e-02
2.999935068946998906e-02
2.999935068947040540e-02
2.999935068947031172e-02
2.999935068947047478e-02
2.999935068947049907e-02
2.999935068947068989e-02
2.999935068947004457e-02
2.999935068947055458e-02
2.999935068947044703e-02
2.999935068947102990e-02
2.999935068946998906e-02
2.999935068947096051e-02
2.999935068947075928e-02
2.999935068946966987e-02
2.999935068947065173e-02
2.999935068947168215e-02
2.999935068947084948e-02
2.999935068947128664e-02
2.999935068947145664e-02
2.999935068947027009e-02
2.999935068947137684e-02
2.999935068946986416e-02
2.999935068946902109e-02
2.999935068946945130e-02
2.999935068947017988e-02
2.999935068946991273e-02
2.999935068947121031e-02
2.999935068947005845e-02
2.999935068947021458e-02
2.999935068947080785e-02
2.999935068946953803e-02
2.999935068946967681e-02
2.999935068947043315e-02
2.999935068947030825e-02
2.999935068947053377e-02
2.999935068947064479e-02
2.999935068946971845e-02
2.999935068946949293e-02
2.999935068946930558e-02
2.999935068946976702e-02
2.999935068946994049e-02
2.999935068947039152e-02
2.999935068947029437e-02
2.999935068947040193e-02
2.999935068947004110e-02
2.999935068946992661e-02
2.999935068947051989e-02
2.999935068947025274e-02
2.999935068946906272e-02
2.999935068947014519e-02
2.999935068947003416e-02
2.999935068946957273e-02
2.999935068946915639e-02
2.999935068947033601e-02
2.999935068946965253e-02
2.999935068947144276e-02
2.999935068946984335e-02
2.999935068947086683e-02
2.999935068947066213e-02
2.999935068947017988e-02
2.999935068947010702e-02
2.999935068947084948e-02
2.999935068946905578e-02
2.999935068946934374e-02
2.999935068947053030e-02
2.999935068946903496e-02
2.999935068947032213e-02
2.999935068946953803e-02
2.999935068947021805e-02
2.999935068947090847e-02
2.999935068946987110e-02
2.999935068947027009e-02
2.999935068946985028e-02
2.999935068947004110e-02
2.999935068947025968e-02
2.999935068946824046e-02
2.999935068947050254e-02
2.999935068947073152e-02
2.999935068947049560e-02
2.999935068947063785e-02
2.999935068947040193e-02
2.999935068946974967e-02
2.999935068947017641e-02
2.999935068946931599e-02
2.999935068947068989e-02
2.999935068946985722e-02
2.999935068947028743e-02
2.999935068946918068e-02
2.999935068946880251e-02
2.999935068947040540e-02
2.999935068947052336e-02
2.999935068947043315e-02
2.999935068947096745e-02
2.999935068947079744e-02
2.999935068946984335e-02
2.999935068946973232e-02
2.999935068947074540e-02
2.999935068946980171e-02
2.999935068946949987e-02
2.999935068947042621e-02
2.999935068946955885e-02
2.999935068947071418e-02
2.999935068946908354e-02
2.999935068946915986e-02
2.999935068947053030e-02
2.999935068947116173e-02
2.999935068947013131e-02
2.999935068946909048e-02
2.999935068946983294e-02
2.999935068947119296e-02
2.999935068946948946e-02
2.999935068946993702e-02
2.999935068947021805e-02
2.999935068946962824e-02
2.999935068946996131e-02
2.999935068946994049e-02
2.999935068946948252e-02
2.999935068947098132e-02
2.999935068947033601e-02
2.999935068947029090e-02
2.999935068947069683e-02
2.999935068947008621e-02
2.999935068946955885e-02
2.999935068947033948e-02
2.999935068947025274e-02
2.999935068947039846e-02
2.999935068946960048e-02
2.999935068946899680e-02
2.999935068947061703e-02
2.999935068946977049e-02
2.999935068947035335e-02
2.999935068947055805e-02
2.999935068946960048e-02
2.999935068947159889e-02
2.999935068947002723e-02
2.999935068946924313e-02
2.999935068947046091e-02
2.999935068946973579e-02
2.999935068946905231e-02
2.999935068947055805e-02
2.999935068946936456e-02
2.999935068946994396e-02
2.999935068946901068e-02
2.999935068946998212e-02
2.999935068946872618e-02
2.999935068946971151e-02
2.999935068946951722e-02
2.999935068946996825e-02
2.999935068947121725e-02
2.999935068946908701e-02
2.999935068946954497e-02
2.999935068947105071e-02
2.999935068946992661e-02
2.999935068946908354e-02
2.999935068947132827e-02
2.999935068946818148e-02
2.999935068946896904e-02
2.999935068946869843e-02
2.999935068946990580e-02
2.999935068946981559e-02
2.999935068946921884e-02
2.999935068947035682e-02
2.999935068946910782e-02
2.999935068947032907e-02
2.999935068946951722e-02
2.999935068946966987e-02
2.999935068946932640e-02
2.999935068947046785e-02
2.999935068946951722e-02
2.999935068946954497e-02
2.999935068946933334e-02
2.999935068946930905e-02
2.999935068946821271e-02
2.999935068947038458e-02
2.999935068946934721e-02
2.999935068947005845e-02
2.999935068946858741e-02
2.999935068946855965e-02
2.999935068947010008e-02
2.999935068946790739e-02
2.999935068946976702e-02
2.999935068946942007e-02
2.999935068947117561e-02
2.999935068947051989e-02
2.999935068946969763e-02
2.999935068946723432e-02
2.999935068946785188e-02
2.999935068946837230e-02
2.999935068947043315e-02
2.999935068946880945e-02
2.999935068946932987e-02
2.999935068947091540e-02
2.999935068947090153e-02
2.999935068946969069e-02
2.999935068947170991e-02
2.999935068946944089e-02
2.999935068946915986e-02
2.999935068946982947e-02
2.999935068946843475e-02
2.999935068947040540e-02
2.999935068946840699e-02
2.999935068946924660e-02
2.999935068946788658e-02
2.999935068947039499e-02
2.999935068946992314e-02
2.999935068946908701e-02
2.999935068946932293e-02
2.999935068946921884e-02
2.999935068947097438e-02
2.999935068946822658e-02
2.999935068946946864e-02
2.999935068946960395e-02
2.999935068946937150e-02
2.999935068946956579e-02
2.999935068946869843e-02
2.999935068947123806e-02
2.999935068947071071e-02
2.999935068946819189e-02
2.999935068946830985e-02
2.999935068946862210e-02
2.999935068946935068e-02
2.999935068946858741e-02
2.999935068946962130e-02
2.999935068946786576e-02
2.999935068946787270e-02
2.999935068946940619e-02
2.999935068946913558e-02
2.999935068947010008e-02
2.999935068946860822e-02
2.999935068946996131e-02
2.999935068947015560e-02
2.999935068947037764e-02
2.999935068946918415e-02
2.999935068946972191e-02
2.999935068946864292e-02
2.999935068946905231e-02
2.999935068946891700e-02
2.999935068946850414e-02
2.999935068946791433e-02
2.999935068947010008e-02
2.999935068946933334e-02
2.999935068946969763e-02
2.999935068946847638e-02
2.999935068946903843e-02
2.999935068946800454e-02
2.999935068946867761e-02
2.999935068946819189e-02
2.999935068946949293e-02
2.999935068946941313e-02
2.999935068946887190e-02
2.999935068946769923e-02
2.999935068947068989e-02
2.999935068946985028e-02
2.999935068946973232e-02
2.999935068946777555e-02
2.999935068946947211e-02
2.999935068946766453e-02
2.999935068946974967e-02
2.999935068946775821e-02
2.999935068946880945e-02
2.999935068947037070e-02
2.999935068946976008e-02
2.999935068946894823e-02
2.999935068946814332e-02
2.999935068946790739e-02
2.999935068947025968e-02
2.999935068946658553e-02
2.999935068946909048e-02
2.999935068947016253e-02
2.999935068946791433e-02
2.999935068947007233e-02
2.999935068947218869e-02
2.999935068946679717e-02
2.999935068946878863e-02
2.999935068946766453e-02
2.999935068947024580e-02
2.999935068947015213e-02
2.999935068947260502e-02
2.999935068946828209e-02
2.999935068946980518e-02
2.999935068946874353e-02
2.999935068946936456e-02
2.999935068946817107e-02
2.999935068946897251e-02
2.999935068947155725e-02
2.999935068946780678e-02
2.999935068946586736e-02
2.999935068946812944e-02
2.999935068946774433e-02
2.999935068946675554e-02
2.999935068946833067e-02
2.999935068946888925e-02
2.999935068946932293e-02
2.999935068946918762e-02
2.999935068947037417e-02
2.999935068946555858e-02
2.999935068946845557e-02
2.999935068947007233e-02
2.999935068946856312e-02
2.999935068946471203e-02
2.999935068946734534e-02
2.999935068946806005e-02
2.999935068947013478e-02
2.999935068947182093e-02
2.999935068946762637e-02
2.999935068946868455e-02
2.999935068946721350e-02
2.999935068946830291e-02
2.999935068947000641e-02
2.999935068946936456e-02
2.999935068947314279e-02
2.999935068946652308e-02
2.999935068947148092e-02
2.999935068946750494e-02
2.999935068946760555e-02
2.999935068946555858e-02
2.999935068946765759e-02
2.999935068946962130e-02
2.999935068946753616e-02
2.999935068947095357e-02
2.999935068946938191e-02
2.999935068946636696e-02
2.999935068946910088e-02
2.999935068946774780e-02
2.999935068946715799e-02
2.999935068947071071e-02
2.999935068946682840e-02
2.999935068946969416e-02
2.999935068946779290e-02
2.999935068947188338e-02
2.999935068946588818e-02
2.999935068947159889e-02
2.999935068946963518e-02
2.999935068947089112e-02
2.999935068947010702e-02
2.999935068946725514e-02
2.999935068947042621e-02
2.999935068946789699e-02
2.999935068946974273e-02
2.999935068946443448e-02
2.999935068947048172e-02
2.999935068947088765e-02
2.999935068946903843e-02
2.999935068946805658e-02
2.999935068946706085e-02
2.999935068946790392e-02
2.999935068947010355e-02
2.999935068946945477e-02
2.999935068946735575e-02
2.999935068946784147e-02
2.999935068946838271e-02
2.999935068947232053e-02
2.999935068946860475e-02
2.999935068946842087e-02
2.999935068946985375e-02
2.999935068946810515e-02
2.999935068946696370e-02
2.999935068946807393e-02
2.999935068946946518e-02
2.999935068946959701e-02
