2.999935739862096343e-02
2.999935739861729275e-02
2.999935739861518333e-02
2.999935739861733439e-02
2.999935739862260101e-02
2.999935739862068240e-02
2.999935739862526207e-02
2.999935739862051587e-02
2.999935739862085587e-02
2.999935739862275019e-02
2.999935739862481104e-02
2.999935739862340592e-02
2.999935739862393674e-02
2.999935739862255590e-02
2.999935739862735415e-02
2.999935739862512676e-02
2.999935739862262182e-02
2.999935739862541820e-02
2.999935739862225059e-02
2.999935739862728476e-02
2.999935739862955031e-02
2.999935739862924847e-02
2.999935739862720149e-02
2.999935739862541473e-02
2.999935739862293407e-02
2.999935739862646597e-02
2.999935739862431144e-02
2.999935739862602535e-02
2.999935739862296530e-02
2.999935739862407205e-02
2.999935739863152442e-02
2.999935739862626127e-02
2.999935739862579290e-02
2.999935739862973419e-02
2.999935739862823192e-02
2.999935739862847131e-02
2.999935739862654577e-02
2.999935739862747211e-02
2.999935739862498452e-02
2.999935739862803416e-02
2.999935739863228076e-02
2.999935739862773232e-02
2.999935739862953643e-02
2.999935739862549799e-02
2.999935739863077502e-02
2.999935739862702455e-02
2.999935739862326367e-02
2.999935739862336082e-02
2.999935739862434961e-02
2.999935739862487696e-02
2.999935739862590739e-02
2.999935739862851988e-02
2.999935739862584841e-02
2.999935739862755191e-02
2.999935739862795436e-02
2.999935739863000828e-02
2.999935739863232240e-02
2.999935739863008807e-02
2.999935739862564024e-02
2.999935739862741313e-02
2.999935739863242301e-02
2.999935739862993889e-02
2.999935739862780518e-02
2.999935739863337364e-02
2.999935739863053216e-02
2.999935739863775208e-02
2.999935739862938724e-02
2.999935739863276649e-02
2.999935739863302323e-02
2.999935739863151402e-02
2.999935739862907152e-02
2.999935739862598025e-02
2.999935739862927969e-02
2.999935739863165973e-02
2.999935739862759701e-02
2.999935739862978623e-02
2.999935739863031012e-02
2.999935739863234668e-02
2.999935739863188178e-02
2.999935739862876968e-02
2.999935739863177422e-02
2.999935739862951908e-02
2.999935739863099707e-02
2.999935739863216974e-02
2.999935739863288445e-02
2.999935739862938031e-02
2.999935739863000828e-02
2.999935739863105258e-02
2.999935739863285669e-02
2.999935739863085482e-02
2.999935739863137871e-02
2.999935739862963011e-02
2.999935739863108380e-02
2.999935739863278036e-02
2.999935739863271444e-02
2.999935739863211770e-02
2.999935739863122258e-02
2.999935739862889111e-02
2.999935739863175688e-02
2.999935739863069176e-02
2.999935739863007073e-02
2.999935739862986603e-02
2.999935739863223566e-02
2.999935739863047318e-02
2.999935739862999787e-02
2.999935739862984868e-02
2.999935739862921030e-02
2.999935739862804457e-02
2.999935739863010889e-02
2.999935739862807579e-02
2.999935739863199280e-02
2.999935739863107687e-02
2.999935739863120177e-02
2.999935739863055992e-02
2.999935739863142034e-02
2.999935739863147932e-02
2.999935739863093115e-02
2.999935739863087911e-02
2.999935739863014011e-02
2.999935739863137524e-02
2.999935739862901601e-02
2.999935739863031012e-02
2.999935739862838804e-02
2.999935739862952602e-02
2.999935739862748252e-02
2.999935739862533840e-02
2.999935739862747558e-02
2.999935739862647985e-02
2.999935739862515105e-02
2.999935739862556044e-02
2.999935739862651801e-02
2.999935739862485962e-02
2.999935739862627862e-02
2.999935739862523432e-02
2.999935739862824580e-02
2.999935739862728129e-02
2.999935739863073686e-02
2.999935739863140993e-02
2.999935739862729517e-02
2.999935739862855458e-02
2.999935739863041073e-02
2.999935739862948786e-02
2.999935739862923112e-02
2.999935739862942541e-02
2.999935739862542514e-02
2.999935739862739231e-02
2.999935739862887724e-02
2.999935739862630638e-02
2.999935739862847478e-02
2.999935739862931786e-02
2.999935739862726741e-02
2.999935739862783987e-02
2.999935739862480757e-02
2.999935739862447104e-02
2.999935739862503656e-02
2.999935739862328449e-02
2.999935739862349265e-02
2.999935739862558820e-02
2.999935739862574779e-02
2.999935739862544248e-02
2.999935739862384654e-02
2.999935739862383266e-02
2.999935739862507472e-02
2.999935739862499839e-02
2.999935739862481798e-02
2.999935739862474859e-02
2.999935739862794742e-02
2.999935739862576167e-02
2.999935739862477288e-02
2.999935739862364184e-02
2.999935739862243794e-02
2.999935739862604617e-02
2.999935739862555004e-02
2.999935739862553963e-02
2.999935739862476941e-02
2.999935739862443287e-02
2.999935739862360021e-02
2.999935739862301040e-02
2.999935739862126180e-02
2.999935739861979422e-02
2.999935739861906217e-02
2.999935739861885053e-02
2.999935739861944728e-02
2.999935739861733439e-02
2.999935739861127673e-02
2.999935739861142939e-02
2.999935739861141204e-02
2.999935739860949691e-02
2.999935739860327272e-02
2.999935739860611766e-02
2.999935739860978834e-02
2.999935739861019079e-02
2.999935739860914996e-02
2.999935739861441658e-02
2.999935739861408351e-02
2.999935739861336881e-02
2.999935739861261941e-02
2.999935739861355616e-02
2.999935739862245182e-02
2.999935739862276754e-02
2.999935739862595943e-02
2.999935739862315612e-02
2.999935739862301040e-02
2.999935739862361062e-02
2.999935739862676434e-02
2.999935739862807926e-02
2.999935739863378997e-02
2.999935739863392875e-02
2.999935739863242301e-02
2.999935739862991807e-02
2.999935739863016093e-02
2.999935739862749640e-02
2.999935739862741313e-02
2.999935739862891193e-02
2.999935739862839845e-02
2.999935739862599759e-02
2.999935739862735415e-02
2.999935739863281159e-02
2.999935739863296424e-02
2.999935739863326609e-02
2.999935739863293649e-02
2.999935739863429651e-02
2.999935739863001521e-02
2.999935739863233281e-02
2.999935739863357487e-02
2.999935739863412304e-02
2.999935739863100054e-02
2.999935739863459142e-02
2.999935739863636083e-02
2.999935739863635042e-02
2.999935739863567388e-02
2.999935739863508408e-02
2.999935739863383508e-02
2.999935739863320711e-02
2.999935739863279424e-02
2.999935739863648920e-02
2.999935739863479264e-02
2.999935739863370671e-02
2.999935739863356099e-02
2.999935739863489326e-02
2.999935739863503897e-02
2.999935739863585082e-02
2.999935739863313425e-02
2.999935739863444917e-02
2.999935739863773473e-02
2.999935739863521938e-02
2.999935739863618389e-02
2.999935739863744677e-02
2.999935739863708595e-02
2.999935739863706860e-02
2.999935739863709636e-02
2.999935739863536163e-02
2.999935739863712064e-02
2.999935739863703738e-02
2.999935739863651349e-02
2.999935739863737044e-02
2.999935739863415773e-02
2.999935739863643369e-02
2.999935739863553164e-02
2.999935739863754044e-02
2.999935739863552817e-02
2.999935739863642675e-02
2.999935739863491060e-02
2.999935739863706860e-02
2.999935739863587511e-02
2.999935739863600001e-02
2.999935739863792208e-02
2.999935739863783188e-02
2.999935739863603471e-02
2.999935739863825515e-02
2.999935739863849801e-02
2.999935739863963599e-02
2.999935739864009049e-02
2.999935739864214787e-02
2.999935739864165521e-02
2.999935739863968109e-02
2.999935739863946252e-02
2.999935739863829331e-02
2.999935739864054152e-02
2.999935739863994477e-02
2.999935739864103418e-02
2.999935739864093703e-02
2.999935739864000028e-02
2.999935739863857434e-02
2.999935739863992396e-02
2.999935739863846679e-02
2.999935739863859516e-02
2.999935739864066989e-02
2.999935739863867495e-02
2.999935739863754044e-02
2.999935739863772433e-02
2.999935739863946599e-02
2.999935739863771739e-02
2.999935739863865414e-02
2.999935739863845291e-02
2.999935739863836617e-02
2.999935739863858128e-02
2.999935739863889700e-02
2.999935739863865414e-02
2.999935739863806086e-02
2.999935739863983722e-02
2.999935739863793943e-02
2.999935739863867495e-02
2.999935739863852924e-02
2.999935739863769657e-02
2.999935739863786657e-02
2.999935739863843209e-02
2.999935739863961170e-02
2.999935739863741901e-02
2.999935739863773126e-02
2.999935739863630532e-02
2.999935739863583348e-02
2.999935739863689166e-02
2.999935739863695064e-02
2.999935739863585082e-02
2.999935739863788392e-02
2.999935739863647186e-02
2.999935739863703738e-02
2.999935739863554551e-02
2.999935739863555245e-02
2.999935739863574674e-02
2.999935739863540674e-02
2.999935739863690554e-02
2.999935739863644410e-02
2.999935739863677717e-02
2.999935739863450468e-02
2.999935739863581613e-02
2.999935739863593756e-02
2.999935739863594103e-02
2.999935739863595838e-02
2.999935739863841128e-02
2.999935739863995171e-02
2.999935739863814066e-02
2.999935739863720738e-02
2.999935739863804005e-02
2.999935739863685003e-02
2.999935739863834536e-02
2.999935739863790821e-02
2.999935739864008702e-02
2.999935739863959436e-02
2.999935739864194317e-02
2.999935739864188072e-02
2.999935739864036111e-02
2.999935739864234216e-02
2.999935739864223808e-02
2.999935739864241502e-02
2.999935739864210624e-02
2.999935739864273421e-02
2.999935739864193623e-02
2.999935739864276890e-02
2.999935739864389300e-02
2.999935739864331014e-02
2.999935739864244277e-02
2.999935739864613427e-02
2.999935739864683856e-02
2.999935739864436138e-02
2.999935739864616202e-02
2.999935739864451056e-02
2.999935739864506221e-02
2.999935739864288686e-02
2.999935739864303605e-02
2.999935739864276196e-02
2.999935739864275502e-02
2.999935739864651937e-02
2.999935739864684203e-02
2.999935739864615855e-02
2.999935739864652978e-02
2.999935739864729306e-02
2.999935739864752204e-02
2.999935739864584977e-02
2.999935739864528425e-02
2.999935739864576650e-02
2.999935739864522180e-02
2.999935739864460771e-02
2.999935739863949027e-02
2.999935739863739820e-02
2.999935739863541020e-02
2.999935739863487244e-02
2.999935739863533735e-02
2.999935739863574674e-02
2.999935739863451856e-02
2.999935739863295731e-02
2.999935739863129544e-02
2.999935739862994583e-02
2.999935739862970643e-02
2.999935739863091033e-02
2.999935739862793355e-02
2.999935739863371018e-02
2.999935739863404671e-02
2.999935739863420631e-02
2.999935739863579531e-02
2.999935739863707207e-02
2.999935739863869577e-02
2.999935739863809209e-02
2.999935739863822740e-02
2.999935739863829331e-02
2.999935739863952150e-02
2.999935739864108275e-02
2.999935739863978518e-02
2.999935739864073581e-02
2.999935739863999681e-02
2.999935739863832107e-02
2.999935739863707554e-02
2.999935739863635042e-02
2.999935739863689513e-02
2.999935739863651349e-02
2.999935739863665574e-02
2.999935739863846679e-02
2.999935739863909823e-02
2.999935739864133949e-02
2.999935739864129092e-02
2.999935739864198481e-02
2.999935739864537793e-02
2.999935739864793838e-02
2.999935739864571099e-02
2.999935739864621406e-02
2.999935739864702938e-02
2.999935739864565548e-02
2.999935739864309503e-02
2.999935739864351830e-02
2.999935739864172460e-02
2.999935739864171072e-02
2.999935739864149908e-02
2.999935739863933415e-02
2.999935739863853271e-02
2.999935739863669043e-02
2.999935739863724554e-02
2.999935739863730799e-02
2.999935739863728024e-02
2.999935739864013906e-02
2.999935739863982334e-02
2.999935739864217910e-02
2.999935739864185297e-02
2.999935739864265441e-02
2.999935739864226236e-02
2.999935739864340728e-02
2.999935739864369871e-02
2.999935739864409770e-02
2.999935739864382708e-02
2.999935739864284523e-02
2.999935739864132908e-02
2.999935739863906353e-02
2.999935739863791861e-02
2.999935739863815454e-02
2.999935739863766881e-02
2.999935739863866455e-02
2.999935739864127010e-02
2.999935739864216522e-02
2.999935739864189807e-02
2.999935739864167950e-02
2.999935739864181827e-02
2.999935739863984763e-02
2.999935739863920231e-02
2.999935739863904618e-02
2.999935739863948334e-02
2.999935739863940354e-02
2.999935739864232828e-02
2.999935739864238032e-02
2.999935739864340728e-02
2.999935739864190154e-02
2.999935739864177317e-02
2.999935739864094744e-02
2.999935739864021192e-02
2.999935739863850148e-02
2.999935739863892822e-02
2.999935739863890047e-02
2.999935739863798106e-02
2.999935739863850495e-02
2.999935739863928905e-02
2.999935739864010784e-02
2.999935739863989967e-02
2.999935739864004886e-02
2.999935739864061091e-02
2.999935739864089887e-02
2.999935739864135684e-02
2.999935739864072887e-02
2.999935739864043743e-02
2.999935739863975048e-02
2.999935739863942435e-02
2.999935739863956313e-02
2.999935739863867495e-02
2.999935739863848067e-02
2.999935739863833495e-02
2.999935739863830372e-02
2.999935739863915374e-02
2.999935739863849454e-02
2.999935739863774861e-02
2.999935739863679451e-02
2.999935739863746412e-02
2.999935739863687778e-02
2.999935739863708248e-02
2.999935739863706513e-02
2.999935739863771739e-02
2.999935739863787351e-02
2.999935739863792902e-02
2.999935739863843556e-02
2.999935739863881026e-02
2.999935739863839046e-02
2.999935739863791861e-02
2.999935739863771045e-02
2.999935739863773473e-02
2.999935739863792555e-02
2.999935739863726289e-02
2.999935739863678411e-02
2.999935739863672166e-02
2.999935739863681186e-02
2.999935739863653084e-02
2.999935739863771045e-02
2.999935739863753698e-02
2.999935739863702003e-02
2.999935739863707901e-02
2.999935739863687778e-02
2.999935739863803658e-02
2.999935739863811637e-02
2.999935739863848067e-02
2.999935739863829678e-02
2.999935739863855352e-02
2.999935739863827250e-02
2.999935739863991355e-02
2.999935739864062131e-02
2.999935739864059703e-02
2.999935739864062478e-02
2.999935739864070111e-02
2.999935739863972620e-02
2.999935739864029172e-02
2.999935739864029866e-02
2.999935739864068376e-02
2.999935739864071499e-02
2.999935739864034029e-02
2.999935739863938966e-02
2.999935739863981293e-02
2.999935739863982681e-02
2.999935739863934803e-02
2.999935739863907394e-02
2.999935739863968803e-02
2.999935739863906006e-02
2.999935739863840434e-02
2.999935739863898720e-02
2.999935739863884496e-02
2.999935739863849107e-02
2.999935739863887965e-02
2.999935739863943129e-02
2.999935739863951803e-02
2.999935739863977824e-02
2.999935739863764453e-02
2.999935739863940701e-02
2.999935739864029866e-02
2.999935739864001763e-02
2.999935739864009743e-02
2.999935739864009049e-02
2.999935739863887618e-02
2.999935739863937231e-02
2.999935739864058662e-02
2.999935739864071499e-02
2.999935739864064907e-02
2.999935739864133949e-02
2.999935739863996559e-02
2.999935739864142970e-02
2.999935739864271686e-02
2.999935739864304993e-02
2.999935739864317830e-02
2.999935739864505874e-02
2.999935739864426770e-02
2.999935739864367443e-02
2.999935739864311932e-02
2.999935739864350789e-02
2.999935739864478465e-02
2.999935739864136724e-02
2.999935739863961517e-02
2.999935739863938966e-02
2.999935739863952497e-02
2.999935739864031600e-02
2.999935739863891782e-02
2.999935739863960477e-02
2.999935739863874434e-02
2.999935739863850495e-02
2.999935739863858475e-02
2.999935739863979559e-02
2.999935739863985457e-02
2.999935739864347320e-02
2.999935739864300829e-02
2.999935739864325462e-02
2.999935739864290074e-02
2.999935739864048601e-02
2.999935739864019457e-02
2.999935739864028478e-02
2.999935739863979905e-02
2.999935739863960477e-02
2.999935739863788392e-02
2.999935739864077397e-02
2.999935739863970885e-02
2.999935739864066295e-02
2.999935739864072193e-02
2.999935739863851536e-02
2.999935739863884843e-02
2.999935739863676676e-02
2.999935739863556633e-02
2.999935739863527490e-02
2.999935739863635042e-02
2.999935739863583695e-02
2.999935739863745371e-02
2.999935739863798453e-02
2.999935739863821005e-02
2.999935739863791861e-02
2.999935739863819617e-02
2.999935739863891088e-02
2.999935739864018763e-02
2.999935739864042356e-02
2.999935739864096479e-02
2.999935739864127704e-02
2.999935739864009743e-02
2.999935739863960477e-02
2.999935739863963946e-02
2.999935739864095091e-02
2.999935739864091622e-02
2.999935739863787698e-02
2.999935739863837658e-02
2.999935739863869924e-02
2.999935739863867495e-02
2.999935739863898027e-02
2.999935739863950068e-02
2.999935739863872700e-02
2.999935739863819964e-02
2.999935739863892475e-02
2.999935739863910170e-02
2.999935739863864026e-02
2.999935739863837311e-02
2.999935739863777984e-02
2.999935739863714146e-02
2.999935739863628797e-02
2.999935739863623940e-02
2.999935739863809903e-02
2.999935739863685696e-02
2.999935739863714146e-02
2.999935739863648226e-02
2.999935739863493489e-02
2.999935739863588899e-02
2.999935739863190606e-02
2.999935739863262424e-02
2.999935739862962664e-02
2.999935739863085135e-02
2.999935739862907152e-02
2.999935739862761436e-02
2.999935739862827008e-02
2.999935739863010889e-02
2.999935739863226342e-02
2.999935739863300935e-02
2.999935739863186790e-02
2.999935739863443529e-02
2.999935739863222525e-02
2.999935739863294343e-02
2.999935739863184014e-02
2.999935739863289832e-02
2.999935739863365813e-02
2.999935739863205178e-02
2.999935739863297118e-02
2.999935739863266587e-02
2.999935739863142381e-02
2.999935739863169096e-02
2.999935739863141687e-02
2.999935739863207260e-02
2.999935739863263118e-02
2.999935739863288098e-02
2.999935739863261383e-02
2.999935739863139258e-02
2.999935739863315506e-02
2.999935739863226689e-02
2.999935739863184014e-02
2.999935739863136136e-02
2.999935739863094156e-02
2.999935739863194076e-02
2.999935739863361997e-02
2.999935739863366854e-02
2.999935739863231893e-02
2.999935739863306139e-02
2.999935739863250281e-02
2.999935739863182627e-02
2.999935739863088952e-02
2.999935739863114625e-02
2.999935739863012971e-02
2.999935739863091727e-02
2.999935739863019563e-02
2.999935739863161810e-02
2.999935739863230852e-02
2.999935739863203443e-02
2.999935739863091727e-02
2.999935739863209341e-02
2.999935739863218362e-02
2.999935739863131279e-02
2.999935739863206219e-02
2.999935739863110462e-02
2.999935739863012277e-02
2.999935739863143422e-02
2.999935739863075421e-02
2.999935739862904030e-02
2.999935739863055992e-02
2.999935739863148279e-02
2.999935739863105605e-02
2.999935739863086870e-02
2.999935739862909581e-02
2.999935739863116013e-02
2.999935739863012624e-02
2.999935739862953643e-02
2.999935739863124687e-02
2.999935739863119830e-02
2.999935739862967521e-02
2.999935739862963704e-02
2.999935739863149320e-02
2.999935739863129891e-02
2.999935739863017134e-02
2.999935739863168749e-02
2.999935739863061543e-02
2.999935739863246464e-02
2.999935739863188178e-02
2.999935739863204831e-02
2.999935739863165279e-02
2.999935739862994583e-02
2.999935739863195117e-02
2.999935739863260342e-02
2.999935739863177075e-02
2.999935739863179851e-02
2.999935739863028930e-02
2.999935739863265546e-02
2.999935739863152789e-02
2.999935739863117748e-02
2.999935739863234321e-02
2.999935739863151402e-02
2.999935739863263118e-02
2.999935739863035175e-02
2.999935739862961276e-02
2.999935739863066053e-02
2.999935739862811396e-02
2.999935739862807232e-02
2.999935739862932826e-02
2.999935739862934908e-02
2.999935739862987297e-02
2.999935739862821110e-02
2.999935739862969949e-02
2.999935739862663597e-02
2.999935739862642781e-02
2.999935739863029624e-02
2.999935739863139952e-02
2.999935739862973419e-02
2.999935739863478917e-02
2.999935739863303016e-02
2.999935739863346038e-02
2.999935739863408488e-02
2.999935739863589593e-02
2.999935739863133013e-02
2.999935739863127809e-02
2.999935739863267975e-02
2.999935739863289832e-02
2.999935739863437978e-02
2.999935739863477183e-02
2.999935739863671819e-02
2.999935739863962905e-02
2.999935739863991702e-02
2.999935739863871659e-02
2.999935739863746065e-02
2.999935739864186685e-02
2.999935739864086071e-02
2.999935739863971579e-02
2.999935739864301523e-02
2.999935739864107581e-02
2.999935739864154766e-02
2.999935739863984069e-02
2.999935739863923700e-02
2.999935739864082601e-02
2.999935739864000722e-02
2.999935739864004539e-02
2.999935739863591327e-02
2.999935739863965334e-02
2.999935739863836270e-02
2.999935739863776596e-02
2.999935739863975395e-02
2.999935739864117296e-02
2.999935739864308115e-02
2.999935739864623141e-02
2.999935739864513506e-02
2.999935739864512813e-02
2.999935739864902778e-02
2.999935739865046413e-02
2.999935739864649509e-02
2.999935739864640488e-02
2.999935739864641876e-02
2.999935739864732429e-02
2.999935739864331014e-02
2.999935739864195011e-02
2.999935739864327544e-02
2.999935739864205420e-02
2.999935739864165174e-02
2.999935739864494078e-02
2.999935739864526343e-02
2.999935739864829226e-02
2.999935739865014495e-02
2.999935739864985698e-02
2.999935739864682122e-02
2.999935739864949269e-02
2.999935739865120660e-02
2.999935739865292744e-02
2.999935739865259091e-02
2.999935739865270193e-02
2.999935739865417644e-02
2.999935739865829815e-02
2.999935739866037981e-02
2.999935739865913775e-02
2.999935739865945000e-02
2.999935739866106676e-02
2.999935739865825998e-02
2.999935739865718792e-02
2.999935739865839529e-02
2.999935739865808304e-02
2.999935739866171208e-02
2.999935739866332191e-02
2.999935739866271128e-02
2.999935739866616685e-02
2.999935739866776280e-02
2.999935739866850179e-02
2.999935739866881404e-02
2.999935739866668727e-02
2.999935739866808199e-02
2.999935739866960854e-02
2.999935739866694401e-02
2.999935739867350473e-02
2.999935739867061468e-02
2.999935739867684581e-02
2.999935739867744255e-02
2.999935739867697765e-02
2.999935739867588130e-02
2.999935739867418821e-02
2.999935739867404944e-02
2.999935739867099632e-02
2.999935739867128776e-02
2.999935739867171103e-02
2.999935739867126000e-02
2.999935739867568008e-02
2.999935739867540252e-02
2.999935739867582232e-02
2.999935739867624906e-02
2.999935739867444148e-02
2.999935739867456291e-02
2.999935739867469475e-02
2.999935739867137796e-02
2.999935739867290452e-02
2.999935739867052448e-02
2.999935739867260615e-02
2.999935739867346657e-02
2.999935739867836543e-02
2.999935739867932299e-02
2.999935739867745643e-02
2.999935739867701928e-02
2.999935739867663417e-02
2.999935739867730725e-02
2.999935739867694989e-02
2.999935739867874707e-02
2.999935739867846604e-02
2.999935739868102302e-02
2.999935739867934381e-02
2.999935739867735235e-02
2.999935739867581538e-02
2.999935739867726214e-02
2.999935739867851808e-02
2.999935739867624213e-02
2.999935739867360882e-02
2.999935739867066672e-02
2.999935739867149592e-02
2.999935739867108306e-02
2.999935739867253676e-02
2.999935739867109347e-02
2.999935739867178389e-02
2.999935739867222451e-02
2.999935739867349779e-02
2.999935739867246043e-02
2.999935739867264431e-02
2.999935739867595069e-02
2.999935739867351514e-02
2.999935739867330003e-02
2.999935739867331391e-02
2.999935739867667928e-02
2.999935739867479190e-02
2.999935739867323758e-02
2.999935739867264778e-02
2.999935739867340065e-02
2.999935739867091999e-02
2.999935739867157225e-02
2.999935739867063897e-02
2.999935739866989998e-02
2.999935739867131204e-02
2.999935739867091999e-02
2.999935739867184634e-02
2.999935739867076734e-02
2.999935739866963630e-02
2.999935739866567072e-02
2.999935739866906731e-02
2.999935739866849138e-02
2.999935739866831791e-02
2.999935739866924772e-02
2.999935739867128082e-02
2.999935739867224532e-02
2.999935739867130857e-02
2.999935739867431658e-02
2.999935739867178736e-02
2.999935739867239798e-02
2.999935739867050019e-02
2.999935739866962242e-02
2.999935739866972650e-02
2.999935739866861975e-02
2.999935739866984100e-02
2.999935739866979936e-02
2.999935739867124612e-02
2.999935739867137449e-02
2.999935739866927201e-02
2.999935739866984447e-02
2.999935739866960854e-02
2.999935739867053489e-02
2.999935739867258186e-02
2.999935739867131204e-02
2.999935739867043427e-02
2.999935739867207879e-02
2.999935739867035794e-02
2.999935739866804035e-02
2.999935739866872036e-02
2.999935739866887996e-02
2.999935739867284554e-02
2.999935739867028162e-02
2.999935739867091999e-02
2.999935739867200940e-02
2.999935739866977508e-02
2.999935739867157225e-02
2.999935739867029896e-02
2.999935739867452128e-02
2.999935739867080550e-02
2.999935739867139531e-02
2.999935739867308840e-02
2.999935739867037182e-02
2.999935739867667928e-02
2.999935739867112122e-02
2.999935739867207879e-02
2.999935739867117326e-02
2.999935739867216206e-02
2.999935739867059387e-02
2.999935739867094428e-02
2.999935739867120102e-02
2.999935739866739504e-02
2.999935739866711748e-02
2.999935739866617379e-02
2.999935739866480683e-02
2.999935739867029549e-02
2.999935739866868220e-02
2.999935739867179429e-02
2.999935739866622930e-02
2.999935739866652074e-02
2.999935739867003875e-02
2.999935739866740891e-02
2.999935739866789117e-02
2.999935739866844975e-02
2.999935739867157572e-02
2.999935739866834566e-02
2.999935739867328963e-02
2.999935739867301554e-02
2.999935739867203022e-02
2.999935739866805770e-02
2.999935739867133286e-02
2.999935739867225573e-02
2.999935739867301554e-02
2.999935739866889384e-02
2.999935739867353249e-02
2.999935739867726561e-02
2.999935739867862217e-02
2.999935739867396270e-02
2.999935739867458373e-02
2.999935739867530191e-02
2.999935739866971263e-02
2.999935739867366780e-02
2.999935739867193654e-02
2.999935739867162082e-02
2.999935739867310575e-02
2.999935739866823811e-02
2.999935739867498619e-02
2.999935739867783113e-02
2.999935739867366086e-02
2.999935739867664805e-02
2.999935739867511802e-02
2.999935739867526374e-02
2.999935739867781032e-02
2.999935739867560722e-02
2.999935739867592294e-02
2.999935739867530884e-02
2.999935739867514925e-02
2.999935739867463577e-02
2.999935739867328269e-02
2.999935739867224185e-02
2.999935739867073611e-02
2.999935739867090265e-02
2.999935739867119061e-02
2.999935739867330697e-02
2.999935739867251941e-02
2.999935739867256451e-02
