3.008573617315891957e-02
3.958845504717180575e+01
3.129078029706174746e+01
9.587259055276120989e+01
1.206356849878672364e+02
2.025489445103926016e+02
2.654664989006149654e+02
3.637106768905919125e+02
4.666444852706940196e+02
5.826911752450553195e+02
7.271762090478484879e+02
8.634297347211356737e+02
1.051035513239783313e+03
1.210183778115335826e+03
1.442570283670965864e+03
1.628438108429209933e+03
1.906742408471148792e+03
2.122661177414345730e+03
2.450195064737300072e+03
2.698199737242498486e+03
3.076901331913203649e+03
3.360649559483612393e+03
3.791807116888338896e+03
4.113887146880609180e+03
4.598871799117709088e+03
4.964931146607097617e+03
5.502221614747943931e+03
5.909690406750931288e+03
6.508767920153348314e+03
6.960229785533781978e+03
7.608767546810843669e+03
8.109414295611526541e+03
8.813813219605526683e+03
9.349740983982332182e+03
1.011001379817043380e+04
1.068303751995563653e+04
1.149098512962020322e+04
1.209319646025497241e+04
1.294593763929846136e+04
1.357827357242795915e+04
1.445680768604251716e+04
1.510361793788754403e+04
1.601851275874994644e+04
1.665226229010651878e+04
1.758001062281666964e+04
1.820639479923984982e+04
1.911832725884299725e+04
1.970920584690909527e+04
2.057137993069214644e+04
2.114139842716074781e+04
2.192837615428486242e+04
2.242716283113130703e+04
2.313112583430991072e+04
2.350869653792995814e+04
2.409383537677114509e+04
2.434320467437170737e+04
2.478650842463998924e+04
2.484338490058263415e+04
2.511037038043791108e+04
2.496123649669382576e+04
2.501253996606105284e+04
2.464897456923134814e+04
2.441213197478911025e+04
2.380625800008189981e+04
2.329370667981984661e+04
2.239804869146727287e+04
2.157748799424725075e+04
2.043139257470210214e+04
1.929113775754909875e+04
1.790669143217042438e+04
1.644362792847351011e+04
1.485943039780916115e+04
1.315753230440657535e+04
1.141194735856905390e+04
9.586867450311190623e+03
7.806008408793172748e+03
6.005393013841116044e+03
4.373669810982415584e+03
2.813287188615871855e+03
1.608082176527785577e+03
6.025032264666094761e+02
1.907740081771022460e+02
1.747872648428134141e+02
1.056173160447202008e+03
2.610322843892322453e+03
5.447987495022980511e+03
9.331382600763239680e+03
1.498585831865487125e+04
2.218222105705336071e+04
3.177170605449089999e+04
4.353168359438238986e+04
5.843051648339358508e+04
7.634334683230769588e+04
9.831217368270996667e+04
1.244122182089207490e+05
1.555282521340278909e+05
1.921819015204215539e+05
2.353024042896970059e+05
2.854809515964941238e+05
3.439442045755041181e+05
4.110299107504498679e+05
4.889568756739486707e+05
5.772344901925971499e+05
6.795760839941849699e+05
7.945648654540664284e+05
9.267809747115640203e+05
1.074007774132653372e+06
1.243415116685752058e+06
1.432100094173297985e+06
1.645065201529747806e+06
1.882349943276618840e+06
2.151128082204168197e+06
2.446243791345652658e+06
2.780682263342753518e+06
3.148777505282252096e+06
3.559892535588596016e+06
4.014680369164422154e+06
4.517626472578560933e+06
5.075384967333914712e+06
5.684263711470859125e+06
6.365235524296743795e+06
7.104426245321628638e+06
7.921270735416095704e+06
8.818932598572514951e+06
9.788617958513695747e+06
1.087221412490637973e+07
1.202507152041823789e+07
1.331764618325457908e+07
1.468667943695955910e+07
1.620520195972754061e+07
1.783958451792477071e+07
1.963539469134100527e+07
2.154265684656450525e+07
2.364412724890347943e+07
2.588707964713049680e+07
2.832693326643747464e+07
3.093562671288365498e+07
3.380059052155780047e+07
3.680528989677334577e+07
4.009546721670096368e+07
4.358435925142874569e+07
4.735837819122864306e+07
5.133744112868231535e+07
5.566504711659754813e+07
6.022172629247725010e+07
6.513132438661524653e+07
7.033758285135786235e+07
7.586630414394126832e+07
8.167913112598484755e+07
8.795501134494462609e+07
9.451063164000912011e+07
1.015440027173884660e+08
1.088556084714388996e+08
1.166730636889313161e+08
1.247807361221459955e+08
1.333532345303252786e+08
1.423741697245151699e+08
1.517538157150346935e+08
1.617316670848280191e+08
1.719593722091261148e+08
1.827496652874377966e+08
1.938124215882079005e+08
2.054369289028060734e+08
2.175479293576140702e+08
2.297662147449540198e+08
2.427632116619775593e+08
2.556737086468919218e+08
2.695594437024655342e+08
2.830470761449317336e+08
2.972198060253238082e+08
3.116526205894914865e+08
3.261503223437559009e+08
3.409925005334935784e+08
3.554654821655469537e+08
3.704499620934056044e+08
3.852661560735601783e+08
3.995974894536761045e+08
4.142625464879977107e+08
4.282306478700767159e+08
4.419932840576807261e+08
4.552371678171955943e+08
4.676247447411716580e+08
4.793630442094581127e+08
4.902793118866522908e+08
5.004860315506522059e+08
5.086402169837803841e+08
5.163382161790789962e+08
5.224966722881435156e+08
5.261657950874884725e+08
5.293819955794368982e+08
5.295455282768108845e+08
5.290946888763944507e+08
5.238259265149248242e+08
5.196141995859759450e+08
5.090814562976623178e+08
5.000709354773914218e+08
4.840515481117752790e+08
4.698002307598143816e+08
4.482817467344335318e+08
4.283305272675918937e+08
4.010935177020632029e+08
3.759042844763767719e+08
3.437469511579929590e+08
3.134829483852745891e+08
2.775081771229771972e+08
2.438248024481299520e+08
2.058769423962541223e+08
1.704528987685520351e+08
1.333571062463236153e+08
9.988020866580778360e+07
6.754078372668501735e+07
4.080964740476948768e+07
1.887862906994420663e+07
5.528991207458082587e+06
1.856264456851580180e+06
1.073976239989767596e+07
3.577834687842608988e+07
7.859380977132162452e+07
1.459925039929488003e+08
2.380358329346862435e+08
3.651174468735656738e+08
5.260213393662731647e+08
7.350033879258815050e+08
9.897966266107726097e+08
1.308749506156316996e+09
1.686412312077204227e+09
2.152468304539301872e+09
2.691269409654053688e+09
3.346660083240175724e+09
4.092907018477389812e+09
4.988827143071283340e+09
6.003919880266689301e+09
7.201038550862513542e+09
8.560724578576219559e+09
1.012858904756111908e+10
1.191175161024469757e+10
1.395607143169684601e+10
1.625534733561339951e+10
1.888449819449804306e+10
2.181200187786359787e+10
2.515673702115862274e+10
2.888271726874238586e+10
3.306260999815516663e+10
3.775004767863319397e+10
4.295820725578921509e+10
4.879486163787178040e+10
5.521481690979350281e+10
6.244094697783228302e+10
7.031463650511656189e+10
7.918176909687530518e+10
8.881581158912530518e+10
9.956769614353233337e+10
1.112923367609162750e+11
1.242986877907362671e+11
1.383708203638459473e+11
1.541616619594110107e+11
1.708595837515212097e+11
1.897594426106332397e+11
2.097424440174779358e+11
2.321614003831172791e+11
2.558505183829837646e+11
2.824125217074772949e+11
3.102577226417090454e+11
3.416199618191942139e+11
3.741553390372019043e+11
4.112181866861316528e+11
4.489108630674666748e+11
4.919081471445464478e+11
5.360941513767582397e+11
5.859765056290635986e+11
6.369638484099622803e+11
6.939657381072321777e+11
7.529950210220649414e+11
8.184343388057355957e+11
8.860713853202390137e+11
9.605453692146783447e+11
1.037960749617366211e+12
1.121522670762631104e+12
1.210390813987719238e+12
1.303812768957592773e+12
1.405480414382703857e+12
1.508971089633105713e+12
1.623192296524677734e+12
1.739931555657424561e+12
1.865170085557184570e+12
1.996374240157278809e+12
2.134806223469054932e+12
2.278965345802641602e+12
2.432103124606422852e+12
2.590363097684022949e+12
2.756148420316135742e+12
2.928289801571590820e+12
3.109431971340881836e+12
3.295437019677764160e+12
3.489844241757165527e+12
3.690424941669356934e+12
3.894512183538625000e+12
4.111041871111812500e+12
4.325372762008000977e+12
4.555937391807475586e+12
4.774965468809598633e+12
5.011779267386096680e+12
5.243200663222017578e+12
5.486119887089275391e+12
5.720045455403514648e+12
5.963236433932984375e+12
6.199683216717033203e+12
6.436972432145119141e+12
6.671935723691588867e+12
6.905453344278271484e+12
7.120766909980764648e+12
7.341930697422816406e+12
7.540972808346111328e+12
7.735534800947562500e+12
7.916598376809084961e+12
8.075682225174541016e+12
8.230597754033838867e+12
8.339844993242567383e+12
8.457425167051558594e+12
8.522027460073804688e+12
8.572275571889091797e+12
8.582335365537958008e+12
8.571208101285502930e+12
8.510183136391073242e+12
8.425741093504716797e+12
8.287257922014049805e+12
8.121160558664902344e+12
7.889660917784080078e+12
7.643818390178657227e+12
7.319378585766313477e+12
6.982127126079646484e+12
6.570227952771046875e+12
6.147992668390615234e+12
5.650279077289391602e+12
5.144308024343187500e+12
4.586761439155084961e+12
4.021751655787297363e+12
3.426678871209975586e+12
2.838879991638551758e+12
2.247465744438708984e+12
1.688026439751373291e+12
1.167845406166625732e+12
7.132426299606459961e+11
3.510749046759666748e+11
1.094551354891301117e+11
2.679407965445092773e+10
1.425794362120843506e+11
5.018007693761996460e+11
1.164519276946081543e+12
2.179450242018352051e+12
3.635020035024074219e+12
5.582850267924342773e+12
8.145062911531528320e+12
1.137916462670370312e+13
1.544523033854873242e+13
2.040566170368052734e+13
2.646362670400591016e+13
3.373064379176392969e+13
4.238779086035022656e+13
5.260696952889728906e+13
6.468337650780382812e+13
7.865331920850065625e+13
9.506291363634351562e+13
1.138788264419185781e+14
1.357217907087418750e+14
1.604408889103823750e+14
1.891927118323507500e+14
2.212272503040490625e+14
2.585308479251967812e+14
2.998785765716487500e+14
3.472271633806756875e+14
3.998873175463429375e+14
4.600380916643425000e+14
5.261230513266853750e+14
6.016966388611421250e+14
6.837883971449525000e+14
7.783748728333518750e+14
8.801256895448881250e+14
9.966688548224506250e+14
1.121758429337862125e+15
1.264421224736825250e+15
1.418564559730928000e+15
1.590077335388341500e+15
1.777471199814049000e+15
1.986338303582084500e+15
2.211601962381278750e+15
2.461736066064134000e+15
2.734513163219363500e+15
3.031148764201481000e+15
3.359446166791308000e+15
3.710295362487233000e+15
4.098170045009438000e+15
4.515639001747089000e+15
4.973556161195478000e+15
5.465089969360877000e+15
5.999822887103555000e+15
6.582415600831798000e+15
7.199860927077453000e+15
7.876254048619332000e+15
8.601257048073708000e+15
9.382535605455910000e+15
1.021961877240033000e+16
1.112651589448775400e+16
1.208396850420050600e+16
1.312942827843110600e+16
1.421667582512075200e+16
1.541855208213227200e+16
1.665742948738047000e+16
1.802311966069270000e+16
1.942940680222423600e+16
2.095621011621656800e+16
2.255780075856620800e+16
2.426886573342628400e+16
2.607608742317646400e+16
2.795647119526768000e+16
2.999328870287982000e+16
3.208848859192520400e+16
3.435256137515832800e+16
3.664348374240617600e+16
3.913906584552344800e+16
4.166190538300004800e+16
4.438071327451120000e+16
4.713801635775438400e+16
5.006401560151983200e+16
5.306768396396495200e+16
5.623142410377153600e+16
5.942545046486753600e+16
6.282023475677440800e+16
6.621325113384892000e+16
6.977749900500609600e+16
7.336847890259091200e+16
7.714610978588124800e+16
8.082376609818216000e+16
8.468560760685908800e+16
8.857106974973472000e+16
9.243653201200808000e+16
9.636268032484449600e+16
1.001812826334256480e+17
1.042045780343059680e+17
1.077434000354848000e+17
1.118101586844387680e+17
1.151275183819504480e+17
1.189987923967015200e+17
1.220338651624193920e+17
1.254645415036810240e+17
1.281938626034525280e+17
1.310600848632451680e+17
1.332941377088569280e+17
1.355342383067857760e+17
1.372047818499813920e+17
1.385168409375071840e+17
1.392643915163473440e+17
1.396826217432055360e+17
1.394844175853889440e+17
1.387025335565972800e+17
1.372456952078991520e+17
1.353573789692812640e+17
1.325634869081092000e+17
1.292144983157792320e+17
1.249693597702096640e+17
1.201877837398600480e+17
1.144608928427154720e+17
1.082319428464011040e+17
1.010577762625032800e+17
9.352420528085228800e+16
8.497929991069566400e+16
7.634145904015507200e+16
6.690396895892263200e+16
5.757120741242144000e+16
4.765111721220828800e+16
3.831762878052452000e+16
2.886444472384199200e+16
2.045502978090938800e+16
1.272112973267757600e+16
6.626634037450133000e+15
2.269347202460684000e+15
4.608341116492220000e+14
1.749436895604570000e+15
6.820337377059001000e+15
1.677415793444215800e+16
3.211783043661145600e+16
5.465350024291616800e+16
8.464523186845616000e+16
1.248590906747901440e+17
1.750589795617060480e+17
2.392204099218896000e+17
3.167844643037968640e+17
4.127751649701609600e+17
5.266574771188909440e+17
6.644432017308506880e+17
8.252587640553267200e+17
1.017001671786757504e+18
1.237732201614799872e+18
1.499028754843136512e+18
1.795635951190975488e+18
2.144502442022721024e+18
2.536491569320848384e+18
2.993197603076300800e+18
3.505085456754776064e+18
4.097880801289387008e+18
4.753436644801625088e+18
5.513979114774811648e+18
6.346855867434316800e+18
7.311716293781381120e+18
8.367641147568563200e+18
9.570718129048887296e+18
1.089301932798430003e+19
1.238564710336817971e+19
1.403162137784290304e+19
1.586883082793633997e+19
1.790510922399771238e+19
2.014959284517867930e+19
2.263618286647805133e+19
2.537679388346016973e+19
2.840350699155271270e+19
3.169755767660938445e+19
3.537664113330933350e+19
3.932031972145808179e+19
4.374220882306277376e+19
4.847941668811917722e+19
5.372670458228136346e+19
5.938180726942520934e+19
6.558616314276613325e+19
7.231776855574224896e+19
7.959373431770169344e+19
8.751824269034002842e+19
9.613027130963931955e+19
1.053925136367297495e+20
1.154357068108292751e+20
1.262650704033474478e+20
1.378737893990123930e+20
1.503970603562976215e+20
1.640003896538398720e+20
1.783422193505651917e+20
1.940153126140506931e+20
2.104594854265967084e+20
2.284695064654386299e+20
2.473260781228763054e+20
2.678442835034895811e+20
2.891896650970980680e+20
3.124762345057158431e+20
3.364125261249401324e+20
3.631114114585279201e+20
3.896293398935705354e+20
4.198215176266737254e+20
4.496726695332773233e+20
4.827779267651280568e+20
5.166718124627037389e+20
5.525293791722817454e+20
5.903043291288337121e+20
6.296186686601468314e+20
6.715656504296416215e+20
7.140350548594176819e+20
7.604121531592572928e+20
8.061808969724218573e+20
8.569080136604357755e+20
9.050366779260948972e+20
9.604595686593616937e+20
1.011268261268938424e+21
1.070276248191081644e+21
1.124619071489518469e+21
1.186145631240094745e+21
1.242925511573813330e+21
1.307264654599047086e+21
1.367260289529665552e+21
1.431801157806656586e+21
1.492507970606632272e+21
1.558787554786244559e+21
1.619477450572613026e+21
1.686035962088922284e+21
1.744413483259310899e+21
1.808475539840823198e+21
1.866542060117327872e+21
1.925645908023660773e+21
1.978878482924223070e+21
2.034664637163863278e+21
2.079373171413659156e+21
2.127500520429740622e+21
2.164852539523684106e+21
2.202694975800656265e+21
2.227777342102687187e+21
2.254179019487847383e+21
2.265205182502302908e+21
2.276585499830604530e+21
2.269387216358019432e+21
2.265337424462746747e+21
2.236164817250481865e+21
2.214191866878288200e+21
2.161209604687331328e+21
2.119938104227412050e+21
2.040517279840355222e+21
1.976857202518530458e+21
1.874649343599225864e+21
1.784753502484051263e+21
1.661555126883690217e+21
1.548601127032465392e+21
1.404039862301241901e+21
1.271265077631573295e+21
1.113283656894227153e+21
9.653253142843571569e+20
8.021552499806399365e+20
6.512294970679378575e+20
4.945524368620404081e+20
3.567225487120614687e+20
2.261234381518237204e+20
1.239637345287381975e+20
4.580533751603202458e+19
9.566862508408758272e+18
2.099741547940641587e+19
9.110158085968433971e+19
2.406018652309497774e+20
4.707014998660724818e+20
8.211884334480295199e+20
1.281033306035955958e+21
1.912568579491045573e+21
2.691698150558898061e+21
3.706147378064088629e+21
4.914836558560966476e+21
6.444145783860851900e+21
8.221489232929934541e+21
1.041994840458833324e+22
1.293766893654221468e+22
1.600640404130489801e+22
1.947388988215820236e+22
2.364911891376975433e+22
2.834340433624273466e+22
3.389736515170875107e+22
4.013449320824301421e+22
4.739344518683116228e+22
5.555326956731223140e+22
6.496021683672325711e+22
7.547466747332560054e+22
8.752114227088034942e+22
1.009087337064436439e+23
1.162008162781684166e+23
1.331326789952726473e+23
1.522565316383331603e+23
1.735764741822386725e+23
1.972020726382451281e+23
2.237842045644777571e+23
2.529190299666239644e+23
2.856366791382908493e+23
3.214684652611196168e+23
3.613353963799786669e+23
4.048800432431982015e+23
4.538767622178888892e+23
5.063893756675192206e+23
5.653385627655262312e+23
6.287759003069454400e+23
6.989457900178349029e+23
7.755124419315145135e+23
8.594417997794748630e+23
9.500460108568160203e+23
1.050630804997088003e+24
1.157558293743700359e+24
1.275042246562461870e+24
1.402141988555875196e+24
1.540770658978635218e+24
1.687961536818362827e+24
1.852512435159317738e+24
2.023287137852202148e+24
2.213918771749272622e+24
2.412435843271241343e+24
2.632690836177149672e+24
2.863026803138109603e+24
3.116285618478577384e+24
3.380349381856120541e+24
3.670271274925964464e+24
3.973091109869135719e+24
4.303251465064297557e+24
4.647707337848540098e+24
5.022186510120037208e+24
5.413905543206789544e+24
5.832043363728935671e+24
6.279351779008785079e+24
6.745443526731541923e+24
7.240594158486762778e+24
7.763936714682934074e+24
8.312685435630605371e+24
8.897590812830209583e+24
9.503789789463411597e+24
1.014326013521597009e+25
1.081036603745429664e+25
1.151591883941329373e+25
1.224155439265286860e+25
1.300631776884545359e+25
1.378749951194089736e+25
1.461453419064056123e+25
1.545568472073857635e+25
1.634301578127189141e+25
1.722595274230350415e+25
1.817804075087667795e+25
1.910798957882573878e+25
2.010009288915487693e+25
2.106713450787809566e+25
2.210860912510917197e+25
2.308697431906658725e+25
2.416018909344987345e+25
2.513516854107526849e+25
2.626018732876713765e+25
2.715965818724233983e+25
2.832576074970514654e+25
2.914675335097934769e+25
3.032108624606179346e+25
3.107111607974272896e+25
3.217618467206573006e+25
3.281905420031955248e+25
3.383798461262521428e+25
3.435805820731047515e+25
3.524401500826882132e+25
3.558668391962912799e+25
3.629364693758494901e+25
3.645910201361762548e+25
3.693111920886014900e+25
3.684230805647367775e+25
3.707924167043012036e+25
3.667845454614877105e+25
3.660829659831806885e+25
3.590086126411687644e+25
3.544791517095316299e+25
3.441467583420183091e+25
3.357543946532831530e+25
3.215921213933205043e+25
3.091110596654651515e+25
2.912966339419591263e+25
2.748135910153491232e+25
2.535561559348195006e+25
2.333351537986009409e+25
2.090495427783758388e+25
1.862555359811963274e+25
1.596667034142542049e+25
1.357611378858347488e+25
1.086069704187029005e+25
8.534552874750849822e+24
6.047598493115769850e+24
4.067739879502680773e+24
2.186806718913262320e+24
9.466222931235695745e+23
1.872853039599032436e+23
2.368225436212882655e+23
1.276577642977596436e+24
3.359048466107617763e+24
7.080993124305947364e+24
1.216925795982307111e+25
1.971001627125279199e+25
2.907054063001692344e+25
4.186795614296750902e+25
5.711415959937816114e+25
7.698960729643348555e+25
1.001033645540438686e+26
1.293562271448670601e+26
1.627277500193828116e+26
2.043182984799683691e+26
2.510105181288802680e+26
3.083250308903658977e+26
3.723264307134087970e+26
4.492860225318033038e+26
5.351056986463964513e+26
6.369645001386179338e+26
7.500163484356869666e+26
8.824601533922624565e+26
1.030039890223416302e+27
1.200611692728504220e+27
1.389912673165479770e+27
1.607332794311346236e+27
1.847962853028350220e+27
2.121747708759986533e+27
2.424472567395293643e+27
2.765287770449636733e+27
3.144793617701921290e+27
3.568188778222832807e+27
4.036989932616268739e+27
4.555115961552475000e+27
5.133461141226366448e+27
5.768138664116209893e+27
6.477041578881632940e+27
7.242982638821513257e+27
8.103617102362447423e+27
9.028279613981464799e+27
1.005720625421677448e+28
1.118755975120245275e+28
1.240759311535732952e+28
1.375730709406196625e+28
1.520887223107148283e+28
1.682401553681250895e+28
1.852110580703321802e+28
2.043961320691702829e+28
2.244714421519777098e+28
2.469436828057303155e+28
2.704283196266169289e+28
2.968288321330000732e+28
3.243656246272747985e+28
3.551663193125417480e+28
3.865989150388922847e+28
4.225998348063580574e+28
4.590218526289384156e+28
5.004241255923396770e+28
5.422500944380369183e+28
5.895364893727603588e+28
6.378256176500262746e+28
6.913767680909648454e+28
7.460713200241746205e+28
8.074858498747124695e+28
8.688703308323457139e+28
9.392731393163210827e+28
1.007446390138035380e+29
1.086237172743476222e+29
1.163827292712404777e+29
1.250524451912248996e+29
1.336874567355288479e+29
1.433918716408578144e+29
1.528683500408460143e+29
1.635765385692031495e+29
1.739257978343312366e+29
1.857967948914049437e+29
1.970237924433717963e+29
2.098789461050825804e+29
2.220805659793683212e+29
2.359362846114050919e+29
2.489591385178116170e+29
2.639261672837595352e+29
2.777013989969033882e+29
2.936052381763131797e+29
3.081059236966965191e+29
3.250909945318924056e+29
3.397387186460623467e+29
3.575172979723021661e+29
3.724670774563974047e+29
3.906719011467109931e+29
4.060914062013362879e+29
4.241795335996216437e+29
4.396236004080431835e+29
4.574605103197512548e+29
4.723201241809451979e+29
4.896316199086979824e+29
5.038769263389993068e+29
5.197654353758645438e+29
5.330680937824670642e+29
5.472087841302500285e+29
5.584574020877145762e+29
5.700409042496185718e+29
5.791523219400755852e+29
5.875079265922122415e+29
5.940608001647338290e+29
5.979962363995057237e+29
6.014257713055973466e+29
6.006230347425107649e+29
5.997419353086060242e+29
5.935639831000080609e+29
5.877939774018763819e+29
5.763017684292586831e+29
5.641969286851695973e+29
5.465700633693698849e+29
5.288993612026074649e+29
5.043712634486741447e+29
4.802433337628743087e+29
4.499444447100551861e+29
4.192707935957875804e+29
3.837376962633504454e+29
3.475608979751528905e+29
3.076506233539118221e+29
2.677600543840233732e+29
2.256398313131637287e+29
1.847826802325157830e+29
1.435512544251004689e+29
1.055785867177324093e+29
7.013882472623963292e+28
4.059170354989184934e+28
1.761394024671942119e+28
4.360333237995170368e+27
2.936298849832919702e+27
1.643980338685431850e+28
4.864951792062103047e+28
1.027075440671238819e+29
1.843637529634404074e+29
2.968196980602847798e+29
4.483574304098551283e+29
6.420001279634320424e+29
8.887905366124194457e+29
1.193147834257328392e+30
1.567286304147243992e+30
2.018369936809656404e+30
2.561471385035856463e+30
3.201225559885789356e+30
3.964855948317869800e+30
4.849471250078992647e+30
5.889002705589359307e+30
7.086907231359385718e+30
8.480557403746804816e+30
1.007130280185035749e+31
1.190818222526624479e+31
1.397867971354621894e+31
1.637910161697598022e+31
1.904220373130774380e+31
2.211929199257778583e+31
2.552322465122132900e+31
2.943079935232110471e+31
3.372419143411017583e+31
3.864209640625970363e+31
4.401714188438713721e+31
5.015786431569208122e+31
5.683732526407697195e+31
6.442322313273893219e+31
7.265870575329689333e+31
8.201166077900163767e+31
9.207108947457327838e+31
1.034526381952555207e+32
1.157354333506309241e+32
1.295751660830399762e+32
1.443877467717116951e+32
1.610118577867436156e+32
1.788284940562835935e+32
1.987684769753126527e+32
2.200612531369109026e+32
2.437630357207564306e+32
2.691130858602265073e+32
2.972348040695247536e+32
3.270375353572405339e+32
3.604576045570142409e+32
3.955294874058266639e+32
4.344228416943244002e+32
4.754657992479905243e+32
5.210743083053157328e+32
5.694150883681230820e+32
6.210047448417098780e+32
6.775047038616055788e+32
7.378954658184495221e+32
8.023965802348655758e+32
8.717727974005666216e+32
9.459761420223994451e+32
1.025116411198540601e+33
1.110231111941360062e+33
1.199902158107941561e+33
1.296292611562944740e+33
1.397837050120183191e+33
1.507163470360374889e+33
1.621484635964405107e+33
1.742802039723993245e+33
1.873148434696543102e+33
2.007539211897189237e+33
2.152419031212854441e+33
2.302128887214964720e+33
2.462815502008306739e+33
2.627735499420311541e+33
2.802947318144850247e+33
2.983537593607575589e+33
3.176519244299111400e+33
3.374512553870875701e+33
3.580687299654719461e+33
3.795211691891604392e+33
4.019313151423995919e+33
4.245009505989429006e+33
4.486654076366783166e+33
4.723278668084511215e+33
4.982867892849090713e+33
5.227346815334362467e+33
5.500089649318112451e+33
5.756278824877024280e+33
6.031052384114725400e+33
6.297428464043134713e+33
6.576682351612704164e+33
6.843588204092189674e+33
7.127951950922731339e+33
7.385591530265436569e+33
7.657274476353211262e+33
7.913312358466605952e+33
8.172588050618831922e+33
8.406653060642667357e+33
8.649915487234553730e+33
8.854955179850813375e+33
9.069742728332453654e+33
9.236233479958291111e+33
9.412366148345597255e+33
9.534267023745308071e+33
9.655544174610571838e+33
9.723238226360878595e+33
9.782511148111300972e+33
9.788247507325841886e+33
9.761717285777218932e+33
9.691634233538915431e+33
9.589050021434324517e+33
9.420837453425072916e+33
9.217374832320443967e+33
8.958257134508024616e+33
8.647620021999560139e+33
8.291806726148855721e+33
7.876417821437098609e+33
7.421207970531334053e+33
6.905326747035030378e+33
6.350260329702601539e+33
5.752740355121130997e+33
5.127983009223899974e+33
4.463560514198661215e+33
3.798118985532980944e+33
3.110793842664114236e+33
2.454767034260572652e+33
1.812322742094075996e+33
1.239633601051548636e+33
