2.999935785512154382e-02
2.999935727166461868e-02
2.999935665518517827e-02
2.999935601180166514e-02
2.999935534765490325e-02
2.999935466886351557e-02
2.999935398138547232e-02
2.999935329099581369e-02
2.999935260319986155e-02
2.999935192316355997e-02
2.999935125569185013e-02
2.999935060515380308e-02
2.999934997546863449e-02
2.999934937006932742e-02
2.999934879190174764e-02
2.999934824338934547e-02
2.999934772646975500e-02
2.999934724256068941e-02
2.999934679260152920e-02
2.999934637707702551e-02
2.999934599600618396e-02
2.999934564902873371e-02
2.999934533538688511e-02
2.999934505399880214e-02
2.999934480348930010e-02
2.999934458222673281e-02
2.999934438836124317e-02
2.999934421988743882e-02
2.999934407467733100e-02
2.999934395050414537e-02
2.999934384512349325e-02
2.999934375624909583e-02
2.999934368166709553e-02
2.999934361919596310e-02
2.999934356674864577e-02
2.999934352235551771e-02
2.999934348418841629e-02
2.999934345056276194e-02
2.999934341997107651e-02
2.999934339107713024e-02
2.999934336274050553e-02
2.999934333400463421e-02
2.999934330410748001e-02
2.999934327247684787e-02
2.999934323872153683e-02
2.999934320262725648e-02
2.999934316414939670e-02
2.999934312341482820e-02
2.999934308067463487e-02
2.999934303633418342e-02
2.999934299089498241e-02
2.999934294497690057e-02
2.999934289929080330e-02
2.999934285461376693e-02
2.999934281177770584e-02
2.999934277166209362e-02
2.999934273516669317e-02
2.999934270321881827e-02
2.999934267673389637e-02
2.999934265660518171e-02
2.999934264372369416e-02
2.999934263892755151e-02
2.999934264300496006e-02
2.999934265670282235e-02
2.999934268069250065e-02
2.999934271557420928e-02
2.999934276187300047e-02
2.999934282003346303e-02
2.999934289040365881e-02
2.999934297325197036e-02
2.999934306874604481e-02
2.999934317695994099e-02
2.999934329787248832e-02
2.999934343135749262e-02
2.999934357722191039e-02
2.999934373513238328e-02
2.999934390470478107e-02
2.999934408543969422e-02
2.999934427676323803e-02
2.999934447800276308e-02
2.999934468842505031e-02
2.999934490720276153e-02
2.999934513344853365e-02
2.999934536619760367e-02
2.999934560443951251e-02
2.999934584709794405e-02
2.999934609304948097e-02
2.999934634112895807e-02
2.999934659013889920e-02
2.999934683884381351e-02
2.999934708600176386e-02
2.999934733034102796e-02
2.999934757060220003e-02
2.999934780551578167e-02
2.999934803382420939e-02
2.999934825429933019e-02
2.999934846573264202e-02
2.999934866696263649e-02
2.999934885686276684e-02
2.999934903437983386e-02
2.999934919851175025e-02
2.999934934833153183e-02
2.999934948300492579e-02
2.999934960177940563e-02
2.999934970399956158e-02
2.999934978912887143e-02
2.999934985672571622e-02
2.999934990648043046e-02
2.999934993819812490e-02
2.999934995181394518e-02
2.999934994739383159e-02
2.999934992513091786e-02
2.999934988535377101e-02
2.999934982851378690e-02
2.999934975519955721e-02
2.999934966611344025e-02
2.999934956208256953e-02
2.999934944403857828e-02
2.999934931302165181e-02
2.999934917015650154e-02
2.999934901665893272e-02
2.999934885380010213e-02
2.999934868292538498e-02
2.999934850540265929e-02
2.999934832263809192e-02
2.999934813604482331e-02
2.999934794703529306e-02
2.999934775699425460e-02
2.999934756727939966e-02
2.999934737918941163e-02
2.999934719396368105e-02
2.999934701275836987e-02
2.999934683663764423e-02
2.999934666656493137e-02
2.999934650339217135e-02
2.999934634784914497e-02
2.999934620053499104e-02
2.999934606191906328e-02
2.999934593234031971e-02
2.999934581199897865e-02
2.999934570096409250e-02
2.999934559917533800e-02
2.999934550644975037e-02
2.999934542248196973e-02
2.999934534686962695e-02
2.999934527910133597e-02
2.999934521859170394e-02
2.999934516467703954e-02
2.999934511663389022e-02
2.999934507369490799e-02
2.999934503506686972e-02
2.999934499993822667e-02
2.999934496749383922e-02
2.999934493694190671e-02
2.999934490750477342e-02
2.999934487844972686e-02
2.999934484909939220e-02
2.999934481882729487e-02
2.999934478708164015e-02
2.999934475338670095e-02
2.999934471734691868e-02
2.999934467864991128e-02
2.999934463706899895e-02
2.999934459247052473e-02
2.999934454480176343e-02
2.999934449409763504e-02
2.999934444046293072e-02
2.999934438408350876e-02
2.999934432521028649e-02
2.999934426414846422e-02
2.999934420125915241e-02
2.999934413694451893e-02
2.999934407163356437e-02
2.999934400578932805e-02
2.999934393987874898e-02
2.999934387438176267e-02
2.999934380976868736e-02
2.999934374650278790e-02
2.999934368502547855e-02
2.999934362575563951e-02
2.999934356907926411e-02
2.999934351534967042e-02
2.999934346488322690e-02
2.999934341794305293e-02
2.999934337475983204e-02
2.999934333551213667e-02
2.999934330034140229e-02
2.999934326933866371e-02
2.999934324255135176e-02
2.999934321999093295e-02
2.999934320162580409e-02
2.999934318739387942e-02
2.999934317719383375e-02
2.999934317090174191e-02
2.999934316836123244e-02
2.999934316940215673e-02
2.999934317382539628e-02
2.999934318142014750e-02
2.999934319196379678e-02
2.999934320521836784e-02
2.999934322093865402e-02
2.999934323887398779e-02
2.999934325876865704e-02
2.999934328036017728e-02
2.999934330338548810e-02
2.999934332758415201e-02
2.999934335268710645e-02
2.999934337843403534e-02
2.999934340455465837e-02
2.999934343079280197e-02
2.999934345688307427e-02
2.999934348257084910e-02
2.999934350760078208e-02
2.999934353172165752e-02
2.999934355469356662e-02
2.999934357627567078e-02
2.999934359624388536e-02
2.999934361438055114e-02
2.999934363047461819e-02
2.999934364434168541e-02
2.999934365579844803e-02
2.999934366469159813e-02
2.999934367087483955e-02
2.999934367423458259e-02
2.999934367467010921e-02
2.999934367210876224e-02
2.999934366650451600e-02
2.999934365782997575e-02
2.999934364609126158e-02
2.999934363131303086e-02
2.999934361355023615e-02
2.999934359287710281e-02
2.999934356939643748e-02
2.999934354323208902e-02
2.999934351452248488e-02
2.999934348342794821e-02
2.999934345012150727e-02
2.999934341479067873e-02
2.999934337763256881e-02
2.999934333884833951e-02
2.999934329864658092e-02
2.999934325723553619e-02
2.999934321482456562e-02
2.999934317161934844e-02
2.999934312781815660e-02
2.999934308361588975e-02
2.999934303920252787e-02
2.999934299475704585e-02
2.999934295044813862e-02
2.999934290644490353e-02
2.999934286290225488e-02
2.999934281997387181e-02
2.999934277780821196e-02
2.999934273655275804e-02
2.999934269635570055e-02
2.999934265736256545e-02
2.999934261973129929e-02
2.999934258362192685e-02
2.999934254920499227e-02
2.999934251666061535e-02
2.999934248618571497e-02
2.999934245798402052e-02
2.999934243227717068e-02
2.999934240930481749e-02
2.999934238931354843e-02
2.999934237256150424e-02
2.999934235932429430e-02
2.999934234987744128e-02
2.999934234450558207e-02
2.999934234348742082e-02
2.999934234710215433e-02
2.999934235561491080e-02
2.999934236927631614e-02
2.999934238831619693e-02
2.999934241293494147e-02
2.999934244329997141e-02
2.999934247953587457e-02
2.999934252172402338e-02
2.999934256989299566e-02
2.999934262401534463e-02
2.999934268400211712e-02
2.999934274970043890e-02
2.999934282089019785e-02
2.999934289728227454e-02
2.999934297851817103e-02
2.999934306417123553e-02
2.999934315374753677e-02
2.999934324668860133e-02
2.999934334237672889e-02
2.999934344013750406e-02
2.999934353925037128e-02
2.999934363895116751e-02
2.999934373844185057e-02
2.999934383689964804e-02
2.999934393348816647e-02
2.999934402736146449e-02
2.999934411768381132e-02
2.999934420362997123e-02
2.999934428439718359e-02
2.999934435922328724e-02
2.999934442738526330e-02
2.999934448821543753e-02
2.999934454110971677e-02
2.999934458552483071e-02
2.999934462100249319e-02
2.999934464715575330e-02
2.999934466368898989e-02
2.999934467038978606e-02
2.999934466713824466e-02
2.999934465390002164e-02
2.999934463073270635e-02
2.999934459778182821e-02
2.999934455527378946e-02
2.999934450351693371e-02
2.999934444289250116e-02
2.999934437385314012e-02
2.999934429691172855e-02
2.999934421263352261e-02
2.999934412163408545e-02
2.999934402456557944e-02
2.999934392211127399e-02
2.999934381497101551e-02
2.999934370386431182e-02
2.999934358951072272e-02
2.999934347262905171e-02
2.999934335392948764e-02
2.999934323409866876e-02
2.999934311380519913e-02
2.999934299368349488e-02
2.999934287433720162e-02
2.999934275633077407e-02
2.999934264018488950e-02
2.999934252637711379e-02
2.999934241533812676e-02
2.999934230745326946e-02
2.999934220305557758e-02
2.999934210243693222e-02
2.999934200583599664e-02
2.999934191345096299e-02
2.999934182543821659e-02
2.999934174191125000e-02
2.999934166294421223e-02
2.999934158858183486e-02
2.999934151883496686e-02
2.999934145368520280e-02
2.999934139309194323e-02
2.999934133699483363e-02
2.999934128531216854e-02
2.999934123795218455e-02
2.999934119480871658e-02
2.999934115577140153e-02
2.999934112071912795e-02
2.999934108953241849e-02
2.999934106208943310e-02
2.999934103827148202e-02
2.999934101796020852e-02
2.999934100104094739e-02
2.999934098740662108e-02
2.999934097695481500e-02
2.999934096959242999e-02
2.999934096523087373e-02
2.999934096378860382e-02
2.999934096519504823e-02
2.999934096938169231e-02
2.999934097629123816e-02
2.999934098586874362e-02
2.999934099806994547e-02
2.999934101285180177e-02
2.999934103017537490e-02
2.999934105000908249e-02
2.999934107232207076e-02
2.999934109708574451e-02
2.999934112427381921e-02
2.999934115385926789e-02
2.999934118581656234e-02
2.999934122011908844e-02
2.999934125673956592e-02
2.999934129564586077e-02
2.999934133680611653e-02
2.999934138018412952e-02
2.999934142573893944e-02
2.999934147342742802e-02
2.999934152319937847e-02
2.999934157500089293e-02
2.999934162877281735e-02
2.999934168444636992e-02
2.999934174195047210e-02
2.999934180120716193e-02
2.999934186212745851e-02
2.999934192461995233e-02
2.999934198858291573e-02
2.999934205390735603e-02
2.999934212047725146e-02
2.999934218816813908e-02
2.999934225684673661e-02
2.999934232637353065e-02
2.999934239660004276e-02
2.999934246736882248e-02
2.999934253851506069e-02
2.999934260986790446e-02
2.999934268124614112e-02
2.999934275246357585e-02
2.999934282332652330e-02
2.999934289363322820e-02
2.999934296317909033e-02
2.999934303175133196e-02
2.999934309913387248e-02
2.999934316510745325e-02
2.999934322944829840e-02
2.999934329193186186e-02
2.999934335233121752e-02
2.999934341042121907e-02
2.999934346597750434e-02
2.999934351877809463e-02
2.999934356860535153e-02
2.999934361524664306e-02
2.999934365849552323e-02
2.999934369815664831e-02
2.999934373404165161e-02
2.999934376597435809e-02
2.999934379379309152e-02
2.999934381734736810e-02
2.999934383650507477e-02
2.999934385115029731e-02
2.999934386118581833e-02
2.999934386653365509e-02
2.999934386713631190e-02
2.999934386295739774e-02
2.999934385398342340e-02
2.999934384022310760e-02
2.999934382170819924e-02
2.999934379849373417e-02
2.999934377065828842e-02
2.999934373830324616e-02
2.999934370155230706e-02
2.999934366055049401e-02
2.999934361546471168e-02
2.999934356648243511e-02
2.999934351380819514e-02
2.999934345766538599e-02
2.999934339829247662e-02
2.999934333594268809e-02
2.999934327088053104e-02
2.999934320338258284e-02
2.999934313373343528e-02
2.999934306222398761e-02
2.999934298914972569e-02
2.999934291481005932e-02
2.999934283950293420e-02
2.999934276352781218e-02
2.999934268717947133e-02
2.999934261074856112e-02
2.999934253451957272e-02
2.999934245876942351e-02
2.999934238376567378e-02
2.999934230976583280e-02
2.999934223701620356e-02
2.999934216575118537e-02
2.999934209619197975e-02
2.999934202854672577e-02
2.999934196300935163e-02
2.999934189975991816e-02
2.999934183896430656e-02
2.999934178077377778e-02
2.999934172532523619e-02
2.999934167274179164e-02
2.999934162313212110e-02
2.999934157659174538e-02
2.999934153320223118e-02
2.999934149303250253e-02
2.999934145613850772e-02
2.999934142256396527e-02
2.999934139234058939e-02
2.999934136548846123e-02
2.999934134201638278e-02
2.999934132192189074e-02
2.999934130519222794e-02
2.999934129180369807e-02
2.999934128172273770e-02
2.999934127490564567e-02
2.999934127129906189e-02
2.999934127083981120e-02
2.999934127345559032e-02
2.999934127906495746e-02
2.999934128757733229e-02
2.999934129889366557e-02
2.999934131290653283e-02
2.999934132950038065e-02
2.999934134855206797e-02
2.999934136993108805e-02
2.999934139350023468e-02
2.999934141911601848e-02
2.999934144662928098e-02
2.999934147588572894e-02
2.999934150672680169e-02
2.999934153899018810e-02
2.999934157251085698e-02
2.999934160712160874e-02
2.999934164265412317e-02
2.999934167893963596e-02
2.999934171580998649e-02
2.999934175309838455e-02
2.999934179064025000e-02
2.999934182827417375e-02
2.999934186584260823e-02
2.999934190319265837e-02
2.999934194017689695e-02
2.999934197665386770e-02
2.999934201248884158e-02
2.999934204755430600e-02
2.999934208173029443e-02
2.999934211490494496e-02
2.999934214697467030e-02
2.999934217784442844e-02
2.999934220742776422e-02
2.999934223564696897e-02
2.999934226243289315e-02
2.999934228772500183e-02
2.999934231147104863e-02
2.999934233362687788e-02
2.999934235415607775e-02
2.999934237302966100e-02
2.999934239022557236e-02
2.999934240572826177e-02
2.999934241952827499e-02
2.999934243162148337e-02
2.999934244200884101e-02
2.999934245069562147e-02
2.999934245769105001e-02
2.999934246300758542e-02
2.999934246666049673e-02
2.999934246866740525e-02
2.999934246904736174e-02
2.999934246782134245e-02
2.999934246501070531e-02
2.999934246063745008e-02
2.999934245472407612e-02
2.999934244729248259e-02
2.999934243836479414e-02
2.999934242796232012e-02
2.999934241610575231e-02
2.999934240281510942e-02
2.999934238810997994e-02
2.999934237200915094e-02
2.999934235453062883e-02
2.999934233569264558e-02
2.999934231551264208e-02
2.999934229400820496e-02
2.999934227119766678e-02
2.999934224709978683e-02
2.999934222173398710e-02
2.999934219512171915e-02
2.999934216728565584e-02
2.999934213825047186e-02
2.999934210804378054e-02
2.999934207669559608e-02
2.999934204423916617e-02
2.999934201071172146e-02
2.999934197615344855e-02
2.999934194060907902e-02
2.999934190412756677e-02
2.999934186676149472e-02
2.999934182856828224e-02
2.999934178961022324e-02
2.999934174995307762e-02
2.999934170966776781e-02
2.999934166882906733e-02
2.999934162751468486e-02
2.999934158580797733e-02
2.999934154379353332e-02
2.999934150156043089e-02
2.999934145919984016e-02
2.999934141680433639e-02
2.999934137446899976e-02
2.999934133228968763e-02
2.999934129036378044e-02
2.999934124878674002e-02
2.999934120765560333e-02
2.999934116706623466e-02
2.999934112711185805e-02
2.999934108788588488e-02
2.999934104947752506e-02
2.999934101197489905e-02
2.999934097546194667e-02
2.999934094001908969e-02
2.999934090572469944e-02
2.999934087265111737e-02
2.999934084086627178e-02
2.999934081043456949e-02
2.999934078141462679e-02
2.999934075385996685e-02
2.999934072781939437e-02
2.999934070333369618e-02
2.999934068044083843e-02
2.999934065916972509e-02
2.999934063954408370e-02
2.999934062158128578e-02
2.999934060529049415e-02
2.999934059067368292e-02
2.999934057772598445e-02
2.999934056643410729e-02
2.999934055677712375e-02
2.999934054872523820e-02
2.999934054224015489e-02
2.999934053727484201e-02
2.999934053377342758e-02
2.999934053167057843e-02
2.999934053089300945e-02
2.999934053135762738e-02
2.999934053297127756e-02
2.999934053563707570e-02
2.999934053924406541e-02
2.999934054367619368e-02
2.999934054881008005e-02
2.999934055451491596e-02
2.999934056065595850e-02
2.999934056709207403e-02
2.999934057367770190e-02
2.999934058026558145e-02
2.999934058670557235e-02
2.999934059284849186e-02
2.999934059854308943e-02
2.999934060364459545e-02
2.999934060800651947e-02
2.999934061149179751e-02
2.999934061396372642e-02
2.999934061529794735e-02
2.999934061537609664e-02
2.999934061409104125e-02
2.999934061134131719e-02
2.999934060704292915e-02
2.999934060112146444e-02
2.999934059351234625e-02
2.999934058416955929e-02
2.999934057305488067e-02
2.999934056014966210e-02
2.999934054544402262e-02
2.999934052894433212e-02
2.999934051066988419e-02
2.999934049064876401e-02
2.999934046892812484e-02
2.999934044556086879e-02
2.999934042061246087e-02
2.999934039415694947e-02
2.999934036627844441e-02
2.999934033706912195e-02
2.999934030662392698e-02
2.999934027504861517e-02
2.999934024244752667e-02
2.999934020893418873e-02
2.999934017461493296e-02
2.999934013960975018e-02
2.999934010402664428e-02
2.999934006797875738e-02
2.999934003157940510e-02
2.999933999493110612e-02
2.999933995813835672e-02
2.999933992130006041e-02
2.999933988451079780e-02
2.999933984785687485e-02
2.999933981142138481e-02
2.999933977527696749e-02
2.999933973949363286e-02
2.999933970412990702e-02
2.999933966923920906e-02
2.999933963486636421e-02
2.999933960104309016e-02
2.999933956780251321e-02
2.999933953516098484e-02
2.999933950313085976e-02
2.999933947171404616e-02
2.999933944090429211e-02
2.999933941069317031e-02
2.999933938105835488e-02
2.999933935197486926e-02
2.999933932340799470e-02
2.999933929532090301e-02
2.999933926767318210e-02
2.999933924041543395e-02
2.999933921350193475e-02
2.999933918688017787e-02
2.999933916049908611e-02
2.999933913430826229e-02
2.999933910825969968e-02
2.999933908230699789e-02
2.999933905640560228e-02
2.999933903052204309e-02
2.999933900462500858e-02
2.999933897868907115e-02
2.999933895269941281e-02
2.999933892665081550e-02
2.999933890054428884e-02
2.999933887439448776e-02
2.999933884821899197e-02
2.999933882205097282e-02
2.999933879592991265e-02
2.999933876990528575e-02
2.999933874403330758e-02
2.999933871837740310e-02
2.999933869300420303e-02
2.999933866798665597e-02
2.999933864339991013e-02
2.999933861931876680e-02
2.999933859581954340e-02
2.999933857297357870e-02
2.999933855084604278e-02
2.999933852950034674e-02
2.999933850898686694e-02
2.999933848935541422e-02
2.999933847063458378e-02
2.999933845285221445e-02
2.999933843601952990e-02
2.999933842013774790e-02
2.999933840519861117e-02
2.999933839118051546e-02
2.999933837805485864e-02
2.999933836578444132e-02
2.999933835432555540e-02
2.999933834363187682e-02
2.999933833365330677e-02
2.999933832434516917e-02
2.999933831566092834e-02
2.999933830756336753e-02
2.999933830002631668e-02
2.999933829303396207e-02
2.999933828658385079e-02
2.999933828069527644e-02
2.999933827540158388e-02
2.999933827075740994e-02
2.999933826683949534e-02
2.999933826374734033e-02
2.999933826159730671e-02
2.999933826052753744e-02
2.999933826069941384e-02
2.999933826228127348e-02
2.999933826545539764e-02
2.999933827042119625e-02
2.999933827737166075e-02
2.999933828650511863e-02
2.999933829801072066e-02
2.999933831206604007e-02
2.999933832883092469e-02
2.999933834844103336e-02
2.999933837100195178e-02
2.999933839658540380e-02
2.999933842521656027e-02
2.999933845688412121e-02
2.999933849151829868e-02
2.999933852900352194e-02
2.999933856916565250e-02
2.999933861177945388e-02
2.999933865655846771e-02
2.999933870316659479e-02
2.999933875121726934e-02
2.999933880027251878e-02
2.999933884985617888e-02
2.999933889945686355e-02
2.999933894853332172e-02
2.999933899652686836e-02
2.999933904286646025e-02
2.999933908698506485e-02
2.999933912832826455e-02
2.999933916635727504e-02
2.999933920057183678e-02
2.999933923051257070e-02
2.999933925577678157e-02
2.999933927602599706e-02
2.999933929099323979e-02
2.999933930049483721e-02
2.999933930442929067e-02
2.999933930279242295e-02
2.999933929567779115e-02
2.999933928327075394e-02
2.999933926585641661e-02
2.999933924381772282e-02
2.999933921762521286e-02
2.999933918783621173e-02
2.999933915508785909e-02
2.999933912008780068e-02
2.999933908359287554e-02
2.999933904641770288e-02
2.999933900940451176e-02
2.999933897341168498e-02
2.999933893930902679e-02
2.999933890795160318e-02
2.999933888016741157e-02
2.999933885675055284e-02
2.999933883843497462e-02
2.999933882588743522e-02
2.999933881970407237e-02
2.999933882037653099e-02
2.999933882830494586e-02
2.999933884378419222e-02
2.999933886698678831e-02
2.999933889798096776e-02
2.999933893670706647e-02
2.999933898299482482e-02
2.999933903654912470e-02
2.999933909697743983e-02
2.999933916377117010e-02
2.999933923633825439e-02
2.999933931398802295e-02
2.999933939596977073e-02
2.999933948145988571e-02
2.999933956959407316e-02
2.999933965946777539e-02
2.999933975016699089e-02
2.999933984076544324e-02
2.999933993034843011e-02
2.999934001802192357e-02
2.999934010293867082e-02
2.999934018429021784e-02
2.999934026133459913e-02
2.999934033339914791e-02
2.999934039988932932e-02
2.999934046029931883e-02
2.999934051420661413e-02
2.999934056129109627e-02
2.999934060132306013e-02
2.999934063416875851e-02
2.999934065979191489e-02
2.999934067824321787e-02
2.999934068966160147e-02
2.999934069426048178e-02
2.999934069233897715e-02
2.999934068424647132e-02
2.999934067039471824e-02
2.999934065124622989e-02
2.999934062729508327e-02
2.999934059906721531e-02
2.999934056710378341e-02
2.999934053195833783e-02
2.999934049418202103e-02
2.999934045431641369e-02
2.999934041289686881e-02
2.999934037042271268e-02
2.999934032737045647e-02
2.999934028418582699e-02
2.999934024127559606e-02
2.999934019900508952e-02
2.999934015769652185e-02
2.999934011763034578e-02
2.999934007904155736e-02
2.999934004212542402e-02
2.999934000703264464e-02
2.999933997387459195e-02
2.999933994272704213e-02
2.999933991363533392e-02
2.999933988660625356e-02
2.999933986162913249e-02
2.999933983866294451e-02
2.999933981765234847e-02
2.999933979852766747e-02
2.999933978120719602e-02
2.999933976559790091e-02
2.999933975160876468e-02
2.999933973914503324e-02
2.999933972811065497e-02
2.999933971841903246e-02
2.999933970998470978e-02
2.999933970273039457e-02
2.999933969658999389e-02
2.999933969150534938e-02
2.999933968743200702e-02
2.999933968433082104e-02
2.999933968217407057e-02
2.999933968095314790e-02
2.999933968065573303e-02
2.999933968129440270e-02
2.999933968287718522e-02
2.999933968543237045e-02
2.999933968898967768e-02
2.999933969358288544e-02
2.999933969925782512e-02
2.999933970606166733e-02
2.999933971405035343e-02
2.999933972327883946e-02
2.999933973380475641e-02
2.999933974569036349e-02
2.999933975899759034e-02
2.999933977379492037e-02
2.999933979013923169e-02
2.999933980809924711e-02
2.999933982773726054e-02
2.999933984911547918e-02
2.999933987229563490e-02
2.999933989733948730e-02
2.999933992430201674e-02
2.999933995324662386e-02
2.999933998422774778e-02
2.999934001729873817e-02
2.999934005251427699e-02
2.999934008992936191e-02
2.999934012959128149e-02
2.999934017155095681e-02
2.999934021586229266e-02
2.999934026256676281e-02
2.999934031172108578e-02
2.999934036336499021e-02
2.999934041755204089e-02
2.999934047432381568e-02
2.999934053372530982e-02
2.999934059580115428e-02
2.999934066059239263e-02
2.999934072813578365e-02
2.999934079846949819e-02
2.999934087161779811e-02
2.999934094759939412e-02
2.999934102644110506e-02
2.999934110813332749e-02
2.999934119267763655e-02
2.999934128005109918e-02
2.999934137021920827e-02
2.999934146311808436e-02
2.999934155867988589e-02
2.999934165678783821e-02
2.999934175733517255e-02
2.999934186016197518e-02
2.999934196508140249e-02
2.999934207188401786e-02
2.999934218032494077e-02
2.999934229011941983e-02
2.999934240096756993e-02
2.999934251251367562e-02
2.999934262438248150e-02
2.999934273617112235e-02
2.999934284744623300e-02
2.999934295774416698e-02
2.999934306657562472e-02
2.999934317345981372e-02
2.999934327786598146e-02
2.999934337928199940e-02
2.999934347718513639e-02
2.999934357106182753e-02
2.999934366040729258e-02
2.999934374472500512e-02
2.999934382356371151e-02
2.999934389647734498e-02
2.999934396307586335e-02
2.999934402300684366e-02
2.999934407596758362e-02
2.999934412168974232e-02
2.999934415999700593e-02
2.999934419073731207e-02
2.999934421384525124e-02
2.999934422929833450e-02
2.999934423715391180e-02
2.999934423751500837e-02
2.999934423056412058e-02
2.999934421651364452e-02
2.999934419564870280e-02
2.999934416829039968e-02
2.999934413481833428e-02
2.999934409560782445e-02
2.999934405111136931e-02
2.999934400177087929e-02
2.999934394805510093e-02
2.999934389042822197e-02
2.999934382936874505e-02
2.999934376534795638e-02
2.999934369881537138e-02
2.999934363021405925e-02
2.999934355997169871e-02
2.999934348848198526e-02
2.999934341612599253e-02
2.999934334325144239e-02
2.999934327019306707e-02
2.999934319725717363e-02
2.999934312474140941e-02
2.999934305291951028e-02
2.999934298206292579e-02
2.999934291244335874e-02
2.999934284432630160e-02
2.999934277800132484e-02
2.999934271377004483e-02
2.999934265194847960e-02
2.999934259289348606e-02
2.999934253699392678e-02
2.999934248467153036e-02
2.999934243640322781e-02
2.999934239269772679e-02
2.999934235410816122e-02
2.999934232122391381e-02
2.999934229469203295e-02
2.999934227517495403e-02
2.999934226336530008e-02
2.999934225996725781e-02
2.999934226569072465e-02
2.999934228124122304e-02
2.999934230729194018e-02
2.999934234448506723e-02
2.999934239340664582e-02
2.999934245456185172e-02
2.999934252838902526e-02
2.999934261519123652e-02
2.999934271517127812e-02
2.999934282839300179e-02
2.999934295476228488e-02
