4.504766568067533616e-02
4.504766570351217969e-02
4.504766574175336075e-02
4.504766581533255210e-02
4.504766589891194550e-02
4.504766602523439800e-02
4.504766615052651496e-02
4.504766632169022317e-02
4.504766647886991604e-02
4.504766669267869228e-02
4.504766688126906476e-02
4.504766712671662288e-02
4.504766733158674374e-02
4.504766756488765012e-02
4.504766777736535222e-02
4.504766803062600772e-02
4.504766824505801459e-02
4.504766847559756732e-02
4.504766868282526759e-02
4.504766892558072222e-02
4.504766911323068723e-02
4.504766930212560777e-02
4.504766945922927812e-02
4.504766962056227370e-02
4.504766973383617090e-02
4.504766984735718294e-02
4.504766992188191654e-02
4.504766999955682472e-02
4.504767003073363585e-02
4.504767004553558718e-02
4.504767002811056048e-02
4.504767000616337336e-02
4.504766994524698337e-02
4.504766987744467793e-02
4.504766978433746849e-02
4.504766966891513708e-02
4.504766953544735164e-02
4.504766938073848093e-02
4.504766921906757510e-02
4.504766904795981519e-02
4.504766886723687858e-02
4.504766867258300916e-02
4.504766846830370736e-02
4.504766826582834449e-02
4.504766807516743382e-02
4.504766788303699032e-02
4.504766770974247270e-02
4.504766753604250162e-02
4.504766736539558836e-02
4.504766721438797916e-02
4.504766707653618668e-02
4.504766695941796878e-02
4.504766688073735814e-02
4.504766679635444776e-02
4.504766673902867169e-02
4.504766671206429651e-02
4.504766671322783106e-02
4.504766672804520061e-02
4.504766675369877016e-02
4.504766680804554724e-02
4.504766690870815743e-02
4.504766701349142977e-02
4.504766714517222104e-02
4.504766727588299657e-02
4.504766744523425182e-02
4.504766759589523550e-02
4.504766778060456667e-02
4.504766794868308999e-02
4.504766815330406293e-02
4.504766834484152938e-02
4.504766856763865734e-02
4.504766875160835099e-02
4.504766890090354525e-02
4.504766903271743145e-02
4.504766917116598268e-02
4.504766931859097157e-02
4.504766951128344465e-02
4.504766954552133496e-02
4.504766968904025393e-02
4.504766972383394963e-02
4.504766978028326707e-02
4.504766968213365363e-02
4.504766966635561504e-02
4.504766960815308197e-02
4.504766951982402956e-02
4.504766939838593387e-02
4.504766926457957898e-02
4.504766903852482074e-02
4.504766877135590875e-02
4.504766844888888344e-02
4.504766820950381612e-02
4.504766782965224925e-02
4.504766746437376124e-02
4.504766695365491902e-02
4.504766662351061823e-02
4.504766621269717247e-02
4.504766579625812950e-02
4.504766540786830920e-02
4.504766500948482327e-02
4.504766448608062829e-02
4.504766402067213182e-02
4.504766356948387840e-02
4.504766320370631738e-02
4.504766281722716315e-02
4.504766245563138205e-02
4.504766208608578654e-02
4.504766157815092570e-02
4.504766108366588945e-02
4.504766082600574623e-02
4.504766031560400452e-02
4.504766019778125991e-02
4.504765997652236675e-02
4.504765978255460823e-02
4.504765939860705393e-02
4.504765931906954540e-02
4.504765897422015331e-02
4.504765897614470410e-02
4.504765885237604905e-02
4.504765883059141940e-02
4.504765853704650186e-02
4.504765843431212530e-02
4.504765842914384283e-02
4.504765857873929691e-02
4.504765844952716980e-02
4.504765865128679270e-02
4.504765871148647821e-02
4.504765857869472839e-02
4.504765842425501737e-02
4.504765850107948777e-02
4.504765832964981176e-02
4.504765826978362336e-02
4.504765806083611129e-02
4.504765807432937336e-02
4.504765780244403273e-02
4.504765795236224252e-02
4.504765762574092919e-02
4.504765750250185746e-02
4.504765710296972786e-02
4.504765691480731860e-02
4.504765673373500867e-02
4.504765645815604624e-02
4.504765597165913404e-02
4.504765564990934057e-02
4.504765482735555160e-02
4.504765462940413939e-02
4.504765421933854680e-02
4.504765382069712137e-02
4.504765340678818647e-02
4.504765310450042914e-02
4.504765226795894723e-02
4.504765209602375198e-02
4.504765142052154225e-02
4.504765066145535735e-02
4.504765014325107925e-02
4.504764981204855551e-02
4.504764911187494197e-02
4.504764902996900855e-02
4.504764852350844756e-02
4.504764813784487704e-02
4.504764763219330781e-02
4.504764767312573193e-02
4.504764764748997452e-02
4.504764721089871138e-02
4.504764655509750637e-02
4.504764610897535326e-02
4.504764589603488245e-02
4.504764593793397082e-02
4.504764570774007909e-02
4.504764581764051506e-02
4.504764549735227469e-02
4.504764534656118674e-02
4.504764514031637385e-02
4.504764476915899818e-02
4.504764497684245195e-02
4.504764545137567716e-02
4.504764539719649519e-02
4.504764591650468886e-02
4.504764573413332085e-02
4.504764540687464236e-02
4.504764537049045503e-02
4.504764566815742943e-02
4.504764560743069329e-02
4.504764578782916029e-02
4.504764573898101254e-02
4.504764565391115166e-02
4.504764489040569142e-02
4.504764454669024643e-02
4.504764414326171973e-02
4.504764328708771304e-02
4.504764248089332401e-02
4.504764152121371740e-02
4.504764050324713137e-02
4.504763965572810419e-02
4.504763866881276307e-02
4.504763757034047772e-02
4.504763644684375151e-02
4.504763498781545750e-02
4.504763372754431311e-02
4.504763203333145977e-02
4.504763043576887060e-02
4.504762934139618091e-02
4.504762793279538935e-02
4.504762650399828788e-02
4.504762464271040712e-02
4.504762270209754227e-02
4.504762136392218008e-02
4.504761975592760925e-02
4.504761825586899721e-02
4.504761646041359480e-02
4.504761498318725355e-02
4.504761343281413893e-02
4.504761218149536117e-02
4.504761047535077445e-02
4.504760880019886837e-02
4.504760715206936050e-02
4.504760607304136855e-02
4.504760496901592803e-02
4.504760399802142101e-02
4.504760235439434629e-02
4.504760165018956153e-02
4.504760050920548348e-02
4.504760014632833154e-02
4.504759999315008367e-02
4.504759935963014578e-02
4.504759848357015040e-02
4.504759798888464256e-02
4.504759775267428573e-02
4.504759721266674705e-02
4.504759684311283180e-02
4.504759675740183100e-02
4.504759597784434993e-02
4.504759508177619970e-02
4.504759415519846155e-02
4.504759355812426591e-02
4.504759258156913054e-02
4.504759223865767437e-02
4.504759115095801486e-02
4.504759131924229720e-02
4.504759074583952749e-02
4.504759054729245982e-02
4.504758925079362097e-02
4.504758880124582615e-02
4.504758801898288423e-02
4.504758707462190592e-02
4.504758582421169305e-02
4.504758448875627319e-02
4.504758274000340845e-02
4.504758168242868621e-02
4.504758033627216662e-02
4.504757887920463055e-02
4.504757718723213095e-02
4.504757541484130656e-02
4.504757408120256545e-02
4.504757309238541230e-02
4.504757060387913625e-02
4.504756919721238095e-02
4.504756743154619131e-02
4.504756615527306940e-02
4.504756454850859793e-02
4.504756277029324518e-02
4.504756130486518850e-02
4.504755981605544635e-02
4.504755859623944814e-02
4.504755809659949373e-02
4.504755714561605590e-02
4.504755653884985611e-02
4.504755508908631773e-02
4.504755434113719148e-02
4.504755300507829602e-02
4.504755282419274642e-02
4.504755237184975003e-02
4.504755207349668555e-02
4.504755099778851718e-02
4.504755087161234350e-02
4.504755057408083019e-02
4.504755045049406437e-02
4.504755015955000386e-02
4.504755017477575507e-02
4.504754947632592932e-02
4.504754954266192851e-02
4.504754848076988200e-02
4.504754772356291126e-02
4.504754699561108744e-02
4.504754654146197329e-02
4.504754531690206149e-02
4.504754457738659873e-02
4.504754299066544843e-02
4.504754184493239832e-02
4.504753965855091968e-02
4.504753897085389536e-02
4.504753665573958676e-02
4.504753562314385562e-02
4.504753344457557152e-02
4.504753149628316911e-02
4.504752869818444416e-02
4.504752654928428912e-02
4.504752365814947146e-02
4.504752113549283232e-02
4.504751738298495845e-02
4.504751487675188321e-02
4.504751130661537734e-02
4.504750840344809437e-02
4.504750444424841793e-02
4.504750145339756623e-02
4.504749771167716743e-02
4.504749484717536501e-02
4.504749145011443384e-02
4.504748866842633870e-02
4.504748453452398632e-02
4.504748184391004634e-02
4.504747850791634284e-02
4.504747548732461471e-02
4.504747235548785256e-02
4.504747024094089142e-02
4.504746737044715288e-02
4.504746534978459893e-02
4.504746257305630025e-02
4.504746092402821256e-02
4.504745855878858340e-02
4.504745740660519304e-02
4.504745559683764194e-02
4.504745447359902177e-02
4.504745287845256241e-02
4.504745236561148725e-02
4.504745096117309527e-02
4.504745038034628501e-02
4.504744940408775961e-02
4.504744903641371562e-02
4.504744780842777352e-02
4.504744759258130782e-02
4.504744623185237551e-02
4.504744616767689114e-02
4.504744531255718692e-02
4.504744470436537057e-02
4.504744376324414101e-02
4.504744321676563273e-02
4.504744218004565204e-02
4.504744177147027018e-02
4.504744065425025923e-02
4.504744014837576416e-02
4.504743816724660066e-02
4.504743736520888664e-02
4.504743561023825255e-02
4.504743478697327552e-02
4.504743251112651448e-02
4.504743119167556320e-02
4.504742939519806866e-02
4.504742747205180142e-02
4.504742500123624926e-02
4.504742325435909245e-02
4.504742064238770327e-02
4.504741975780268692e-02
4.504741752904833224e-02
4.504741574533187298e-02
4.504741309778657887e-02
4.504741188733592250e-02
4.504740925976322141e-02
4.504740757485627828e-02
4.504740536594628586e-02
4.504740485267287597e-02
4.504740333868252622e-02
4.504740234881508820e-02
4.504740058072309594e-02
4.504740023523639419e-02
4.504739839481474578e-02
4.504739777030926373e-02
4.504739692528738487e-02
4.504739733554740527e-02
4.504739648794912898e-02
4.504739663932374322e-02
4.504739627570283900e-02
4.504739599877151390e-02
4.504739541049310875e-02
4.504739650491332292e-02
4.504739714382703653e-02
4.504739762230140082e-02
4.504739725982132709e-02
4.504739765887051661e-02
4.504739730795104258e-02
4.504739821967149171e-02
4.504739770928891524e-02
4.504739789050912768e-02
4.504739762658446778e-02
4.504739693834172026e-02
4.504739498254070607e-02
4.504739424830885713e-02
4.504739188020949470e-02
4.504739105938891652e-02
4.504738894958214973e-02
4.504738788169476704e-02
4.504738582132207514e-02
4.504738409296826784e-02
4.504738143249791688e-02
4.504737958414089388e-02
4.504737671880430089e-02
4.504737414803257345e-02
4.504736980127799911e-02
4.504736745216725291e-02
4.504736391063458856e-02
4.504735993240015224e-02
4.504735486601182948e-02
4.504735049544515008e-02
4.504734541607375437e-02
4.504734221913342385e-02
4.504733716724122761e-02
4.504733284690669998e-02
4.504732859218943397e-02
4.504732344051037840e-02
4.504731991537366809e-02
4.504731625684876839e-02
4.504731188037602169e-02
4.504730718558683233e-02
4.504730270614529936e-02
4.504729897444999243e-02
4.504729457868648229e-02
4.504729182349100775e-02
4.504728764780099870e-02
4.504728377064563805e-02
4.504728168614254014e-02
4.504727911654467232e-02
4.504727601405226350e-02
4.504727412567605116e-02
4.504727164736872097e-02
4.504727082116665587e-02
4.504727001768060041e-02
4.504726876232027777e-02
4.504726703616672434e-02
4.504726615180217747e-02
4.504726477817633939e-02
4.504726304501603662e-02
4.504726282279512828e-02
4.504726190040065498e-02
4.504726187418722771e-02
4.504726180719622469e-02
4.504726214680803559e-02
4.504726180199652985e-02
4.504726046845192872e-02
4.504725852691861265e-02
4.504725756568122436e-02
4.504725820372248307e-02
4.504725881540792842e-02
4.504725866447171351e-02
4.504725725976401612e-02
4.504725669006078709e-02
4.504725365127024150e-02
4.504725185006981658e-02
4.504725249717091845e-02
4.504725097757835556e-02
4.504725091485226735e-02
4.504724984129145765e-02
4.504724900816244049e-02
4.504724614339367106e-02
4.504724472560709542e-02
4.504724161220299145e-02
4.504723855853355607e-02
4.504723531277433912e-02
4.504723289523739072e-02
4.504723089423585958e-02
4.504722790820265416e-02
4.504722801650955927e-02
4.504722645107449991e-02
4.504722378818034473e-02
4.504722361654173168e-02
4.504722272054233895e-02
4.504722087923211660e-02
4.504721816212928220e-02
4.504721750258834645e-02
4.504721903778278330e-02
4.504722004580311023e-02
4.504721823997082791e-02
4.504721642461413655e-02
4.504721577248309988e-02
4.504721712337883543e-02
4.504721662465395460e-02
4.504721798167290320e-02
4.504721756243071362e-02
4.504721914481946837e-02
4.504722050700814273e-02
4.504722303343103307e-02
4.504722107489452648e-02
4.504722054775658208e-02
4.504722170370197010e-02
4.504722180499889234e-02
4.504721943289709957e-02
4.504722103528956828e-02
4.504721907811767151e-02
4.504721890841999199e-02
4.504721798551386547e-02
4.504721621695146477e-02
4.504721332140870782e-02
4.504721415366456233e-02
4.504721187967628687e-02
4.504721158733806380e-02
4.504721086494749976e-02
4.504720828159361479e-02
4.504720597320805570e-02
4.504720390152559123e-02
4.504720065231994364e-02
4.504719459813815580e-02
4.504719035147514844e-02
4.504718466774919328e-02
4.504717903327568052e-02
4.504717397471703910e-02
4.504716878409803504e-02
4.504716325751863953e-02
4.504715943147952206e-02
4.504715249310933117e-02
4.504714603469948259e-02
4.504714130601975008e-02
4.504713697802162353e-02
4.504713209099082960e-02
4.504712844509833891e-02
4.504712437125656804e-02
4.504711617317349454e-02
4.504711058303383087e-02
4.504710477622249354e-02
4.504710159456998264e-02
4.504709631867456071e-02
4.504709262960397004e-02
4.504708729758971630e-02
4.504708274290173536e-02
4.504707992160295049e-02
4.504707805042159480e-02
4.504707572447845532e-02
4.504707328958443280e-02
4.504706999894020347e-02
4.504706924885829022e-02
4.504706717213899370e-02
4.504706634648325547e-02
4.504706376984205646e-02
4.504706483935813632e-02
4.504706571342442095e-02
4.504706916231442093e-02
4.504706857762810074e-02
4.504706984936335257e-02
4.504707219587707201e-02
4.504707397331918217e-02
4.504707490495364619e-02
4.504707405814273313e-02
4.504707387400419538e-02
4.504707165251715245e-02
4.504707176940947466e-02
4.504707477584667108e-02
4.504707620535844392e-02
4.504707689432629891e-02
4.504707490216073446e-02
4.504707416107459061e-02
4.504707207455689588e-02
4.504707302527022339e-02
4.504707087239337437e-02
4.504706960271496335e-02
4.504706808742051094e-02
4.504706554970928228e-02
4.504706370039409519e-02
4.504706112030202464e-02
4.504705849895262321e-02
4.504705695839219398e-02
4.504705415098850252e-02
4.504705436667919005e-02
4.504705268695343573e-02
4.504705228547629947e-02
4.504704933420103363e-02
4.504704707095721905e-02
4.504704471804871213e-02
4.504704334168167096e-02
4.504703967582645435e-02
4.504703792330058687e-02
4.504703303834164257e-02
4.504703303551119142e-02
4.504703091824951988e-02
4.504703175132482307e-02
4.504702917907298099e-02
4.504702858122026921e-02
4.504702598995378310e-02
4.504702672173034605e-02
4.504702715520547684e-02
4.504702641370632310e-02
4.504702298602451804e-02
4.504702308232574892e-02
4.504702162056049147e-02
4.504702064121457461e-02
4.504701878174673796e-02
4.504701849720230133e-02
4.504701600876667711e-02
4.504701565492012783e-02
4.504701199944420587e-02
4.504701264623543755e-02
4.504700975409596519e-02
4.504700766474947771e-02
4.504700562743507719e-02
4.504700356897202440e-02
4.504699856537489056e-02
4.504699684323146963e-02
4.504699126216894778e-02
4.504698749163924681e-02
4.504698145098703921e-02
4.504697483673146541e-02
4.504697095555663250e-02
4.504696607565917416e-02
4.504696247850775020e-02
4.504695826250204593e-02
4.504695062899177760e-02
4.504694633063015263e-02
4.504693919892024251e-02
4.504693325456526898e-02
4.504692742088671487e-02
4.504692190646478883e-02
4.504691501697548339e-02
4.504690868192726128e-02
4.504690158369657055e-02
4.504689589724304721e-02
4.504688991687756661e-02
4.504688347248534536e-02
4.504687758327907687e-02
4.504687297090811948e-02
4.504686577469898395e-02
4.504686151152622470e-02
4.504685571946719091e-02
4.504685182425175599e-02
4.504684759985375098e-02
4.504684466421036981e-02
4.504684119146965676e-02
4.504683707778599222e-02
4.504683376295474245e-02
4.504683090834911419e-02
4.504682811051888280e-02
4.504682383313998728e-02
4.504682304589949227e-02
4.504682096614344433e-02
4.504681846915618154e-02
4.504681795935056715e-02
4.504681495627536197e-02
4.504681458980574343e-02
4.504681282980291246e-02
4.504681213740800716e-02
4.504681075807373536e-02
4.504681089559887941e-02
4.504680942908430297e-02
4.504680829001105058e-02
4.504680620684566733e-02
4.504680366905362138e-02
4.504680405440475432e-02
4.504680223565395852e-02
4.504680058957298561e-02
4.504679829453017703e-02
4.504679739022354745e-02
4.504679470583963785e-02
4.504679192590415465e-02
4.504679072136330564e-02
4.504678868072964359e-02
4.504678677064667680e-02
4.504678357337258549e-02
4.504678017660773692e-02
4.504677728745427184e-02
4.504677435669301316e-02
4.504677151381521194e-02
4.504676884891612582e-02
4.504676502417985506e-02
4.504676122755690848e-02
4.504675734622422267e-02
4.504675251477457260e-02
4.504674888909435126e-02
4.504674453687379510e-02
4.504674001843701758e-02
4.504673706017932322e-02
4.504673302588851902e-02
4.504673009995273369e-02
4.504672668610278097e-02
4.504672384965206777e-02
4.504672131574852245e-02
4.504671890577872928e-02
4.504671609670849591e-02
4.504671270051626569e-02
4.504670985441032449e-02
4.504670556711596469e-02
4.504670224672613354e-02
4.504669960226001524e-02
4.504669726883671343e-02
4.504669380377633592e-02
4.504669189446165040e-02
4.504669048253588659e-02
4.504668956898576215e-02
4.504668715840935700e-02
4.504668378456108679e-02
4.504668055551163536e-02
4.504667846147407395e-02
4.504667521079279424e-02
4.504667190807671445e-02
4.504666826285308456e-02
4.504666575162107750e-02
4.504666257236082660e-02
4.504666033624673410e-02
4.504665630410704946e-02
4.504665140399288087e-02
4.504664627164700619e-02
4.504664145399990549e-02
4.504663541250528147e-02
4.504663187457098872e-02
4.504662680212612874e-02
4.504662256357015726e-02
4.504661561783645379e-02
4.504661111341258517e-02
4.504660438129762245e-02
4.504659963420185043e-02
4.504659231139201969e-02
4.504658807256050473e-02
4.504658071495219740e-02
4.504657364864853020e-02
4.504656446551538740e-02
4.504655745220409457e-02
4.504654971829448462e-02
4.504654230268075737e-02
4.504653386565705964e-02
4.504652830750442011e-02
4.504652138656611848e-02
4.504651597717912459e-02
4.504650982947519533e-02
4.504650499289278298e-02
4.504649933036251885e-02
4.504649458995280131e-02
4.504648938611482967e-02
4.504648403741917662e-02
4.504647728946979679e-02
4.504647140757214036e-02
4.504646521497612799e-02
4.504646186096841753e-02
4.504645735853957111e-02
4.504645375896264292e-02
4.504644973373171657e-02
4.504644736553201079e-02
4.504644378476166389e-02
4.504644114686467277e-02
4.504643704603125687e-02
4.504643473758056932e-02
4.504643044227850390e-02
4.504642791961667447e-02
4.504642386926364928e-02
4.504642265471593687e-02
4.504642000907940758e-02
4.504641783808108202e-02
4.504641643754107860e-02
4.504641547801028351e-02
4.504641072283084580e-02
4.504640999457802664e-02
4.504640642102335224e-02
4.504640656670015619e-02
4.504640444159913049e-02
4.504640233583639269e-02
4.504639796116270689e-02
4.504639718288835915e-02
4.504639271284999191e-02
4.504639051196856342e-02
4.504638756178702685e-02
4.504638435252565631e-02
4.504637916856725488e-02
4.504637659971317404e-02
4.504637361088306008e-02
4.504636960109053428e-02
4.504636561361784197e-02
4.504636334973553813e-02
4.504635887568808617e-02
4.504635650584278006e-02
4.504634956475503382e-02
4.504634537565418290e-02
4.504633877445486656e-02
4.504633513749010248e-02
4.504633172639437716e-02
4.504632808170397351e-02
4.504632294792473152e-02
4.504632096711785882e-02
4.504631731161773400e-02
4.504631528817580610e-02
4.504631102176945290e-02
4.504630788951789061e-02
4.504630013506154274e-02
4.504629820186807632e-02
4.504628984793897922e-02
4.504628946639591819e-02
4.504628356019149682e-02
4.504627706341874510e-02
4.504627204464648621e-02
4.504626933946129924e-02
4.504626078702540781e-02
4.504625484579054956e-02
4.504625026244986341e-02
4.504624420437172011e-02
4.504623888488958061e-02
4.504623444707896163e-02
4.504623055719030045e-02
4.504622412142753052e-02
4.504621638910678155e-02
4.504620945992579562e-02
4.504620226582629200e-02
4.504619655233058073e-02
4.504619339647472631e-02
4.504618696070424033e-02
4.504617755312092381e-02
4.504617290968560006e-02
4.504616710782680111e-02
4.504615941391339196e-02
4.504615184573625142e-02
4.504614711381760284e-02
4.504614006308787361e-02
4.504613644882927981e-02
4.504612676703945162e-02
4.504611887534221148e-02
4.504611334381094373e-02
4.504610666904480809e-02
4.504609775959544926e-02
4.504608872689498666e-02
4.504607855339961414e-02
4.504607697636018454e-02
4.504606875310401826e-02
4.504606044205949900e-02
4.504605401909590745e-02
4.504605030700156026e-02
4.504604486583464740e-02
4.504604168617046267e-02
4.504603513604402837e-02
4.504602928573799014e-02
4.504602292549161890e-02
4.504601747341481499e-02
4.504600845126560671e-02
4.504600496190322434e-02
4.504599879950510477e-02
4.504599566299766211e-02
4.504598877631688092e-02
4.504598595754477630e-02
4.504598453920911211e-02
4.504598461465992437e-02
4.504598019830851480e-02
4.504597746906896516e-02
4.504597604093437541e-02
4.504597113821295906e-02
4.504596717181731658e-02
4.504596751141762973e-02
4.504596135315025451e-02
4.504595877197240666e-02
4.504595558840243652e-02
4.504595437014170811e-02
4.504595347720380394e-02
4.504595130987183726e-02
4.504594671422156027e-02
4.504594926324144433e-02
4.504594666173614842e-02
4.504594369778623653e-02
4.504593970414703941e-02
4.504593574785747956e-02
4.504593201504077105e-02
4.504592937777135431e-02
4.504592482941840309e-02
4.504592266390525235e-02
4.504592104167280675e-02
4.504591781483363588e-02
4.504591090163570510e-02
4.504590679149772514e-02
4.504590260720321010e-02
4.504590390268545935e-02
4.504590021143900502e-02
4.504589575429160386e-02
4.504588989025690160e-02
4.504588976416123297e-02
4.504588770206223447e-02
4.504588339294471333e-02
4.504587503934504716e-02
4.504587168285602988e-02
4.504586639734463327e-02
4.504586516128221418e-02
4.504586134899658811e-02
4.504585595997630254e-02
4.504584985305271072e-02
4.504584437727859186e-02
4.504583707971268614e-02
4.504583491331369538e-02
4.504583425696442184e-02
4.504583114515160053e-02
4.504583052442901608e-02
4.504582668467180945e-02
4.504582254510616085e-02
4.504581686023191589e-02
4.504581126230709776e-02
4.504580577548342180e-02
4.504580173963315670e-02
4.504579683554373049e-02
4.504579188712112131e-02
4.504578768006050477e-02
4.504578046332095853e-02
4.504577508189053225e-02
4.504577185000682021e-02
4.504576879403594802e-02
4.504576424299379378e-02
4.504575921864679283e-02
4.504575783944481104e-02
4.504575604158715663e-02
4.504574960527368832e-02
4.504574654510376530e-02
4.504574401232784575e-02
4.504573780178871417e-02
4.504573124453870731e-02
4.504572982288435057e-02
4.504572793318781937e-02
4.504572099369411747e-02
4.504571985636646181e-02
4.504571622963471356e-02
4.504571509354556719e-02
4.504570835258631806e-02
4.504570413010663965e-02
4.504569974950466127e-02
4.504569351971228486e-02
4.504568927140333023e-02
4.504568309786070868e-02
4.504568155869448365e-02
4.504567888391484975e-02
4.504567785877678504e-02
4.504567323627081676e-02
4.504567061386159643e-02
4.504566668422010228e-02
4.504566508509633138e-02
4.504566679567498233e-02
4.504566193796254170e-02
4.504566268313721367e-02
4.504565970557099924e-02
4.504566063384105035e-02
4.504565928393116508e-02
4.504565556863263098e-02
4.504565261905608270e-02
4.504565416935590871e-02
4.504565432700313732e-02
4.504565231762742983e-02
4.504565086434957066e-02
4.504565209223501676e-02
4.504565060265175447e-02
4.504565277420723851e-02
4.504565329869830020e-02
4.504565241214364413e-02
4.504565257203378692e-02
4.504565123063106191e-02
4.504564921124920573e-02
4.504564767894005811e-02
4.504564545387090835e-02
4.504564440133329573e-02
4.504564190063635454e-02
4.504564270982370361e-02
4.504564066617519624e-02
4.504563937337662666e-02
4.504563790461811601e-02
4.504563815750159406e-02
4.504563778873243995e-02
4.504563781466870004e-02
4.504563355332836389e-02
4.504563194405786231e-02
4.504563023767726992e-02
4.504563135083765324e-02
4.504562793814102795e-02
4.504562641166836440e-02
4.504562438919716694e-02
4.504562407436990545e-02
4.504562172781453183e-02
4.504562276909068741e-02
4.504562069022566978e-02
4.504562011729040805e-02
4.504561886578178909e-02
4.504561977418158891e-02
4.504561756515823578e-02
4.504561746587433524e-02
4.504561571760018479e-02
4.504561578883412715e-02
4.504561278406508940e-02
4.504561324162919406e-02
4.504561154736948236e-02
4.504561342360292875e-02
4.504561201882093663e-02
4.504561164885451108e-02
4.504561031045432873e-02
4.504561101386506117e-02
4.504561022809915050e-02
4.504561129374064221e-02
4.504560962647236044e-02
4.504561120888717768e-02
4.504560848611961765e-02
4.504560917418354987e-02
4.504560764154297986e-02
4.504560759912280138e-02
4.504560562966297699e-02
4.504560628708598191e-02
4.504560410212997412e-02
4.504560414264972834e-02
4.504560193800473400e-02
4.504560240441691371e-02
4.504560018518353331e-02
4.504560041574777463e-02
4.504559792907916749e-02
4.504559740214303387e-02
4.504559507454196365e-02
4.504559503890859240e-02
4.504559236193364513e-02
4.504559203715235299e-02
4.504558939001458706e-02
