2.999572465589067996e-02
2.999572465587599379e-02
2.999572465587395029e-02
2.999572465586075945e-02
2.999572465584722167e-02
2.999572465585588488e-02
2.999572465589782008e-02
2.999572465589517636e-02
2.999572465588579151e-02
2.999572465591801226e-02
2.999572465590372508e-02
2.999572465592405257e-02
2.999572465594524048e-02
2.999572465595358450e-02
2.999572465591981985e-02
2.999572465594781134e-02
2.999572465594844972e-02
2.999572465593178944e-02
2.999572465596620635e-02
2.999572465596917967e-02
2.999572465597545937e-02
2.999572465598137824e-02
2.999572465597787410e-02
2.999572465594970219e-02
2.999572465597879697e-02
2.999572465598148927e-02
2.999572465596751433e-02
2.999572465599250476e-02
2.999572465598859469e-02
2.999572465598906307e-02
2.999572465600979648e-02
2.999572465600684051e-02
2.999572465601908419e-02
2.999572465603651469e-02
2.999572465604402258e-02
2.999572465602036789e-02
2.999572465602722351e-02
2.999572465603391261e-02
2.999572465603966495e-02
2.999572465602876742e-02
2.999572465605478133e-02
2.999572465604157662e-02
2.999572465605587768e-02
2.999572465608134689e-02
2.999572465609007255e-02
2.999572465608266181e-02
2.999572465608485797e-02
2.999572465607862684e-02
2.999572465609410404e-02
2.999572465610041150e-02
2.999572465608714780e-02
2.999572465610639282e-02
2.999572465609865596e-02
2.999572465609088440e-02
2.999572465609835759e-02
2.999572465608642616e-02
2.999572465608811231e-02
2.999572465608423694e-02
2.999572465609083236e-02
2.999572465609087746e-02
2.999572465609260871e-02
2.999572465609391669e-02
2.999572465609561672e-02
2.999572465607844296e-02
2.999572465610039068e-02
2.999572465609835759e-02
2.999572465610838082e-02
2.999572465614483430e-02
2.999572465613604619e-02
2.999572465618958322e-02
2.999572465620682291e-02
2.999572465620933479e-02
2.999572465619002731e-02
2.999572465618940628e-02
2.999572465619446474e-02
2.999572465617753037e-02
2.999572465617395683e-02
2.999572465616972758e-02
2.999572465619395126e-02
2.999572465619023201e-02
2.999572465618730380e-02
2.999572465616819061e-02
2.999572465619931155e-02
2.999572465620257977e-02
2.999572465616745856e-02
2.999572465614198241e-02
2.999572465616124478e-02
2.999572465617740893e-02
2.999572465616091865e-02
2.999572465618118022e-02
2.999572465617607320e-02
2.999572465617215619e-02
2.999572465619142550e-02
2.999572465618016368e-02
2.999572465618489600e-02
2.999572465621265158e-02
2.999572465619837827e-02
2.999572465620974765e-02
2.999572465622134254e-02
2.999572465622474954e-02
2.999572465620664943e-02
2.999572465624090328e-02
2.999572465623808262e-02
2.999572465624579867e-02
2.999572465624762013e-02
2.999572465624896281e-02
2.999572465624178452e-02
2.999572465625300818e-02
2.999572465625717846e-02
2.999572465625643253e-02
2.999572465630398130e-02
2.999572465630534132e-02
2.999572465631289431e-02
2.999572465634906329e-02
2.999572465635578014e-02
2.999572465634416790e-02
2.999572465637359575e-02
2.999572465638192242e-02
2.999572465639631022e-02
2.999572465635289356e-02
2.999572465636170596e-02
2.999572465635758772e-02
2.999572465637723520e-02
2.999572465635126986e-02
2.999572465639440202e-02
2.999572465640053254e-02
2.999572465641530891e-02
2.999572465641447971e-02
2.999572465641651975e-02
2.999572465643729133e-02
2.999572465644576025e-02
2.999572465642372232e-02
2.999572465641079863e-02
2.999572465641486829e-02
2.999572465640385974e-02
2.999572465639659125e-02
2.999572465639612634e-02
2.999572465639415222e-02
2.999572465639141830e-02
2.999572465639174096e-02
2.999572465639454080e-02
2.999572465641018801e-02
2.999572465641117680e-02
2.999572465638030566e-02
2.999572465636554316e-02
2.999572465636919996e-02
2.999572465637289839e-02
2.999572465638342816e-02
2.999572465638792804e-02
2.999572465639400304e-02
2.999572465640321095e-02
2.999572465641766467e-02
2.999572465643045652e-02
2.999572465644395614e-02
2.999572465645003808e-02
2.999572465646242400e-02
2.999572465646857880e-02
2.999572465645763616e-02
2.999572465647795325e-02
2.999572465650214570e-02
2.999572465650220815e-02
2.999572465649875258e-02
2.999572465651115585e-02
2.999572465651636349e-02
2.999572465648937120e-02
2.999572465647613526e-02
2.999572465649420067e-02
2.999572465649042244e-02
2.999572465649403413e-02
2.999572465650216999e-02
2.999572465648228312e-02
2.999572465648802158e-02
2.999572465650554576e-02
2.999572465651579450e-02
2.999572465651612410e-02
2.999572465655086714e-02
2.999572465655845829e-02
2.999572465655366005e-02
2.999572465657800169e-02
2.999572465657251649e-02
2.999572465658900330e-02
2.999572465657842843e-02
2.999572465657564246e-02
2.999572465658065235e-02
2.999572465656179243e-02
2.999572465655754236e-02
2.999572465658125950e-02
2.999572465658494752e-02
2.999572465658566223e-02
2.999572465657221465e-02
2.999572465658214768e-02
2.999572465658625203e-02
2.999572465658746634e-02
2.999572465660430703e-02
2.999572465659726753e-02
2.999572465661708848e-02
2.999572465661744930e-02
2.999572465662414880e-02
2.999572465662330920e-02
2.999572465664897269e-02
2.999572465666188945e-02
2.999572465666858548e-02
2.999572465665197030e-02
2.999572465664694307e-02
2.999572465664785206e-02
2.999572465660825873e-02
2.999572465661494783e-02
2.999572465660966039e-02
2.999572465662657048e-02
2.999572465661681439e-02
2.999572465659583465e-02
2.999572465656804091e-02
2.999572465657392856e-02
2.999572465657830006e-02
2.999572465662316695e-02
2.999572465663481041e-02
2.999572465663896681e-02
2.999572465665825693e-02
2.999572465666724974e-02
2.999572465667194737e-02
2.999572465667905627e-02
2.999572465669659085e-02
2.999572465669699678e-02
2.999572465675167179e-02
2.999572465676540386e-02
2.999572465676877964e-02
2.999572465676126828e-02
2.999572465676067501e-02
2.999572465675830885e-02
2.999572465674512148e-02
2.999572465675345162e-02
2.999572465675600166e-02
2.999572465677210337e-02
2.999572465676942148e-02
2.999572465677533342e-02
2.999572465677672467e-02
2.999572465676017541e-02
2.999572465677273828e-02
2.999572465678889896e-02
2.999572465680309941e-02
2.999572465681803538e-02
2.999572465680963584e-02
2.999572465682252137e-02
2.999572465684197803e-02
2.999572465684019820e-02
2.999572465683850164e-02
2.999572465686151101e-02
2.999572465688798983e-02
2.999572465691957915e-02
2.999572465689252093e-02
2.999572465693061199e-02
2.999572465690958020e-02
2.999572465693608331e-02
2.999572465693556636e-02
2.999572465692386739e-02
2.999572465692702458e-02
2.999572465693114282e-02
2.999572465694563123e-02
2.999572465697297741e-02
2.999572465696538973e-02
2.999572465693971582e-02
2.999572465693531656e-02
2.999572465694059706e-02
2.999572465692077611e-02
2.999572465695397872e-02
2.999572465695199419e-02
2.999572465695662937e-02
2.999572465696538626e-02
2.999572465696706894e-02
2.999572465695903717e-02
2.999572465693290876e-02
2.999572465693026851e-02
2.999572465692542170e-02
2.999572465693494186e-02
2.999572465693986154e-02
2.999572465695621998e-02
2.999572465699187201e-02
2.999572465697407375e-02
2.999572465698817011e-02
2.999572465701405566e-02
2.999572465701017682e-02
2.999572465700831372e-02
2.999572465705641761e-02
2.999572465705052302e-02
2.999572465706526816e-02
2.999572465708489483e-02
2.999572465709025512e-02
2.999572465708199437e-02
2.999572465711905500e-02
2.999572465714116579e-02
2.999572465715246924e-02
2.999572465712584124e-02
2.999572465715349620e-02
2.999572465715214312e-02
2.999572465715130004e-02
2.999572465715113698e-02
2.999572465714569688e-02
2.999572465711963440e-02
2.999572465713660693e-02
2.999572465713924024e-02
2.999572465714530484e-02
2.999572465713142011e-02
2.999572465713019540e-02
2.999572465713058744e-02
2.999572465712760372e-02
2.999572465713086153e-02
2.999572465712833577e-02
2.999572465712954314e-02
2.999572465713042785e-02
2.999572465713491384e-02
2.999572465711449615e-02
2.999572465711207100e-02
2.999572465709756872e-02
2.999572465709483479e-02
2.999572465710233921e-02
2.999572465709178862e-02
2.999572465710533681e-02
2.999572465710943076e-02
2.999572465709662503e-02
2.999572465709737790e-02
2.999572465710276942e-02
2.999572465710031652e-02
2.999572465710347718e-02
2.999572465710765787e-02
2.999572465710018815e-02
2.999572465709558766e-02
2.999572465711407288e-02
2.999572465712949457e-02
2.999572465712510572e-02
2.999572465713628081e-02
2.999572465713405689e-02
2.999572465715329497e-02
2.999572465717223468e-02
2.999572465719196196e-02
2.999572465719912984e-02
2.999572465718775352e-02
2.999572465719368281e-02
2.999572465717478820e-02
2.999572465717946501e-02
2.999572465716725256e-02
2.999572465719792247e-02
2.999572465720664813e-02
2.999572465720777570e-02
2.999572465719865452e-02
2.999572465725284728e-02
2.999572465725525161e-02
2.999572465723233244e-02
2.999572465724680004e-02
2.999572465724676881e-02
2.999572465723734233e-02
2.999572465724411469e-02
2.999572465723653741e-02
2.999572465721795506e-02
2.999572465722928627e-02
2.999572465724693535e-02
2.999572465726958390e-02
2.999572465730368856e-02
2.999572465731697654e-02
2.999572465736281141e-02
2.999572465734307372e-02
2.999572465734507906e-02
2.999572465729934481e-02
2.999572465731444038e-02
2.999572465731212279e-02
2.999572465732065069e-02
2.999572465734418394e-02
2.999572465732655568e-02
2.999572465731691409e-02
2.999572465730250201e-02
2.999572465732124743e-02
2.999572465730312651e-02
2.999572465729244061e-02
2.999572465732537607e-02
2.999572465729717294e-02
2.999572465730345264e-02
2.999572465731894372e-02
2.999572465732418605e-02
2.999572465737838575e-02
2.999572465739725260e-02
2.999572465739594115e-02
2.999572465737717145e-02
2.999572465738276766e-02
2.999572465737937454e-02
2.999572465736164914e-02
2.999572465736600330e-02
2.999572465736513940e-02
2.999572465736224242e-02
2.999572465737344179e-02
2.999572465737501692e-02
2.999572465733504195e-02
2.999572465733508012e-02
2.999572465733029228e-02
2.999572465731104726e-02
2.999572465734458987e-02
2.999572465733537849e-02
2.999572465732843266e-02
2.999572465731787513e-02
2.999572465732313481e-02
2.999572465731745879e-02
2.999572465732172274e-02
2.999572465733237395e-02
2.999572465735075161e-02
2.999572465738314583e-02
2.999572465739591340e-02
2.999572465741934951e-02
2.999572465741378452e-02
2.999572465742242691e-02
2.999572465739897345e-02
2.999572465736997581e-02
2.999572465736041402e-02
2.999572465735098059e-02
2.999572465733563523e-02
2.999572465732655915e-02
2.999572465732880736e-02
2.999572465731104379e-02
2.999572465734184207e-02
2.999572465734991894e-02
2.999572465733028187e-02
2.999572465732296481e-02
2.999572465732256235e-02
2.999572465727210271e-02
2.999572465727565543e-02
2.999572465727790710e-02
2.999572465732736753e-02
2.999572465733030963e-02
2.999572465732989329e-02
2.999572465730411530e-02
2.999572465732808918e-02
2.999572465733024718e-02
2.999572465732147988e-02
2.999572465731039500e-02
2.999572465730946519e-02
2.999572465728037041e-02
2.999572465729345022e-02
2.999572465729840459e-02
2.999572465727966611e-02
2.999572465729715212e-02
2.999572465730260609e-02
2.999572465729317267e-02
2.999572465728189696e-02
2.999572465727693565e-02
2.999572465724919743e-02
2.999572465724401060e-02
2.999572465724168260e-02
2.999572465722937994e-02
2.999572465727202986e-02
2.999572465726324175e-02
2.999572465724823292e-02
2.999572465722499109e-02
2.999572465720985737e-02
2.999572465720519443e-02
2.999572465719285361e-02
2.999572465725056439e-02
2.999572465723239142e-02
2.999572465725219503e-02
2.999572465724539144e-02
2.999572465726819612e-02
2.999572465726629139e-02
2.999572465725532794e-02
2.999572465724887130e-02
2.999572465724519368e-02
2.999572465726150702e-02
2.999572465727360498e-02
2.999572465730336243e-02
2.999572465730580492e-02
2.999572465730365733e-02
2.999572465731083215e-02
2.999572465733644014e-02
2.999572465733372703e-02
2.999572465735897767e-02
2.999572465735385676e-02
2.999572465735219143e-02
2.999572465737310525e-02
2.999572465739323845e-02
2.999572465739341887e-02
2.999572465738813490e-02
2.999572465738023497e-02
2.999572465737085011e-02
2.999572465738015170e-02
2.999572465743379282e-02
2.999572465742782884e-02
2.999572465743496896e-02
2.999572465744719529e-02
2.999572465744945043e-02
2.999572465746295352e-02
2.999572465745363459e-02
2.999572465744894390e-02
2.999572465746670746e-02
2.999572465746967731e-02
2.999572465748806191e-02
2.999572465748352040e-02
2.999572465747960687e-02
2.999572465748226099e-02
2.999572465749229117e-02
2.999572465750578384e-02
2.999572465750451403e-02
2.999572465750730346e-02
2.999572465747763622e-02
2.999572465749255137e-02
2.999572465749608674e-02
2.999572465749933414e-02
2.999572465751280254e-02
2.999572465751538727e-02
2.999572465753367126e-02
2.999572465757176926e-02
2.999572465757177619e-02
2.999572465752948017e-02
2.999572465752860240e-02
2.999572465753394535e-02
2.999572465751895040e-02
2.999572465751477318e-02
2.999572465751322234e-02
2.999572465753023304e-02
2.999572465754278203e-02
2.999572465754750741e-02
2.999572465755939721e-02
2.999572465755789147e-02
2.999572465756582956e-02
2.999572465753487169e-02
2.999572465753880604e-02
2.999572465755269424e-02
2.999572465752907077e-02
2.999572465753474332e-02
2.999572465751560932e-02
2.999572465751652872e-02
2.999572465749485162e-02
2.999572465748463410e-02
2.999572465750719244e-02
2.999572465754111669e-02
2.999572465754339612e-02
2.999572465758359660e-02
2.999572465761297935e-02
2.999572465761218831e-02
2.999572465760424675e-02
2.999572465756644712e-02
2.999572465757718159e-02
2.999572465754761844e-02
2.999572465756559017e-02
2.999572465758730197e-02
2.999572465759301962e-02
2.999572465758007511e-02
2.999572465761811066e-02
2.999572465762144133e-02
2.999572465762867166e-02
2.999572465766255774e-02
2.999572465767043686e-02
2.999572465768333279e-02
2.999572465767215423e-02
2.999572465767162688e-02
2.999572465766340082e-02
2.999572465772275265e-02
2.999572465771801685e-02
2.999572465769564586e-02
2.999572465769697813e-02
2.999572465769407420e-02
2.999572465770317456e-02
2.999572465771873156e-02
2.999572465772422369e-02
2.999572465771415883e-02
2.999572465768299973e-02
2.999572465768381505e-02
2.999572465767768800e-02
2.999572465772919541e-02
2.999572465772730456e-02
2.999572465773935395e-02
2.999572465774244870e-02
2.999572465773782046e-02
2.999572465773420182e-02
2.999572465775599689e-02
2.999572465775406441e-02
2.999572465777033611e-02
2.999572465778511249e-02
2.999572465777921443e-02
2.999572465777650479e-02
2.999572465778206978e-02
2.999572465779543756e-02
2.999572465780433322e-02
2.999572465782056330e-02
2.999572465781960226e-02
2.999572465782743280e-02
2.999572465783960362e-02
2.999572465786301545e-02
2.999572465786164155e-02
2.999572465784266020e-02
2.999572465783012509e-02
2.999572465783027081e-02
2.999572465783376107e-02
2.999572465784909950e-02
2.999572465785382142e-02
2.999572465781738528e-02
2.999572465782449071e-02
2.999572465782331110e-02
2.999572465782966366e-02
2.999572465783962444e-02
2.999572465784529698e-02
2.999572465784982114e-02
2.999572465786185665e-02
2.999572465786288708e-02
2.999572465787667466e-02
2.999572465790436085e-02
2.999572465788843956e-02
2.999572465791009585e-02
2.999572465791201792e-02
2.999572465792066378e-02
2.999572465796668599e-02
2.999572465796551332e-02
2.999572465799019497e-02
2.999572465800231374e-02
2.999572465802161428e-02
2.999572465803282753e-02
2.999572465804911311e-02
2.999572465802232205e-02
2.999572465801767299e-02
2.999572465800008636e-02
2.999572465802242266e-02
2.999572465805055294e-02
2.999572465803532900e-02
2.999572465802630497e-02
2.999572465803758414e-02
2.999572465803625534e-02
2.999572465807448518e-02
2.999572465810756983e-02
2.999572465810564775e-02
2.999572465811054314e-02
2.999572465807950200e-02
2.999572465808398453e-02
2.999572465804702451e-02
2.999572465807166105e-02
2.999572465807313904e-02
2.999572465805601731e-02
2.999572465805924390e-02
2.999572465805993085e-02
2.999572465805548302e-02
2.999572465807887750e-02
2.999572465807681318e-02
2.999572465809492022e-02
2.999572465810503366e-02
2.999572465810891597e-02
2.999572465808789112e-02
2.999572465810537714e-02
2.999572465811107397e-02
2.999572465810217137e-02
2.999572465809599228e-02
2.999572465809770619e-02
2.999572465809390021e-02
2.999572465810796534e-02
2.999572465811014069e-02
2.999572465812047617e-02
2.999572465814924135e-02
2.999572465814331554e-02
2.999572465813333047e-02
2.999572465812638811e-02
2.999572465814149061e-02
2.999572465812428215e-02
2.999572465811077213e-02
2.999572465813603664e-02
2.999572465813027042e-02
2.999572465812316499e-02
2.999572465813091574e-02
2.999572465814250369e-02
2.999572465813433314e-02
2.999572465814733663e-02
2.999572465814525496e-02
2.999572465816023603e-02
2.999572465816301159e-02
2.999572465816459366e-02
2.999572465818693343e-02
2.999572465819169351e-02
2.999572465819484376e-02
2.999572465819042716e-02
2.999572465820015896e-02
2.999572465819990222e-02
2.999572465821779069e-02
2.999572465824251744e-02
2.999572465823889880e-02
2.999572465821073383e-02
2.999572465821201406e-02
2.999572465823440240e-02
2.999572465820765990e-02
2.999572465820467618e-02
2.999572465818639913e-02
2.999572465818278744e-02
2.999572465821603515e-02
2.999572465822383446e-02
2.999572465826384066e-02
2.999572465827623352e-02
2.999572465829693224e-02
2.999572465826799011e-02
2.999572465830604995e-02
2.999572465830687221e-02
2.999572465828552470e-02
2.999572465829364321e-02
2.999572465826555803e-02
2.999572465822213096e-02
2.999572465824077924e-02
2.999572465822158279e-02
2.999572465820946401e-02
2.999572465820094999e-02
2.999572465820132816e-02
2.999572465817412076e-02
2.999572465819301884e-02
2.999572465817515465e-02
2.999572465817602201e-02
2.999572465816175565e-02
2.999572465812740119e-02
2.999572465811320768e-02
2.999572465814585864e-02
2.999572465818022698e-02
2.999572465817877676e-02
2.999572465818216641e-02
2.999572465817655284e-02
2.999572465817461689e-02
2.999572465816738309e-02
2.999572465816955497e-02
2.999572465816954803e-02
2.999572465817934228e-02
2.999572465818057740e-02
2.999572465819035083e-02
2.999572465815970521e-02
2.999572465816142952e-02
2.999572465816485733e-02
2.999572465815358857e-02
2.999572465814041161e-02
2.999572465814616742e-02
2.999572465817096356e-02
2.999572465817577568e-02
2.999572465817392647e-02
2.999572465817726061e-02
2.999572465819969058e-02
2.999572465820023529e-02
2.999572465819243944e-02
2.999572465821073730e-02
2.999572465822839679e-02
2.999572465822224546e-02
2.999572465817543568e-02
2.999572465817370442e-02
2.999572465816527714e-02
2.999572465816926006e-02
2.999572465817769776e-02
2.999572465816791392e-02
2.999572465817312156e-02
2.999572465821502207e-02
2.999572465821485207e-02
2.999572465820816991e-02
2.999572465821313469e-02
2.999572465821182671e-02
2.999572465819295292e-02
2.999572465819307435e-02
2.999572465819105166e-02
2.999572465818983388e-02
2.999572465818732894e-02
2.999572465818225661e-02
2.999572465820091530e-02
2.999572465821956357e-02
2.999572465822674880e-02
2.999572465823679285e-02
2.999572465826513476e-02
2.999572465826344861e-02
2.999572465823938106e-02
2.999572465822717554e-02
2.999572465823039866e-02
2.999572465826001733e-02
2.999572465827411022e-02
2.999572465827414144e-02
2.999572465826530823e-02
2.999572465829898615e-02
2.999572465831867180e-02
2.999572465831637502e-02
2.999572465828395304e-02
2.999572465831078574e-02
2.999572465829249829e-02
2.999572465830181028e-02
2.999572465831195842e-02
2.999572465828966722e-02
2.999572465828558715e-02
2.999572465828941742e-02
2.999572465827077955e-02
2.999572465826519374e-02
2.999572465826687989e-02
2.999572465826148837e-02
2.999572465826663009e-02
2.999572465827345449e-02
2.999572465826250839e-02
2.999572465824251050e-02
2.999572465824856815e-02
2.999572465825354681e-02
2.999572465822382406e-02
2.999572465824159109e-02
2.999572465823661591e-02
2.999572465825047982e-02
2.999572465821654862e-02
2.999572465821364123e-02
2.999572465823941228e-02
2.999572465826894768e-02
2.999572465826914197e-02
2.999572465823885370e-02
2.999572465825832424e-02
2.999572465826226553e-02
2.999572465828278037e-02
2.999572465831503582e-02
2.999572465831654849e-02
2.999572465830626505e-02
2.999572465831812015e-02
2.999572465832585355e-02
2.999572465828444570e-02
2.999572465829965923e-02
2.999572465830132456e-02
2.999572465827428716e-02
2.999572465831562562e-02
2.999572465833921786e-02
2.999572465832282472e-02
2.999572465831490051e-02
2.999572465832831686e-02
2.999572465832269288e-02
2.999572465831939344e-02
2.999572465832869156e-02
2.999572465833152957e-02
2.999572465830711854e-02
2.999572465832129470e-02
2.999572465831215964e-02
2.999572465830057516e-02
2.999572465831993121e-02
2.999572465832102061e-02
2.999572465836790672e-02
2.999572465838042101e-02
2.999572465838148266e-02
2.999572465835532997e-02
2.999572465836010740e-02
2.999572465835726592e-02
2.999572465837542154e-02
2.999572465841582325e-02
2.999572465841650673e-02
2.999572465836899959e-02
2.999572465835872309e-02
2.999572465835984372e-02
2.999572465839277224e-02
2.999572465841336688e-02
2.999572465841919902e-02
2.999572465840988703e-02
2.999572465842229030e-02
2.999572465843445765e-02
2.999572465838433455e-02
2.999572465838529906e-02
2.999572465839600924e-02
2.999572465839830948e-02
2.999572465840498470e-02
2.999572465840259078e-02
2.999572465843224414e-02
2.999572465843803118e-02
2.999572465844308269e-02
2.999572465843536317e-02
2.999572465842418115e-02
2.999572465842614138e-02
2.999572465844631969e-02
2.999572465845566291e-02
2.999572465845384839e-02
2.999572465844154920e-02
2.999572465843950222e-02
2.999572465846331998e-02
2.999572465847104297e-02
2.999572465846765332e-02
2.999572465846506858e-02
2.999572465845450064e-02
2.999572465846767413e-02
2.999572465849769179e-02
2.999572465849200884e-02
2.999572465849664749e-02
2.999572465852128403e-02
2.999572465853023173e-02
2.999572465854613568e-02
2.999572465857044609e-02
2.999572465856564785e-02
2.999572465857233000e-02
2.999572465860488382e-02
2.999572465860363135e-02
2.999572465860295481e-02
2.999572465859312934e-02
2.999572465858880640e-02
2.999572465856999853e-02
2.999572465859373649e-02
2.999572465859817044e-02
2.999572465862885770e-02
2.999572465862946485e-02
2.999572465864347101e-02
2.999572465864030341e-02
2.999572465866622711e-02
2.999572465866308726e-02
2.999572465866420096e-02
2.999572465868656154e-02
2.999572465868163146e-02
2.999572465866871818e-02
2.999572465868454926e-02
2.999572465870151486e-02
2.999572465868433069e-02
2.999572465866343074e-02
2.999572465866295543e-02
2.999572465867834589e-02
2.999572465865783799e-02
2.999572465864364448e-02
2.999572465863131060e-02
2.999572465863747234e-02
2.999572465863955748e-02
2.999572465865282464e-02
2.999572465868164534e-02
2.999572465867124046e-02
2.999572465867358234e-02
2.999572465867609075e-02
2.999572465868579133e-02
2.999572465868237392e-02
2.999572465868195412e-02
2.999572465868010837e-02
2.999572465868071552e-02
2.999572465869037100e-02
2.999572465868986793e-02
2.999572465869035018e-02
2.999572465865439630e-02
2.999572465866146703e-02
2.999572465866538404e-02
2.999572465867148680e-02
2.999572465869321247e-02
2.999572465869390983e-02
2.999572465869366697e-02
2.999572465873428379e-02
2.999572465873678526e-02
2.999572465869495067e-02
2.999572465869474250e-02
2.999572465870179588e-02
2.999572465871709961e-02
2.999572465870873478e-02
2.999572465871995150e-02
2.999572465875279328e-02
2.999572465876016586e-02
2.999572465874756136e-02
2.999572465875658886e-02
2.999572465877252056e-02
2.999572465879071087e-02
2.999572465877302363e-02
2.999572465877197239e-02
2.999572465877135830e-02
2.999572465877083094e-02
2.999572465877583041e-02
2.999572465879313948e-02
2.999572465878512853e-02
2.999572465879420113e-02
2.999572465878532282e-02
2.999572465878220379e-02
2.999572465878975330e-02
2.999572465881499353e-02
2.999572465881240185e-02
2.999572465881891400e-02
2.999572465883066502e-02
2.999572465882964847e-02
2.999572465883450917e-02
2.999572465885109313e-02
2.999572465885000025e-02
2.999572465883566796e-02
2.999572465885916653e-02
2.999572465885392766e-02
2.999572465882922867e-02
2.999572465883656308e-02
2.999572465883324282e-02
2.999572465880529989e-02
2.999572465880120942e-02
2.999572465881281819e-02
2.999572465879433991e-02
2.999572465878046906e-02
2.999572465877988967e-02
2.999572465878075703e-02
2.999572465877510183e-02
2.999572465877977170e-02
2.999572465879173783e-02
2.999572465880021022e-02
2.999572465882263325e-02
2.999572465878568364e-02
2.999572465877739860e-02
2.999572465880626093e-02
2.999572465882938826e-02
2.999572465881946565e-02
2.999572465883199382e-02
2.999572465886287190e-02
2.999572465888252631e-02
2.999572465891547218e-02
2.999572465893265982e-02
2.999572465893573028e-02
2.999572465893415862e-02
2.999572465895144688e-02
2.999572465893417250e-02
2.999572465894008791e-02
2.999572465892511725e-02
2.999572465892612338e-02
2.999572465897496279e-02
2.999572465897703405e-02
2.999572465897931695e-02
2.999572465898651952e-02
2.999572465899021101e-02
2.999572465898927079e-02
2.999572465901032339e-02
2.999572465901111790e-02
