4.170952088902752930e-01
4.170952102730335342e-01
4.170952110622474507e-01
4.170952119658603019e-01
4.170952124139131190e-01
4.170952128058784680e-01
4.170952128513589763e-01
4.170952126182700948e-01
4.170952122463339462e-01
4.170952113720839405e-01
4.170952105843063751e-01
4.170952091032269493e-01
4.170952079864729267e-01
4.170952060349754076e-01
4.170952046916934219e-01
4.170952023503102235e-01
4.170952009180591280e-01
4.170951983651708939e-01
4.170951969107701829e-01
4.170951943128329287e-01
4.170951929918358392e-01
4.170951905017445394e-01
4.170951895341686311e-01
4.170951873610987959e-01
4.170951868327420486e-01
4.170951850811662198e-01
4.170951851014003675e-01
4.170951838686727253e-01
4.170951844666940800e-01
4.170951838741853157e-01
4.170951850352888624e-01
4.170951850269699612e-01
4.170951867276219693e-01
4.170951873209582383e-01
4.170951896183435759e-01
4.170951906786497521e-01
4.170951932646736471e-01
4.170951946921265252e-01
4.170951974900531933e-01
4.170951991623821908e-01
4.170952019006671785e-01
4.170952036197441704e-01
4.170952061568315994e-01
4.170952076669919295e-01
4.170952097798668601e-01
4.170952110025873405e-01
4.170952124867792210e-01
4.170952132566869142e-01
4.170952139633394840e-01
4.170952141646177003e-01
4.170952140057732072e-01
4.170952135546277528e-01
4.170952124911289083e-01
4.170952113694886831e-01
4.170952093875171518e-01
4.170952076439054523e-01
4.170952048101952969e-01
4.170952025466514446e-01
4.170951989873409316e-01
4.170951963117575656e-01
4.170951921962676168e-01
4.170951892915243375e-01
4.170951847023372516e-01
4.170951818321820270e-01
4.170951771779912165e-01
4.170951742725204081e-01
4.170951699464219287e-01
4.170951674855249980e-01
4.170951633815080384e-01
4.170951615212181718e-01
4.170951580268485448e-01
4.170951569649242185e-01
4.170951541933327622e-01
4.170951540302306748e-01
4.170951521515300353e-01
4.170951529494700272e-01
4.170951520635442500e-01
4.170951537822906174e-01
4.170951538674530501e-01
4.170951565220905044e-01
4.170951575347785489e-01
4.170951608647835429e-01
4.170951626532214407e-01
4.170951667200986646e-01
4.170951692439203717e-01
4.170951737075589416e-01
4.170951765482863727e-01
4.170951811215921623e-01
4.170951842714999969e-01
4.170951887457030605e-01
4.170951917888753857e-01
4.170951957096103446e-01
4.170951984262136758e-01
4.170952018338975886e-01
4.170952040970347663e-01
4.170952064213662158e-01
4.170952078223894577e-01
4.170952091915043347e-01
4.170952097819367599e-01
4.170952099928139090e-01
4.170952097037270434e-01
4.170952087000305841e-01
4.170952075003120374e-01
4.170952053361176026e-01
4.170952033297716799e-01
4.170952000890916778e-01
4.170951973691432446e-01
4.170951933589719940e-01
4.170951901288151298e-01
4.170951854280495752e-01
4.170951817710056297e-01
4.170951765745556927e-01
4.170951729566260147e-01
4.170951678971790977e-01
4.170951644617225118e-01
4.170951593461894591e-01
4.170951564862018235e-01
4.170951519417825937e-01
4.170951497768932148e-01
4.170951458396362499e-01
4.170951445745807451e-01
4.170951415100417892e-01
4.170951412957444315e-01
4.170951392783096567e-01
4.170951401675466741e-01
4.170951392589080098e-01
4.170951412457332697e-01
4.170951414309941319e-01
4.170951444685045972e-01
4.170951457063699630e-01
4.170951496544547665e-01
4.170951518107863243e-01
4.170951565255104909e-01
4.170951594825327846e-01
4.170951645869309665e-01
4.170951679413207880e-01
4.170951733472729739e-01
4.170951770688414162e-01
4.170951826702536946e-01
4.170951864950367405e-01
4.170951917601462000e-01
4.170951953756756869e-01
4.170952000775713375e-01
4.170952032280400568e-01
4.170952071527292970e-01
4.170952098429137056e-01
4.170952129378235895e-01
4.170952148939680026e-01
4.170952170734879005e-01
4.170952182831723087e-01
4.170952194485838538e-01
4.170952199592037890e-01
4.170952201857316965e-01
4.170952199965176632e-01
4.170952193750677717e-01
4.170952186192221078e-01
4.170952172881715603e-01
4.170952161148436810e-01
4.170952141985513340e-01
4.170952127625904837e-01
4.170952105181126024e-01
4.170952090785547406e-01
4.170952067317323375e-01
4.170952054474524329e-01
4.170952031979441865e-01
4.170952021820076294e-01
4.170952002971227146e-01
4.170951997042712245e-01
4.170951982226630550e-01
4.170951981412686083e-01
4.170951971523882973e-01
4.170951976296753960e-01
4.170951972050592760e-01
4.170951981609720693e-01
4.170951982601794894e-01
4.170951996757679137e-01
4.170952002582176132e-01
4.170952019337041405e-01
4.170952027884060054e-01
4.170952045337586456e-01
4.170952055306627604e-01
4.170952071583093335e-01
4.170952081535600486e-01
4.170952094433821311e-01
4.170952102499057013e-01
4.170952110976274274e-01
4.170952114238071218e-01
4.170952115219573875e-01
4.170952111547149288e-01
4.170952102275887197e-01
4.170952090849787131e-01
4.170952070334093542e-01
4.170952049497581027e-01
4.170952017376208798e-01
4.170951987774491609e-01
4.170951942912374810e-01
4.170951904074592376e-01
4.170951847897662601e-01
4.170951802792320917e-01
4.170951735475083577e-01
4.170951683073019778e-01
4.170951608421269996e-01
4.170951549307783668e-01
4.170951468031351972e-01
4.170951405881411778e-01
4.170951323196051552e-01
4.170951263859159486e-01
4.170951179871448256e-01
4.170951125937360504e-01
4.170951044289188392e-01
4.170950992340834995e-01
4.170950918144560871e-01
4.170950877767913845e-01
4.170950809871097342e-01
4.170950779907213746e-01
4.170950724884510685e-01
4.170950708275366070e-01
4.170950665491698905e-01
4.170950663656138313e-01
4.170950636912216791e-01
4.170950650003816262e-01
4.170950638055506143e-01
4.170950665771031574e-01
4.170950667997246342e-01
4.170950710752075463e-01
4.170950726754648064e-01
4.170950780994245877e-01
4.170950809416884009e-01
4.170950877576348748e-01
4.170950917594608010e-01
4.170950989395044717e-01
4.170951036092154784e-01
4.170951117120054175e-01
4.170951171762814491e-01
4.170951251169324192e-01
4.170951308692083526e-01
4.170951392896661281e-01
4.170951450834667895e-01
4.170951533931296362e-01
4.170951589169279994e-01
4.170951663701411571e-01
4.170951716459910807e-01
4.170951787428853197e-01
4.170951833783119733e-01
4.170951898839601601e-01
4.170951941051937450e-01
4.170951997688556734e-01
4.170952032832055956e-01
4.170952081474462725e-01
4.170952111350039182e-01
4.170952152447608419e-01
4.170952175933359540e-01
4.170952208905591152e-01
4.170952226012785147e-01
4.170952252345595523e-01
4.170952263505436908e-01
4.170952283278809292e-01
4.170952289937105983e-01
4.170952305173608043e-01
4.170952306683860522e-01
4.170952315696316304e-01
4.170952313205634754e-01
4.170952318130168313e-01
4.170952311131204682e-01
4.170952311531800905e-01
4.170952300349379249e-01
4.170952296048500152e-01
4.170952279242872707e-01
4.170952269538835133e-01
4.170952244940623888e-01
4.170952230209723499e-01
4.170952199917660197e-01
4.170952177845999032e-01
4.170952136562746659e-01
4.170952105575453928e-01
4.170952053790519809e-01
4.170952014129850061e-01
4.170951952489689862e-01
4.170951901138272300e-01
4.170951824827138776e-01
4.170951764313178267e-01
4.170951672598349202e-01
4.170951600036391094e-01
4.170951493791203446e-01
4.170951412434952266e-01
4.170951298347496672e-01
4.170951205851712862e-01
4.170951080744927375e-01
4.170950976867433546e-01
4.170950839069572647e-01
4.170950728567322519e-01
4.170950581516104649e-01
4.170950469172152175e-01
4.170950321286419626e-01
4.170950208255108094e-01
4.170950058053055076e-01
4.170949945313240370e-01
4.170949798834968081e-01
4.170949693911767953e-01
4.170949551993398119e-01
4.170949459326223074e-01
4.170949328584213633e-01
4.170949252363291837e-01
4.170949137325735689e-01
4.170949082967966848e-01
4.170948989144491192e-01
4.170948955467528307e-01
4.170948884270351265e-01
4.170948873118167088e-01
4.170948823088403978e-01
4.170948838295346350e-01
4.170948817704123179e-01
4.170948860301090244e-01
4.170948864128593558e-01
4.170948932448461655e-01
4.170948962872289001e-01
4.170949056928541787e-01
4.170949111995579384e-01
4.170949229247273848e-01
4.170949307066989520e-01
4.170949449067413162e-01
4.170949547560789394e-01
4.170949705642987837e-01
4.170949819655760393e-01
4.170949988076686488e-01
4.170950115104920530e-01
4.170950297000729501e-01
4.170950433790833189e-01
4.170950616321763005e-01
4.170950758540524772e-01
4.170950940733694212e-01
4.170951081603262445e-01
4.170951259826453095e-01
4.170951401176505868e-01
4.170951571217161868e-01
4.170951702441519915e-01
4.170951868900983350e-01
4.170951992709501233e-01
4.170952145990342030e-01
4.170952257388741979e-01
4.170952394402702157e-01
4.170952491585498412e-01
4.170952613239180540e-01
4.170952703397821648e-01
4.170952810924916099e-01
4.170952884856484744e-01
4.170952975933473472e-01
4.170953036798501490e-01
4.170953114369191361e-01
4.170953163783679418e-01
4.170953228271312430e-01
4.170953264719783338e-01
4.170953314996530548e-01
4.170953340518331331e-01
4.170953380295614465e-01
4.170953395045601808e-01
4.170953424553057731e-01
4.170953428070475200e-01
4.170953447162370487e-01
4.170953440743111473e-01
4.170953448433765698e-01
4.170953430817926910e-01
4.170953427424453075e-01
4.170953398376692767e-01
4.170953384896767258e-01
4.170953344064136648e-01
4.170953319574993157e-01
4.170953266266539949e-01
4.170953230104650911e-01
4.170953162384870017e-01
4.170953110917315354e-01
4.170953025072492992e-01
4.170952959663010162e-01
4.170952860396315298e-01
4.170952785178499433e-01
4.170952674781473468e-01
4.170952586986068078e-01
4.170952461838041692e-01
4.170952357947227407e-01
4.170952215736989932e-01
4.170952102182380883e-01
4.170951945667604743e-01
4.170951821307083973e-01
4.170951646874935803e-01
4.170951520542433011e-01
4.170951349027083865e-01
4.170951217358586094e-01
4.170951041297444872e-01
4.170950907856676992e-01
4.170950722168991209e-01
4.170950591999217361e-01
4.170950416063739508e-01
4.170950295879209957e-01
4.170950129385434524e-01
4.170950023922337935e-01
4.170949863049948636e-01
4.170949769614162306e-01
4.170949631952144410e-01
4.170949562657884080e-01
4.170949448081546218e-01
4.170949403587293491e-01
4.170949320877621602e-01
4.170949302372891632e-01
4.170949240438053263e-01
4.170949252834435517e-01
4.170949221493907566e-01
4.170949265960602892e-01
4.170949267506157687e-01
4.170949344308376161e-01
4.170949375846373930e-01
4.170949479323945996e-01
4.170949540119589516e-01
4.170949672589100987e-01
4.170949759405246926e-01
4.170949921159775031e-01
4.170950031333852115e-01
4.170950215152596785e-01
4.170950347594446495e-01
4.170950548387654111e-01
4.170950697980239097e-01
4.170950902689514184e-01
4.170951060630143092e-01
4.170951277061528684e-01
4.170951454812545922e-01
4.170951670039855785e-01
4.170951848684883445e-01
4.170952078146316078e-01
4.170952250207086154e-01
4.170952472453339221e-01
4.170952645471061038e-01
4.170952850797504108e-01
4.170953012677922067e-01
4.170953207338846669e-01
4.170953359647717185e-01
4.170953544013585312e-01
4.170953683012096347e-01
4.170953855955663037e-01
4.170953979789521204e-01
4.170954133014462828e-01
4.170954241768053405e-01
4.170954376641259898e-01
4.170954467623365081e-01
4.170954584860483427e-01
4.170954660420527760e-01
4.170954758359493586e-01
4.170954816987614833e-01
4.170954900347264016e-01
4.170954941684317796e-01
4.170955006508182961e-01
4.170955031762180187e-01
4.170955079346923000e-01
4.170955088194445159e-01
4.170955119034336911e-01
4.170955110070729277e-01
4.170955125215095594e-01
4.170955100759009548e-01
4.170955100633025880e-01
4.170955057286228618e-01
4.170955041566508648e-01
4.170954977584639956e-01
4.170954939085043667e-01
4.170954859496309730e-01
4.170954806417071503e-01
4.170954714189586965e-01
4.170954644313407123e-01
4.170954530038740171e-01
4.170954438916537610e-01
4.170954304167866500e-01
4.170954200288513603e-01
4.170954042780264381e-01
4.170953923967518628e-01
4.170953755367989291e-01
4.170953623482493433e-01
4.170953431359877284e-01
4.170953286024953743e-01
4.170953090303329280e-01
4.170952933853962485e-01
4.170952730114496632e-01
4.170952572198876607e-01
4.170952368251480413e-01
4.170952211789777375e-01
4.170951985253927297e-01
4.170951829670509481e-01
4.170951623335502623e-01
4.170951483378711466e-01
4.170951288029242088e-01
4.170951145639885116e-01
4.170950963967696157e-01
4.170950839685930167e-01
4.170950670010605821e-01
4.170950582129866469e-01
4.170950440835337059e-01
4.170950376107605551e-01
4.170950263427691818e-01
4.170950231651779916e-01
4.170950147996380086e-01
4.170950149248239258e-01
4.170950100551773509e-01
4.170950138597313006e-01
4.170950131808585648e-01
4.170950207028099044e-01
4.170950232746705177e-01
4.170950345314962115e-01
4.170950409564815331e-01
4.170950560197664303e-01
4.170950660151785949e-01
4.170950846323076555e-01
4.170950977356540079e-01
4.170951193744510399e-01
4.170951358641862838e-01
4.170951597051767434e-01
4.170951780320695801e-01
4.170952041750416450e-01
4.170952251271559663e-01
4.170952528753438249e-01
4.170952748165681623e-01
4.170953041204013556e-01
4.170953269214712211e-01
4.170953560933925997e-01
4.170953793989264358e-01
4.170954086109368020e-01
4.170954320759902023e-01
4.170954619925076878e-01
4.170954851474694136e-01
4.170955135372580447e-01
4.170955356535839265e-01
4.170955623905449050e-01
4.170955833448828365e-01
4.170956080938315047e-01
4.170956274250975926e-01
4.170956513424030065e-01
4.170956683123241415e-01
4.170956901584286225e-01
4.170957056101972649e-01
4.170957245434338545e-01
4.170957377238818653e-01
4.170957540848088119e-01
4.170957646314933931e-01
4.170957788059622695e-01
4.170957872864652916e-01
4.170957987083387386e-01
4.170958045468144415e-01
4.170958135237201048e-01
4.170958169607870691e-01
4.170958234379315566e-01
4.170958245170458545e-01
4.170958286629534162e-01
4.170958269469311475e-01
4.170958285701879542e-01
4.170958246348775433e-01
4.170958238847567445e-01
4.170958174595519319e-01
4.170958140172792428e-01
4.170958052996695531e-01
4.170957993148404763e-01
4.170957875003747373e-01
4.170957792955951593e-01
4.170957644227991645e-01
4.170957530139840497e-01
4.170957365688338081e-01
4.170957238962688662e-01
4.170957038003187400e-01
4.170956887011547098e-01
4.170956661232681495e-01
4.170956480242496989e-01
4.170956235331525486e-01
4.170956041740662146e-01
4.170955793831241931e-01
4.170955582822017949e-01
4.170955308264726047e-01
4.170955086039726534e-01
4.170954793857599152e-01
4.170954562973949176e-01
4.170954275201631534e-01
4.170954055068420985e-01
4.170953763742936138e-01
4.170953546353139973e-01
4.170953254399343835e-01
4.170953047121274682e-01
4.170952775068582641e-01
4.170952578457626236e-01
4.170952328805049292e-01
4.170952160024627986e-01
4.170951932536341999e-01
4.170951792779702405e-01
4.170951592698333155e-01
4.170951485111502599e-01
4.170951322570318198e-01
4.170951256542543839e-01
4.170951133505106379e-01
4.170951114982820451e-01
4.170951035232878246e-01
4.170951057756863700e-01
4.170951029461615334e-01
4.170951099203088486e-01
4.170951115460721503e-01
4.170951234120028328e-01
4.170951295202310338e-01
4.170951455972254918e-01
4.170951559568567557e-01
4.170951762451221012e-01
4.170951906734968184e-01
4.170952142212800973e-01
4.170952321184686618e-01
4.170952590060157950e-01
4.170952801513441721e-01
4.170953098355722477e-01
4.170953332048524809e-01
4.170953656445555158e-01
4.170953915760130526e-01
4.170954249846157147e-01
4.170954525137555158e-01
4.170954877882738776e-01
4.170955156248817852e-01
4.170955500160687945e-01
4.170955784647560893e-01
4.170956133408842970e-01
4.170956404843013665e-01
4.170956741619820107e-01
4.170957009457155196e-01
4.170957324780170672e-01
4.170957577694021090e-01
4.170957880288719277e-01
4.170958108696952715e-01
4.170958394026995641e-01
4.170958605262714558e-01
4.170958866547269661e-01
4.170959051846949706e-01
4.170959284791016519e-01
4.170959440266535645e-01
4.170959638942825509e-01
4.170959765277919562e-01
4.170959934075970099e-01
4.170960033309534798e-01
4.170960169084031999e-01
4.170960236252838627e-01
4.170960340683527723e-01
4.170960376176539586e-01
4.170960446877983729e-01
4.170960447696728801e-01
4.170960484763717724e-01
4.170960453202612883e-01
4.170960457220205253e-01
4.170960392042014075e-01
4.170960363368782509e-01
4.170960265875197082e-01
4.170960207564793909e-01
4.170960067701474094e-01
4.170959975255128516e-01
4.170959796322549762e-01
4.170959668264758724e-01
4.170959463972263581e-01
4.170959295947300749e-01
4.170959064662664861e-01
4.170958873960394220e-01
4.170958608739517293e-01
4.170958389428688351e-01
4.170958091519497701e-01
4.170957853124455106e-01
4.170957526765421419e-01
4.170957250772857616e-01
4.170956902194685179e-01
4.170956622906209499e-01
4.170956269570443853e-01
4.170955968457421559e-01
4.170955604683322382e-01
4.170955291817190491e-01
4.170954917980077559e-01
4.170954609921139200e-01
4.170954234653352355e-01
4.170953943996758562e-01
4.170953572191161696e-01
4.170953295135303440e-01
4.170952956164722392e-01
4.170952702165997561e-01
4.170952369434780538e-01
4.170952141459484119e-01
4.170951839714799325e-01
4.170951651315844555e-01
4.170951399742695020e-01
4.170951253619756827e-01
4.170951033414189713e-01
4.170950927698970356e-01
4.170950758814248593e-01
4.170950701108817604e-01
4.170950593456153599e-01
4.170950592832355364e-01
4.170950530327396932e-01
4.170950586673041749e-01
4.170950581314588623e-01
4.170950691672218880e-01
4.170950742776003972e-01
4.170950908614058927e-01
4.170951009691702405e-01
4.170951222108120193e-01
4.170951375441158682e-01
4.170951628499623420e-01
4.170951828610336420e-01
4.170952123391138411e-01
4.170952365957192876e-01
4.170952706153511769e-01
4.170952986182744349e-01
4.170953364607512537e-01
4.170953668409443926e-01
4.170954057889854627e-01
4.170954382972794638e-01
4.170954799480895425e-01
4.170955122641605839e-01
4.170955525044869328e-01
4.170955856775839798e-01
4.170956264044851647e-01
4.170956587837579832e-01
4.170956992842339561e-01
4.170957312442177267e-01
4.170957706186091962e-01
4.170958020428325863e-01
4.170958390844934915e-01
4.170958672653787280e-01
4.170959019634243869e-01
4.170959282420267367e-01
4.170959594214499466e-01
4.170959825875607541e-01
4.170960105263506468e-01
4.170960300684976030e-01
4.170960551158794383e-01
4.170960715500502958e-01
4.170960934526160568e-01
4.170961066408935825e-01
4.170961241422682653e-01
4.170961331624566948e-01
4.170961464971196797e-01
4.170961516061233998e-01
4.170961608258862974e-01
4.170961618657919590e-01
4.170961672526361519e-01
4.170961644094318688e-01
4.170961658409718109e-01
4.170961587830767647e-01
4.170961558929262569e-01
4.170961445911031684e-01
4.170961376491301165e-01
4.170961226090931229e-01
4.170961120092885333e-01
4.170960926990262552e-01
4.170960783138475958e-01
4.170960555964808858e-01
4.170960370319795607e-01
4.170960101085143812e-01
4.170959889009014931e-01
4.170959583000389825e-01
4.170959338205330602e-01
4.170959007636192428e-01
4.170958736580702708e-01
4.170958372336170394e-01
4.170958076241820245e-01
4.170957702311962612e-01
4.170957379981738433e-01
4.170956993473933228e-01
4.170956670734889404e-01
4.170956262877338894e-01
4.170955934642501806e-01
4.170955507270012186e-01
4.170955194754093487e-01
4.170954771900715619e-01
4.170954440379921468e-01
4.170954045516573894e-01
4.170953729962997292e-01
4.170953358173692949e-01
4.170953073833204017e-01
4.170952709606151609e-01
4.170952459920376776e-01
4.170952146700088736e-01
4.170951928949566678e-01
4.170951640193545362e-01
4.170951463001025261e-01
4.170951219699182144e-01
4.170951105167397532e-01
4.170950922662826077e-01
4.170950851944077997e-01
4.170950721048479193e-01
4.170950707672591573e-01
4.170950634629462805e-01
4.170950678652604049e-01
4.170950661179145258e-01
4.170950759518136652e-01
4.170950797872013394e-01
4.170950950470074248e-01
4.170951042525103403e-01
4.170951239016721934e-01
4.170951381217455900e-01
4.170951627024502839e-01
4.170951817070278622e-01
4.170952108592874130e-01
4.170952328635278983e-01
4.170952662696413848e-01
4.170952921742406283e-01
4.170953271165604437e-01
4.170953554827838694e-01
4.170953924532583845e-01
4.170954224852646552e-01
4.170954623439771525e-01
4.170954932417263450e-01
4.170955323402704140e-01
4.170955630994068741e-01
4.170956015302709208e-01
4.170956322281675899e-01
4.170956709359028292e-01
4.170957002537998837e-01
4.170957374717209065e-01
4.170957642507379104e-01
4.170957988736336830e-01
4.170958248156801940e-01
4.170958561963603595e-01
4.170958789123808130e-01
4.170959064701071917e-01
4.170959256799420811e-01
4.170959496897373997e-01
4.170959649889792731e-01
4.170959856599972260e-01
4.170959969185479288e-01
4.170960129932945737e-01
4.170960199050857131e-01
4.170960314650309364e-01
4.170960340136764533e-01
4.170960411150280711e-01
4.170960389853728412e-01
4.170960412714460608e-01
4.170960340080940854e-01
4.170960313897057459e-01
4.170960193624877466e-01
4.170960118651861892e-01
4.170959945727832907e-01
4.170959814323618176e-01
4.170959598140489000e-01
4.170959424672197047e-01
4.170959161703331475e-01
4.170958949467650778e-01
4.170958618955574737e-01
4.170958345648803078e-01
4.170957974487771724e-01
4.170957663692724249e-01
4.170957257360622394e-01
4.170956898717854133e-01
4.170956458993290705e-01
4.170956077496977277e-01
4.170955602084321368e-01
4.170955159689896941e-01
4.170954613592104954e-01
4.170954160233961150e-01
4.170953598359206094e-01
4.170953138925280745e-01
4.170952565824411762e-01
4.170952062444582831e-01
4.170951475064479941e-01
4.170950957692303174e-01
4.170950360878238894e-01
4.170949869684417721e-01
4.170949276694290719e-01
4.170948787642249078e-01
4.170948233729401267e-01
4.170947781323151027e-01
4.170947250250787164e-01
4.170946810030494722e-01
4.170946290504014553e-01
4.170945889500352610e-01
4.170945437994298954e-01
4.170945088337534301e-01
4.170944672937735298e-01
4.170944390308550798e-01
4.170944039562425321e-01
4.170943816461324394e-01
4.170943538249642368e-01
4.170943381202347200e-01
4.170943159470611450e-01
4.170943075546964529e-01
4.170942932617189847e-01
4.170942922926100249e-01
4.170942849237107009e-01
4.170942914201038465e-01
4.170942916433059144e-01
4.170943050148416265e-01
4.170943124325472984e-01
4.170943327998309913e-01
4.170943469065449549e-01
4.170943742707345914e-01
4.170943939307220627e-01
4.170944263173258504e-01
4.170944512144950100e-01
4.170944877332222189e-01
4.170945178720987245e-01
4.170945591797874386e-01
4.170945943585752103e-01
4.170946402301663469e-01
4.170946768059307086e-01
4.170947243530019333e-01
4.170947633488709672e-01
4.170948119385695096e-01
4.170948502525752555e-01
4.170948989154291131e-01
4.170949378920543182e-01
4.170949858769294472e-01
4.170950234579690608e-01
4.170950692844711538e-01
4.170951065932251844e-01
4.170951487485022868e-01
4.170951825348775954e-01
4.170952242137738186e-01
4.170952555397359207e-01
4.170952910127819213e-01
4.170953184111397816e-01
4.170953521243845330e-01
4.170953748107045223e-01
4.170954028351815945e-01
4.170954213776992825e-01
4.170954449494355121e-01
4.170954574631280387e-01
4.170954753296461370e-01
4.170954829266711461e-01
4.170954950679779394e-01
4.170954968073237179e-01
4.170955034355531832e-01
4.170954991757542807e-01
4.170954997679011123e-01
4.170954896710554194e-01
4.170954841953868342e-01
4.170954680975436646e-01
4.170954571129372179e-01
4.170954351206646593e-01
4.170954181674011441e-01
4.170953894425744046e-01
4.170953663167770165e-01
4.170953323385683809e-01
4.170953040825625124e-01
4.170952656866508956e-01
4.170952315510223496e-01
4.170951865330532748e-01
4.170951489782961930e-01
4.170951011351550219e-01
4.170950591919521111e-01
4.170950059313139335e-01
4.170949601117731609e-01
4.170949029907266570e-01
4.170948503741587210e-01
4.170947890006949099e-01
4.170947355541517187e-01
4.170946741569389604e-01
4.170946211534193870e-01
4.170945572517862909e-01
4.170945023613214508e-01
4.170944379346052111e-01
4.170943815141823219e-01
4.170943172916998787e-01
4.170942634478387312e-01
4.170941986147435054e-01
4.170941462003270317e-01
4.170940848096902354e-01
4.170940348360873684e-01
4.170939781044933348e-01
4.170939336522979102e-01
4.170938810949520459e-01
4.170938400591076567e-01
4.170937919019270801e-01
4.170937576206745767e-01
4.170937155643409944e-01
4.170936865151060879e-01
4.170936517310940284e-01
4.170936296247370056e-01
4.170936025850582318e-01
4.170935884153437190e-01
4.170935674368348445e-01
4.170935604549602105e-01
4.170935471892396884e-01
4.170935478374903083e-01
4.170935422531538705e-01
4.170935505874426297e-01
4.170935522880979685e-01
4.170935669578006433e-01
4.170935754505643578e-01
4.170935975678483620e-01
4.170936127782172709e-01
4.170936404809263975e-01
4.170936608750014929e-01
4.170936935141936197e-01
4.170937187054023498e-01
4.170937559482731372e-01
4.170937860028428590e-01
4.170938262103526251e-01
4.170938575316694985e-01
4.170939008605126785e-01
4.170939341970198444e-01
4.170939784667455075e-01
4.170940135207398813e-01
4.170940567673108168e-01
4.170940918745620341e-01
4.170941353856270073e-01
4.170941708163512507e-01
4.170942145160409509e-01
4.170942478428221190e-01
