time H
0.000000000000000000e+00 2.999935798466782030e-02
1.000000000000000021e-02 2.999935762568830058e-02
2.000000000000000042e-02 2.999935730490828692e-02
2.999999999999999889e-02 2.999935702478991745e-02
4.000000000000000083e-02 2.999935678665725108e-02
5.000000000000000278e-02 2.999935659076976777e-02
5.999999999999999778e-02 2.999935643639373498e-02
7.000000000000000666e-02 2.999935632193713800e-02
8.000000000000000167e-02 2.999935624506492454e-02
8.999999999999999667e-02 2.999935620287249791e-02
1.000000000000000056e-01 2.999935619201547429e-02
1.100000000000000006e-01 2.999935620885992027e-02
1.199999999999999956e-01 2.999935624963640662e-02
1.300000000000000044e-01 2.999935631055423296e-02
1.400000000000000133e-01 2.999935638792135956e-02
1.499999999999999944e-01 2.999935647821204768e-02
1.600000000000000033e-01 2.999935657818330118e-02
1.700000000000000122e-01 2.999935668487982779e-02
1.799999999999999933e-01 2.999935679569692981e-02
1.900000000000000022e-01 2.999935690838354679e-02
2.000000000000000111e-01 2.999935702105638660e-02
2.099999999999999922e-01 2.999935713215689734e-02
2.200000000000000011e-01 2.999935724049141578e-02
2.300000000000000100e-01 2.999935734513154567e-02
2.399999999999999911e-01 2.999935744541529919e-02
2.500000000000000000e-01 2.999935754093919008e-02
2.600000000000000089e-01 2.999935763145181525e-02
2.700000000000000178e-01 2.999935771688453170e-02
2.800000000000000266e-01 2.999935779727646787e-02
2.899999999999999800e-01 2.999935787275045257e-02
2.999999999999999889e-01 2.999935794348752849e-02
3.099999999999999978e-01 2.999935800968360489e-02
3.200000000000000067e-01 2.999935807154045439e-02
3.300000000000000155e-01 2.999935812923836334e-02
3.400000000000000244e-01 2.999935818291262629e-02
3.500000000000000333e-01 2.999935823263927964e-02
3.599999999999999867e-01 2.999935827843431754e-02
3.699999999999999956e-01 2.999935832023272256e-02
3.800000000000000044e-01 2.999935835789402372e-02
3.900000000000000133e-01 2.999935839121370754e-02
4.000000000000000222e-01 2.999935841991692789e-02
4.100000000000000311e-01 2.999935844366599311e-02
4.199999999999999845e-01 2.999935846209448795e-02
4.299999999999999933e-01 2.999935847480103210e-02
4.400000000000000022e-01 2.999935848139295355e-02
4.500000000000000111e-01 2.999935848148016851e-02
4.600000000000000200e-01 2.999935847472301811e-02
4.700000000000000289e-01 2.999935846084183025e-02
4.799999999999999822e-01 2.999935843963298654e-02
4.899999999999999911e-01 2.999935841099749326e-02
5.000000000000000000e-01 2.999935837492976459e-02
5.100000000000000089e-01 2.999935833155743803e-02
5.200000000000000178e-01 2.999935828112335057e-02
5.300000000000000266e-01 2.999935822399349070e-02
5.400000000000000355e-01 2.999935816064577473e-02
5.500000000000000444e-01 2.999935809166237935e-02
5.600000000000000533e-01 2.999935801771771993e-02
5.700000000000000622e-01 2.999935793955048335e-02
5.799999999999999600e-01 2.999935785797218021e-02
5.899999999999999689e-01 2.999935777379183002e-02
5.999999999999999778e-01 2.999935768785950280e-02
6.099999999999999867e-01 2.999935760099389781e-02
6.199999999999999956e-01 2.999935751398297851e-02
6.300000000000000044e-01 2.999935742758359433e-02
6.400000000000000133e-01 2.999935734247076435e-02
6.500000000000000222e-01 2.999935725925918784e-02
6.600000000000000311e-01 2.999935717847340352e-02
6.700000000000000400e-01 2.999935710057154495e-02
6.800000000000000488e-01 2.999935702590659017e-02
6.900000000000000577e-01 2.999935695476874109e-02
7.000000000000000666e-01 2.999935688736172362e-02
7.099999999999999645e-01 2.999935682383600422e-02
7.199999999999999734e-01 2.999935676426900011e-02
7.299999999999999822e-01 2.999935670868435558e-02
7.399999999999999911e-01 2.999935665708491211e-02
7.500000000000000000e-01 2.999935660942884205e-02
7.600000000000000089e-01 2.999935656566242101e-02
7.700000000000000178e-01 2.999935652569245964e-02
7.800000000000000266e-01 2.999935648945093597e-02
7.900000000000000355e-01 2.999935645684138549e-02
8.000000000000000444e-01 2.999935642778167946e-02
8.100000000000000533e-01 2.999935640218336433e-02
8.200000000000000622e-01 2.999935637995267135e-02
8.300000000000000711e-01 2.999935636101389719e-02
8.399999999999999689e-01 2.999935634527856748e-02
8.499999999999999778e-01 2.999935633267203708e-02
8.599999999999999867e-01 2.999935632310851696e-02
8.699999999999999956e-01 2.999935631650888293e-02
8.800000000000000044e-01 2.999935631278527470e-02
8.900000000000000133e-01 2.999935631185936952e-02
9.000000000000000222e-01 2.999935631363507410e-02
9.100000000000000311e-01 2.999935631803006195e-02
9.200000000000000400e-01 2.999935632496281146e-02
9.300000000000000488e-01 2.999935633433939777e-02
9.400000000000000577e-01 2.999935634608143914e-02
9.500000000000000666e-01 2.999935636011012013e-02
9.599999999999999645e-01 2.999935637634494265e-02
9.699999999999999734e-01 2.999935639471790899e-02
9.799999999999999822e-01 2.999935641516311008e-02
9.899999999999999911e-01 2.999935643759658183e-02
1.000000000000000000e+00 2.999935646194381439e-02
1.010000000000000009e+00 2.999935648812474681e-02
1.020000000000000018e+00 2.999935651604298398e-02
1.030000000000000027e+00 2.999935654558206002e-02
1.040000000000000036e+00 2.999935657661422991e-02
1.050000000000000044e+00 2.999935660897829967e-02
1.060000000000000053e+00 2.999935664249506195e-02
1.070000000000000062e+00 2.999935667694610814e-02
1.080000000000000071e+00 2.999935671208926735e-02
1.090000000000000080e+00 2.999935674764626914e-02
1.100000000000000089e+00 2.999935678331397404e-02
1.110000000000000098e+00 2.999935681876333970e-02
1.120000000000000107e+00 2.999935685364857330e-02
1.130000000000000115e+00 2.999935688760987235e-02
1.140000000000000124e+00 2.999935692028483925e-02
1.150000000000000133e+00 2.999935695131369581e-02
1.159999999999999920e+00 2.999935698034278397e-02
1.169999999999999929e+00 2.999935700705227970e-02
1.179999999999999938e+00 2.999935703113270138e-02
1.189999999999999947e+00 2.999935705232302519e-02
1.199999999999999956e+00 2.999935707040134181e-02
1.209999999999999964e+00 2.999935708517992988e-02
1.219999999999999973e+00 2.999935709653392055e-02
1.229999999999999982e+00 2.999935710437166836e-02
1.239999999999999991e+00 2.999935710866120583e-02
1.250000000000000000e+00 2.999935710941145292e-02
1.260000000000000009e+00 2.999935710666787325e-02
1.270000000000000018e+00 2.999935710052690357e-02
1.280000000000000027e+00 2.999935709110488485e-02
1.290000000000000036e+00 2.999935707855335906e-02
1.300000000000000044e+00 2.999935706304281136e-02
1.310000000000000053e+00 2.999935704476232312e-02
1.320000000000000062e+00 2.999935702391106143e-02
1.330000000000000071e+00 2.999935700069643330e-02
1.340000000000000080e+00 2.999935697532750065e-02
1.350000000000000089e+00 2.999935694801634731e-02
1.360000000000000098e+00 2.999935691897499465e-02
1.370000000000000107e+00 2.999935688840907333e-02
1.380000000000000115e+00 2.999935685652895326e-02
1.390000000000000124e+00 2.999935682354211430e-02
1.400000000000000133e+00 2.999935678966013375e-02
1.409999999999999920e+00 2.999935675509354457e-02
1.419999999999999929e+00 2.999935672006509915e-02
1.429999999999999938e+00 2.999935668480621653e-02
1.439999999999999947e+00 2.999935664956522585e-02
1.449999999999999956e+00 2.999935661460512160e-02
1.459999999999999964e+00 2.999935658021359725e-02
1.469999999999999973e+00 2.999935654669484003e-02
1.479999999999999982e+00 2.999935651437395448e-02
1.489999999999999991e+00 2.999935648360313456e-02
1.500000000000000000e+00 2.999935645474846591e-02
1.510000000000000009e+00 2.999935642818822579e-02
1.520000000000000018e+00 2.999935640431043715e-02
1.530000000000000027e+00 2.999935638349378667e-02
1.540000000000000036e+00 2.999935636610565753e-02
1.550000000000000044e+00 2.999935635248365123e-02
1.560000000000000053e+00 2.999935634293635078e-02
1.570000000000000062e+00 2.999935633770471621e-02
1.580000000000000071e+00 2.999935633697620174e-02
1.590000000000000080e+00 2.999935634084873598e-02
1.600000000000000089e+00 2.999935634934257356e-02
1.610000000000000098e+00 2.999935636237855557e-02
1.620000000000000107e+00 2.999935637977486219e-02
1.630000000000000115e+00 2.999935640126147329e-02
1.640000000000000124e+00 2.999935642646981565e-02
1.650000000000000133e+00 2.999935645494157532e-02
1.660000000000000142e+00 2.999935648615537076e-02
1.669999999999999929e+00 2.999935651952752649e-02
1.679999999999999938e+00 2.999935655443799337e-02
1.689999999999999947e+00 2.999935659025949886e-02
1.699999999999999956e+00 2.999935662635989930e-02
1.709999999999999964e+00 2.999935666214492702e-02
1.719999999999999973e+00 2.999935669705913049e-02
1.729999999999999982e+00 2.999935673062358726e-02
1.739999999999999991e+00 2.999935676242652949e-02
1.750000000000000000e+00 2.999935679215538081e-02
1.760000000000000009e+00 2.999935681958339206e-02
1.770000000000000018e+00 2.999935684458528151e-02
1.780000000000000027e+00 2.999935686712516120e-02
1.790000000000000036e+00 2.999935688724400529e-02
1.800000000000000044e+00 2.999935690505770719e-02
1.810000000000000053e+00 2.999935692073547877e-02
1.820000000000000062e+00 2.999935693449150287e-02
1.830000000000000071e+00 2.999935694655644219e-02
1.840000000000000080e+00 2.999935695717523970e-02
1.850000000000000089e+00 2.999935696658627415e-02
1.860000000000000098e+00 2.999935697501037932e-02
1.870000000000000107e+00 2.999935698263745190e-02
1.880000000000000115e+00 2.999935698962866854e-02
1.890000000000000124e+00 2.999935699610500536e-02
1.900000000000000133e+00 2.999935700214295675e-02
1.910000000000000142e+00 2.999935700778149847e-02
1.919999999999999929e+00 2.999935701302109542e-02
1.929999999999999938e+00 2.999935701783314895e-02
1.939999999999999947e+00 2.999935702214258024e-02
1.949999999999999956e+00 2.999935702585984632e-02
1.959999999999999964e+00 2.999935702886638231e-02
1.969999999999999973e+00 2.999935703102477036e-02
1.979999999999999982e+00 2.999935703218236521e-02
1.989999999999999991e+00 2.999935703217517652e-02
2.000000000000000000e+00 2.999935703083118216e-02
2.010000000000000231e+00 2.999935702798197518e-02
2.020000000000000018e+00 2.999935702347091004e-02
2.030000000000000249e+00 2.999935701714883524e-02
2.040000000000000036e+00 2.999935700890805912e-02
2.049999999999999822e+00 2.999935699867461308e-02
2.060000000000000053e+00 2.999935698642745840e-02
2.069999999999999840e+00 2.999935697221234321e-02
2.080000000000000071e+00 2.999935695615614864e-02
2.089999999999999858e+00 2.999935693847129159e-02
2.100000000000000089e+00 2.999935691946507138e-02
2.109999999999999876e+00 2.999935689953277251e-02
2.120000000000000107e+00 2.999935687916908955e-02
2.129999999999999893e+00 2.999935685894111054e-02
2.140000000000000124e+00 2.999935683948137116e-02
2.149999999999999911e+00 2.999935682145956489e-02
2.160000000000000142e+00 2.999935680555430861e-02
2.169999999999999929e+00 2.999935679241093334e-02
2.180000000000000160e+00 2.999935678262424799e-02
2.189999999999999947e+00 2.999935677667359135e-02
2.200000000000000178e+00 2.999935677491136557e-02
2.209999999999999964e+00 2.999935677751874169e-02
2.220000000000000195e+00 2.999935678448396870e-02
2.229999999999999982e+00 2.999935679558892246e-02
2.240000000000000213e+00 2.999935681040492505e-02
2.250000000000000000e+00 2.999935682829858730e-02
2.260000000000000231e+00 2.999935684845171646e-02
2.270000000000000018e+00 2.999935686990607558e-02
2.280000000000000249e+00 2.999935689158868962e-02
2.290000000000000036e+00 2.999935691237659921e-02
2.300000000000000266e+00 2.999935693115560187e-02
2.310000000000000053e+00 2.999935694686991366e-02
2.319999999999999840e+00 2.999935695860434653e-02
2.330000000000000071e+00 2.999935696561682047e-02
2.339999999999999858e+00 2.999935696739337854e-02
2.350000000000000089e+00 2.999935696369650240e-02
2.359999999999999876e+00 2.999935695456812032e-02
2.370000000000000107e+00 2.999935694034660399e-02
2.379999999999999893e+00 2.999935692166085313e-02
2.390000000000000124e+00 2.999935689938949823e-02
2.399999999999999911e+00 2.999935687463603159e-02
2.410000000000000142e+00 2.999935684866941038e-02
2.419999999999999929e+00 2.999935682285637811e-02
2.430000000000000160e+00 2.999935679860193244e-02
2.439999999999999947e+00 2.999935677727293831e-02
2.450000000000000178e+00 2.999935676013568142e-02
2.459999999999999964e+00 2.999935674828697885e-02
2.470000000000000195e+00 2.999935674260360147e-02
2.479999999999999982e+00 2.999935674370398861e-02
2.490000000000000213e+00 2.999935675191961471e-02
2.500000000000000000e+00 2.999935676728336664e-02
2.510000000000000231e+00 2.999935678953725288e-02
2.520000000000000018e+00 2.999935681814926147e-02
2.530000000000000249e+00 2.999935685234052588e-02
2.540000000000000036e+00 2.999935689114168955e-02
2.550000000000000266e+00 2.999935693343189907e-02
2.560000000000000053e+00 2.999935697800323875e-02
2.569999999999999840e+00 2.999935702361003487e-02
2.580000000000000071e+00 2.999935706903073679e-02
2.589999999999999858e+00 2.999935711311831066e-02
2.600000000000000089e+00 2.999935715484331605e-02
2.609999999999999876e+00 2.999935719333053294e-02
2.620000000000000107e+00 2.999935722788240472e-02
2.629999999999999893e+00 2.999935725799625710e-02
2.640000000000000124e+00 2.999935728336201174e-02
2.649999999999999911e+00 2.999935730386812938e-02
2.660000000000000142e+00 2.999935731957351082e-02
2.669999999999999929e+00 2.999935733070110272e-02
2.680000000000000160e+00 2.999935733759606649e-02
2.689999999999999947e+00 2.999935734070991247e-02
2.700000000000000178e+00 2.999935734055864112e-02
2.709999999999999964e+00 2.999935733770375118e-02
2.720000000000000195e+00 2.999935733271066884e-02
2.729999999999999982e+00 2.999935732614083389e-02
2.740000000000000213e+00 2.999935731851241169e-02
2.750000000000000000e+00 2.999935731030062627e-02
2.760000000000000231e+00 2.999935730191539973e-02
2.770000000000000018e+00 2.999935729369556867e-02
2.780000000000000249e+00 2.999935728591730799e-02
2.790000000000000036e+00 2.999935727878576958e-02
2.800000000000000266e+00 2.999935727243650124e-02
2.810000000000000053e+00 2.999935726695459118e-02
2.819999999999999840e+00 2.999935726237781472e-02
2.830000000000000071e+00 2.999935725869423697e-02
2.839999999999999858e+00 2.999935725587340313e-02
2.850000000000000089e+00 2.999935725385588850e-02
2.859999999999999876e+00 2.999935725256951125e-02
2.870000000000000107e+00 2.999935725193967478e-02
2.879999999999999893e+00 2.999935725188125624e-02
2.890000000000000124e+00 2.999935725232084557e-02
2.899999999999999911e+00 2.999935725318409602e-02
2.910000000000000142e+00 2.999935725440603523e-02
2.919999999999999929e+00 2.999935725592850488e-02
2.930000000000000160e+00 2.999935725769414113e-02
2.939999999999999947e+00 2.999935725966141123e-02
2.950000000000000178e+00 2.999935726178328682e-02
2.959999999999999964e+00 2.999935726402044173e-02
2.970000000000000195e+00 2.999935726633418120e-02
2.979999999999999982e+00 2.999935726868403069e-02
2.990000000000000213e+00 2.999935727102630290e-02
3.000000000000000000e+00 2.999935727331485766e-02
3.010000000000000231e+00 2.999935727550891162e-02
3.020000000000000018e+00 2.999935727755463633e-02
3.030000000000000249e+00 2.999935727940043068e-02
3.040000000000000036e+00 2.999935728100266291e-02
3.050000000000000266e+00 2.999935728230668577e-02
3.060000000000000053e+00 2.999935728326531825e-02
3.070000000000000284e+00 2.999935728384438283e-02
3.080000000000000071e+00 2.999935728400950075e-02
3.089999999999999858e+00 2.999935728374006003e-02
3.100000000000000089e+00 2.999935728302432006e-02
3.109999999999999876e+00 2.999935728186283596e-02
3.120000000000000107e+00 2.999935728027386048e-02
3.129999999999999893e+00 2.999935727828626983e-02
3.140000000000000124e+00 2.999935727594362292e-02
3.149999999999999911e+00 2.999935727330363747e-02
3.160000000000000142e+00 2.999935727043991779e-02
3.169999999999999929e+00 2.999935726742813946e-02
3.180000000000000160e+00 2.999935726436484679e-02
3.189999999999999947e+00 2.999935726134438096e-02
3.200000000000000178e+00 2.999935725847486731e-02
3.209999999999999964e+00 2.999935725586105884e-02
3.220000000000000195e+00 2.999935725361140351e-02
3.229999999999999982e+00 2.999935725183746488e-02
3.240000000000000213e+00 2.999935725064384329e-02
3.250000000000000000e+00 2.999935725013478868e-02
3.260000000000000231e+00 2.999935725040792089e-02
3.270000000000000018e+00 2.999935725155555150e-02
3.280000000000000249e+00 2.999935725366185274e-02
3.290000000000000036e+00 2.999935725680344389e-02
3.300000000000000266e+00 2.999935726104753161e-02
3.310000000000000053e+00 2.999935726645406101e-02
3.320000000000000284e+00 2.999935727306836733e-02
3.330000000000000071e+00 2.999935728092788245e-02
3.339999999999999858e+00 2.999935729006133686e-02
3.350000000000000089e+00 2.999935730048444368e-02
3.359999999999999876e+00 2.999935731220488427e-02
3.370000000000000107e+00 2.999935732521675363e-02
3.379999999999999893e+00 2.999935733951004241e-02
3.390000000000000124e+00 2.999935735506292431e-02
3.399999999999999911e+00 2.999935737184981216e-02
3.410000000000000142e+00 2.999935738983549455e-02
3.419999999999999929e+00 2.999935740898258818e-02
3.430000000000000160e+00 2.999935742924626086e-02
3.439999999999999947e+00 2.999935745058111142e-02
3.450000000000000178e+00 2.999935747293333912e-02
3.459999999999999964e+00 2.999935749624831061e-02
3.470000000000000195e+00 2.999935752046429399e-02
3.479999999999999982e+00 2.999935754550946826e-02
3.490000000000000213e+00 2.999935757130640923e-02
3.500000000000000000e+00 2.999935759776721153e-02
3.510000000000000231e+00 2.999935762478390944e-02
3.520000000000000018e+00 2.999935765224481451e-02
3.530000000000000249e+00 2.999935768001189135e-02
3.540000000000000036e+00 2.999935770793626597e-02
3.550000000000000266e+00 2.999935773584978121e-02
3.560000000000000053e+00 2.999935776356922254e-02
3.570000000000000284e+00 2.999935779089761209e-02
3.580000000000000071e+00 2.999935781763252152e-02
3.589999999999999858e+00 2.999935784356750484e-02
3.600000000000000089e+00 2.999935786849172378e-02
3.609999999999999876e+00 2.999935789221493815e-02
3.620000000000000107e+00 2.999935791454973188e-02
3.629999999999999893e+00 2.999935793533849843e-02
3.640000000000000124e+00 2.999935795445046738e-02
3.649999999999999911e+00 2.999935797178538560e-02
3.660000000000000142e+00 2.999935798728153857e-02
3.669999999999999929e+00 2.999935800091761695e-02
3.680000000000000160e+00 2.999935801270890712e-02
3.689999999999999947e+00 2.999935802271033736e-02
3.700000000000000178e+00 2.999935803101235962e-02
3.709999999999999964e+00 2.999935803773040935e-02
3.720000000000000195e+00 2.999935804300913819e-02
3.729999999999999982e+00 2.999935804700688824e-02
3.740000000000000213e+00 2.999935804989221910e-02
3.750000000000000000e+00 2.999935805183501572e-02
3.760000000000000231e+00 2.999935805300078112e-02
3.770000000000000018e+00 2.999935805354305221e-02
3.780000000000000249e+00 2.999935805360449265e-02
3.790000000000000036e+00 2.999935805330393793e-02
3.800000000000000266e+00 2.999935805274245304e-02
3.810000000000000053e+00 2.999935805199983180e-02
3.820000000000000284e+00 2.999935805113922854e-02
3.830000000000000071e+00 2.999935805020293583e-02
3.839999999999999858e+00 2.999935804922250482e-02
3.850000000000000089e+00 2.999935804821526192e-02
3.859999999999999876e+00 2.999935804719659760e-02
3.870000000000000107e+00 2.999935804617270135e-02
3.879999999999999893e+00 2.999935804515440479e-02
3.890000000000000124e+00 2.999935804414895560e-02
3.899999999999999911e+00 2.999935804317180321e-02
3.910000000000000142e+00 2.999935804223874403e-02
3.919999999999999929e+00 2.999935804137075085e-02
3.930000000000000160e+00 2.999935804059171429e-02
3.939999999999999947e+00 2.999935803992872727e-02
3.950000000000000178e+00 2.999935803941056536e-02
3.959999999999999964e+00 2.999935803906600418e-02
3.970000000000000195e+00 2.999935803892354869e-02
3.979999999999999982e+00 2.999935803900947995e-02
3.990000000000000213e+00 2.999935803934953432e-02
4.000000000000000000e+00 2.999935803996704037e-02
4.009999999999999787e+00 2.999935804088378621e-02
4.020000000000000462e+00 2.999935804211936036e-02
4.030000000000000249e+00 2.999935804369330272e-02
4.040000000000000036e+00 2.999935804562322422e-02
4.049999999999999822e+00 2.999935804792575739e-02
4.060000000000000497e+00 2.999935805061680269e-02
4.070000000000000284e+00 2.999935805370995690e-02
4.080000000000000071e+00 2.999935805721615223e-02
4.089999999999999858e+00 2.999935806114438497e-02
4.099999999999999645e+00 2.999935806549958867e-02
4.110000000000000320e+00 2.999935807028086127e-02
4.120000000000000107e+00 2.999935807548516353e-02
4.129999999999999893e+00 2.999935808110729130e-02
4.139999999999999680e+00 2.999935808713652396e-02
4.150000000000000355e+00 2.999935809356581856e-02
4.160000000000000142e+00 2.999935810038830558e-02
4.169999999999999929e+00 2.999935810760495300e-02
4.179999999999999716e+00 2.999935811522589160e-02
4.190000000000000391e+00 2.999935812327668774e-02
4.200000000000000178e+00 2.999935813179595290e-02
4.209999999999999964e+00 2.999935814084373625e-02
4.219999999999999751e+00 2.999935815049865201e-02
4.230000000000000426e+00 2.999935816086033574e-02
4.240000000000000213e+00 2.999935817204365390e-02
4.250000000000000000e+00 2.999935818417958158e-02
4.259999999999999787e+00 2.999935819740524867e-02
4.270000000000000462e+00 2.999935821185888835e-02
4.280000000000000249e+00 2.999935822767111487e-02
4.290000000000000036e+00 2.999935824495619449e-02
4.299999999999999822e+00 2.999935826380192849e-02
4.310000000000000497e+00 2.999935828426195800e-02
4.320000000000000284e+00 2.999935830634944955e-02
4.330000000000000071e+00 2.999935833002954216e-02
4.339999999999999858e+00 2.999935835521776520e-02
4.350000000000000533e+00 2.999935838177875472e-02
4.360000000000000320e+00 2.999935840952850166e-02
4.370000000000000107e+00 2.999935843824048931e-02
4.379999999999999893e+00 2.999935846765162256e-02
4.389999999999999680e+00 2.999935849747272995e-02
4.400000000000000355e+00 2.999935852739978384e-02
4.410000000000000142e+00 2.999935855712427754e-02
4.419999999999999929e+00 2.999935858634732860e-02
4.429999999999999716e+00 2.999935861478893184e-02
4.440000000000000391e+00 2.999935864219802420e-02
4.450000000000000178e+00 2.999935866836140816e-02
4.459999999999999964e+00 2.999935869310905306e-02
4.469999999999999751e+00 2.999935871631502146e-02
4.480000000000000426e+00 2.999935873790095936e-02
4.490000000000000213e+00 2.999935875783219658e-02
4.500000000000000000e+00 2.999935877611432586e-02
4.509999999999999787e+00 2.999935879278746442e-02
4.520000000000000462e+00 2.999935880791968282e-02
4.530000000000000249e+00 2.999935882159943112e-02
4.540000000000000036e+00 2.999935883392957844e-02
4.549999999999999822e+00 2.999935884501921113e-02
4.560000000000000497e+00 2.999935885497915372e-02
4.570000000000000284e+00 2.999935886391656703e-02
4.580000000000000071e+00 2.999935887193230788e-02
4.589999999999999858e+00 2.999935887911854906e-02
4.600000000000000533e+00 2.999935888555726668e-02
4.610000000000000320e+00 2.999935889132048644e-02
4.620000000000000107e+00 2.999935889647036349e-02
4.629999999999999893e+00 2.999935890105982425e-02
4.639999999999999680e+00 2.999935890513219516e-02
4.650000000000000355e+00 2.999935890872248642e-02
4.660000000000000142e+00 2.999935891185636500e-02
4.669999999999999929e+00 2.999935891455008524e-02
4.679999999999999716e+00 2.999935891680887562e-02
4.690000000000000391e+00 2.999935891862660561e-02
4.700000000000000178e+00 2.999935891998454368e-02
4.709999999999999964e+00 2.999935892085072581e-02
4.719999999999999751e+00 2.999935892118003530e-02
4.730000000000000426e+00 2.999935892091518119e-02
4.740000000000000213e+00 2.999935891998854742e-02
4.750000000000000000e+00 2.999935891832484006e-02
4.759999999999999787e+00 2.999935891584520203e-02
4.770000000000000462e+00 2.999935891247158468e-02
4.780000000000000249e+00 2.999935890813198655e-02
4.790000000000000036e+00 2.999935890276538009e-02
4.799999999999999822e+00 2.999935889632674921e-02
4.810000000000000497e+00 2.999935888879101328e-02
4.820000000000000284e+00 2.999935888015602126e-02
4.830000000000000071e+00 2.999935887044431065e-02
4.839999999999999858e+00 2.999935885970285432e-02
4.850000000000000533e+00 2.999935884800174896e-02
4.860000000000000320e+00 2.999935883543077345e-02
4.870000000000000107e+00 2.999935882209511448e-02
4.879999999999999893e+00 2.999935880811002362e-02
4.889999999999999680e+00 2.999935879359486024e-02
4.900000000000000355e+00 2.999935877866750922e-02
4.910000000000000142e+00 2.999935876343886448e-02
4.919999999999999929e+00 2.999935874800866223e-02
4.929999999999999716e+00 2.999935873246250759e-02
4.940000000000000391e+00 2.999935871687037583e-02
4.950000000000000178e+00 2.999935870128698015e-02
4.959999999999999964e+00 2.999935868575343695e-02
4.969999999999999751e+00 2.999935867030061737e-02
4.980000000000000426e+00 2.999935865495320306e-02
4.990000000000000213e+00 2.999935863973455033e-02
5.000000000000000000e+00 2.999935862467130454e-02
5.009999999999999787e+00 2.999935860979779934e-02
5.020000000000000462e+00 2.999935859515957121e-02
5.030000000000000249e+00 2.999935858081532319e-02
5.040000000000000036e+00 2.999935856683756327e-02
5.049999999999999822e+00 2.999935855331171616e-02
5.060000000000000497e+00 2.999935854033345534e-02
5.070000000000000284e+00 2.999935852800473743e-02
5.080000000000000071e+00 2.999935851642917747e-02
5.089999999999999858e+00 2.999935850570630350e-02
5.100000000000000533e+00 2.999935849592619969e-02
5.110000000000000320e+00 2.999935848716437162e-02
5.120000000000000107e+00 2.999935847947746842e-02
5.129999999999999893e+00 2.999935847290027130e-02
5.139999999999999680e+00 2.999935846744413576e-02
5.150000000000000355e+00 2.999935846309694995e-02
5.160000000000000142e+00 2.999935845982468555e-02
5.169999999999999929e+00 2.999935845757407613e-02
5.179999999999999716e+00 2.999935845627671807e-02
5.190000000000000391e+00 2.999935845585350799e-02
5.200000000000000178e+00 2.999935845621927444e-02
5.209999999999999964e+00 2.999935845728771838e-02
5.219999999999999751e+00 2.999935845897516024e-02
5.230000000000000426e+00 2.999935846120405786e-02
5.240000000000000213e+00 2.999935846390512639e-02
5.250000000000000000e+00 2.999935846701850747e-02
5.259999999999999787e+00 2.999935847049411963e-02
5.270000000000000462e+00 2.999935847429101993e-02
5.280000000000000249e+00 2.999935847837584615e-02
5.290000000000000036e+00 2.999935848272190786e-02
5.299999999999999822e+00 2.999935848730732671e-02
5.310000000000000497e+00 2.999935849211416913e-02
5.320000000000000284e+00 2.999935849712789121e-02
5.330000000000000071e+00 2.999935850233757806e-02
5.339999999999999858e+00 2.999935850773662732e-02
5.350000000000000533e+00 2.999935851332523676e-02
5.360000000000000320e+00 2.999935851911061935e-02
5.370000000000000107e+00 2.999935852511109377e-02
5.379999999999999893e+00 2.999935853135686156e-02
5.389999999999999680e+00 2.999935853789185980e-02
5.400000000000000355e+00 2.999935854477376457e-02
5.410000000000000142e+00 2.999935855207389382e-02
5.419999999999999929e+00 2.999935855987492794e-02
5.429999999999999716e+00 2.999935856826678460e-02
5.440000000000000391e+00 2.999935857734327416e-02
5.450000000000000178e+00 2.999935858719443571e-02
5.459999999999999964e+00 2.999935859790191575e-02
5.469999999999999751e+00 2.999935860952962496e-02
5.480000000000000426e+00 2.999935862211968243e-02
5.490000000000000213e+00 2.999935863568427286e-02
5.500000000000000000e+00 2.999935865020272180e-02
5.509999999999999787e+00 2.999935866561683276e-02
5.520000000000000462e+00 2.999935868183076920e-02
5.530000000000000249e+00 2.999935869871231398e-02
5.540000000000000036e+00 2.999935871609566568e-02
5.549999999999999822e+00 2.999935873378660467e-02
5.560000000000000497e+00 2.999935875156944931e-02
5.570000000000000284e+00 2.999935876921510855e-02
5.580000000000000071e+00 2.999935878648989779e-02
5.589999999999999858e+00 2.999935880316468087e-02
5.600000000000000533e+00 2.999935881902369983e-02
5.610000000000000320e+00 2.999935883387094132e-02
5.620000000000000107e+00 2.999935884753912596e-02
5.629999999999999893e+00 2.999935885988998935e-02
5.639999999999999680e+00 2.999935887082266772e-02
5.650000000000000355e+00 2.999935888027034300e-02
5.660000000000000142e+00 2.999935888820094015e-02
5.669999999999999929e+00 2.999935889461630839e-02
5.679999999999999716e+00 2.999935889954647925e-02
5.690000000000000391e+00 2.999935890304582242e-02
5.700000000000000178e+00 2.999935890519067269e-02
5.709999999999999964e+00 2.999935890607113853e-02
5.719999999999999751e+00 2.999935890578738981e-02
5.730000000000000426e+00 2.999935890444788145e-02
5.740000000000000213e+00 2.999935890216108569e-02
5.750000000000000000e+00 2.999935889903820180e-02
5.759999999999999787e+00 2.999935889518538096e-02
5.770000000000000462e+00 2.999935889070567963e-02
5.780000000000000249e+00 2.999935888569768214e-02
5.790000000000000036e+00 2.999935888025297842e-02
5.799999999999999822e+00 2.999935887445580665e-02
5.810000000000000497e+00 2.999935886838399346e-02
5.820000000000000284e+00 2.999935886210648717e-02
5.830000000000000071e+00 2.999935885568348615e-02
5.839999999999999858e+00 2.999935884916407614e-02
5.850000000000000533e+00 2.999935884258847496e-02
5.860000000000000320e+00 2.999935883598293940e-02
5.870000000000000107e+00 2.999935882936474729e-02
5.879999999999999893e+00 2.999935882273662563e-02
5.889999999999999680e+00 2.999935881609069876e-02
5.900000000000000355e+00 2.999935880940795413e-02
5.910000000000000142e+00 2.999935880266187474e-02
5.919999999999999929e+00 2.999935879581734632e-02
5.929999999999999716e+00 2.999935878883722845e-02
5.940000000000000391e+00 2.999935878168218800e-02
5.950000000000000178e+00 2.999935877431429004e-02
5.959999999999999964e+00 2.999935876670301732e-02
5.969999999999999751e+00 2.999935875882214428e-02
5.980000000000000426e+00 2.999935875065609311e-02
5.990000000000000213e+00 2.999935874219941331e-02
6.000000000000000000e+00 2.999935873345652843e-02
6.009999999999999787e+00 2.999935872444149318e-02
6.020000000000000462e+00 2.999935871517822594e-02
6.030000000000000249e+00 2.999935870569514842e-02
6.040000000000000036e+00 2.999935869602397137e-02
6.049999999999999822e+00 2.999935868619936843e-02
6.060000000000000497e+00 2.999935867625370955e-02
6.070000000000000284e+00 2.999935866621478500e-02
6.080000000000000071e+00 2.999935865610706826e-02
6.089999999999999858e+00 2.999935864594677204e-02
6.100000000000000533e+00 2.999935863574726413e-02
6.110000000000000320e+00 2.999935862551681223e-02
6.120000000000000107e+00 2.999935861526080438e-02
6.129999999999999893e+00 2.999935860498515600e-02
6.140000000000000568e+00 2.999935859469898825e-02
6.150000000000000355e+00 2.999935858441702893e-02
6.160000000000000142e+00 2.999935857416318602e-02
6.169999999999999929e+00 2.999935856397539444e-02
6.179999999999999716e+00 2.999935855390142847e-02
6.190000000000000391e+00 2.999935854400190977e-02
6.200000000000000178e+00 2.999935853435201083e-02
6.209999999999999964e+00 2.999935852503642086e-02
6.219999999999999751e+00 2.999935851614753818e-02
6.230000000000000426e+00 2.999935850777975949e-02
6.240000000000000213e+00 2.999935850002987542e-02
6.250000000000000000e+00 2.999935849298508359e-02
6.259999999999999787e+00 2.999935848672432778e-02
6.270000000000000462e+00 2.999935848131033214e-02
6.280000000000000249e+00 2.999935847678579515e-02
6.290000000000000036e+00 2.999935847317275125e-02
6.299999999999999822e+00 2.999935847046873022e-02
6.310000000000000497e+00 2.999935846864845365e-02
6.320000000000000284e+00 2.999935846766162498e-02
6.330000000000000071e+00 2.999935846743875117e-02
6.339999999999999858e+00 2.999935846788982785e-02
6.350000000000000533e+00 2.999935846891263816e-02
6.360000000000000320e+00 2.999935847039324199e-02
6.370000000000000107e+00 2.999935847221677637e-02
6.379999999999999893e+00 2.999935847426462784e-02
6.390000000000000568e+00 2.999935847642499348e-02
6.400000000000000355e+00 2.999935847858987287e-02
6.410000000000000142e+00 2.999935848066934141e-02
6.419999999999999929e+00 2.999935848258237364e-02
6.429999999999999716e+00 2.999935848426492010e-02
6.440000000000000391e+00 2.999935848567109042e-02
6.450000000000000178e+00 2.999935848676952427e-02
6.459999999999999964e+00 2.999935848754366197e-02
6.469999999999999751e+00 2.999935848799377414e-02
6.480000000000000426e+00 2.999935848812904440e-02
6.490000000000000213e+00 2.999935848797507382e-02
6.500000000000000000e+00 2.999935848756147411e-02
6.509999999999999787e+00 2.999935848692649593e-02
6.520000000000000462e+00 2.999935848611170672e-02
6.530000000000000249e+00 2.999935848516168541e-02
6.540000000000000036e+00 2.999935848412068479e-02
6.549999999999999822e+00 2.999935848302922800e-02
6.560000000000000497e+00 2.999935848193060334e-02
6.570000000000000284e+00 2.999935848085704543e-02
6.580000000000000071e+00 2.999935847983553616e-02
6.589999999999999858e+00 2.999935847888906756e-02
6.600000000000000533e+00 2.999935847803185396e-02
6.610000000000000320e+00 2.999935847726811072e-02
6.620000000000000107e+00 2.999935847659720295e-02
6.629999999999999893e+00 2.999935847600687308e-02
6.640000000000000568e+00 2.999935847548323986e-02
6.650000000000000355e+00 2.999935847499994243e-02
6.660000000000000142e+00 2.999935847452950971e-02
6.669999999999999929e+00 2.999935847404076872e-02
6.679999999999999716e+00 2.999935847350002072e-02
6.690000000000000391e+00 2.999935847287247409e-02
6.700000000000000178e+00 2.999935847212471113e-02
6.709999999999999964e+00 2.999935847122901789e-02
6.719999999999999751e+00 2.999935847015270524e-02
6.730000000000000426e+00 2.999935846888002189e-02
6.740000000000000213e+00 2.999935846738763928e-02
6.750000000000000000e+00 2.999935846566303271e-02
6.759999999999999787e+00 2.999935846369575915e-02
6.770000000000000462e+00 2.999935846147935847e-02
6.780000000000000249e+00 2.999935845901122861e-02
6.790000000000000036e+00 2.999935845629039463e-02
6.799999999999999822e+00 2.999935845331012235e-02
6.810000000000000497e+00 2.999935845007471735e-02
6.820000000000000284e+00 2.999935844657586684e-02
6.830000000000000071e+00 2.999935844281309549e-02
6.839999999999999858e+00 2.999935843877853461e-02
6.850000000000000533e+00 2.999935843446696615e-02
6.860000000000000320e+00 2.999935842987177040e-02
6.870000000000000107e+00 2.999935842498395108e-02
6.879999999999999893e+00 2.999935841979845669e-02
6.890000000000000568e+00 2.999935841430696401e-02
6.900000000000000355e+00 2.999935840851389313e-02
6.910000000000000142e+00 2.999935840241658991e-02
6.919999999999999929e+00 2.999935839602303755e-02
6.929999999999999716e+00 2.999935838934189580e-02
6.940000000000000391e+00 2.999935838238856900e-02
6.950000000000000178e+00 2.999935837518154236e-02
6.959999999999999964e+00 2.999935836774023090e-02
6.969999999999999751e+00 2.999935836008994425e-02
6.980000000000000426e+00 2.999935835225818123e-02
6.990000000000000213e+00 2.999935834427507400e-02
7.000000000000000000e+00 2.999935833616744485e-02
7.009999999999999787e+00 2.999935832797108112e-02
7.020000000000000462e+00 2.999935831971495270e-02
7.030000000000000249e+00 2.999935831143221016e-02
7.040000000000000036e+00 2.999935830316053167e-02
7.049999999999999822e+00 2.999935829492846387e-02
7.060000000000000497e+00 2.999935828677881972e-02
7.070000000000000284e+00 2.999935827874870148e-02
7.080000000000000071e+00 2.999935827087737289e-02
7.089999999999999858e+00 2.999935826320785509e-02
7.100000000000000533e+00 2.999935825578523702e-02
7.110000000000000320e+00 2.999935824865129080e-02
7.120000000000000107e+00 2.999935824185001598e-02
7.129999999999999893e+00 2.999935823542991542e-02
7.140000000000000568e+00 2.999935822942744607e-02
7.150000000000000355e+00 2.999935822388452231e-02
7.160000000000000142e+00 2.999935821883466594e-02
7.169999999999999929e+00 2.999935821430993466e-02
7.179999999999999716e+00 2.999935821033240801e-02
7.190000000000000391e+00 2.999935820691623789e-02
7.200000000000000178e+00 2.999935820407044137e-02
7.209999999999999964e+00 2.999935820179811669e-02
7.219999999999999751e+00 2.999935820008349519e-02
7.230000000000000426e+00 2.999935819889774924e-02
7.240000000000000213e+00 2.999935819820956709e-02
7.250000000000000000e+00 2.999935819796163347e-02
7.259999999999999787e+00 2.999935819808013937e-02
7.270000000000000462e+00 2.999935819847350180e-02
7.280000000000000249e+00 2.999935819902451936e-02
7.290000000000000036e+00 2.999935819959085453e-02
7.299999999999999822e+00 2.999935820000854819e-02
7.310000000000000497e+00 2.999935820008639564e-02
7.320000000000000284e+00 2.999935819961116468e-02
7.330000000000000071e+00 2.999935819835505835e-02
7.339999999999999858e+00 2.999935819607939258e-02
7.350000000000000533e+00 2.999935819254200692e-02
7.360000000000000320e+00 2.999935818751152394e-02
7.370000000000000107e+00 2.999935818078059216e-02
7.379999999999999893e+00 2.999935817218354894e-02
7.390000000000000568e+00 2.999935816160331781e-02
7.400000000000000355e+00 2.999935814899592351e-02
7.410000000000000142e+00 2.999935813439409335e-02
7.419999999999999929e+00 2.999935811793099510e-02
7.429999999999999716e+00 2.999935809982917645e-02
7.440000000000000391e+00 2.999935808041635787e-02
7.450000000000000178e+00 2.999935806010867179e-02
7.459999999999999964e+00 2.999935803941196702e-02
7.469999999999999751e+00 2.999935801888893583e-02
7.480000000000000426e+00 2.999935799914967005e-02
7.490000000000000213e+00 2.999935798080809179e-02
7.500000000000000000e+00 2.999935796446175085e-02
7.509999999999999787e+00 2.999935795064245098e-02
7.520000000000000462e+00 2.999935793979354587e-02
7.530000000000000249e+00 2.999935793222831271e-02
7.540000000000000036e+00 2.999935792810637381e-02
7.549999999999999822e+00 2.999935792740966028e-02
7.560000000000000497e+00 2.999935792993157352e-02
7.570000000000000284e+00 2.999935793527402222e-02
7.580000000000000071e+00 2.999935794286239660e-02
7.589999999999999858e+00 2.999935795196069510e-02
7.600000000000000533e+00 2.999935796170533769e-02
7.610000000000000320e+00 2.999935797115212480e-02
7.620000000000000107e+00 2.999935797932388321e-02
7.629999999999999893e+00 2.999935798525643627e-02
7.640000000000000568e+00 2.999935798807078918e-02
7.650000000000000355e+00 2.999935798701403381e-02
7.660000000000000142e+00 2.999935798151610877e-02
7.669999999999999929e+00 2.999935797122493808e-02
7.679999999999999716e+00 2.999935795604058431e-02
7.690000000000000391e+00 2.999935793612868232e-02
7.700000000000000178e+00 2.999935791191669227e-02
7.709999999999999964e+00 2.999935788408596149e-02
7.719999999999999751e+00 2.999935785354149870e-02
7.730000000000000426e+00 2.999935782136854689e-02
7.740000000000000213e+00 2.999935778877728387e-02
7.750000000000000000e+00 2.999935775703930357e-02
7.759999999999999787e+00 2.999935772743037368e-02
7.770000000000000462e+00 2.999935770115886441e-02
7.780000000000000249e+00 2.999935767930483888e-02
7.790000000000000036e+00 2.999935766276193988e-02
7.799999999999999822e+00 2.999935765220159561e-02
7.810000000000000497e+00 2.999935764803027954e-02
7.820000000000000284e+00 2.999935765037659713e-02
7.830000000000000071e+00 2.999935765909285054e-02
7.839999999999999858e+00 2.999935767376899279e-02
7.850000000000000533e+00 2.999935769374563466e-02
7.860000000000000320e+00 2.999935771817005548e-02
7.870000000000000107e+00 2.999935774603434968e-02
7.879999999999999893e+00 2.999935777622874528e-02
7.890000000000000568e+00 2.999935780760382836e-02
7.900000000000000355e+00 2.999935783902337935e-02
7.910000000000000142e+00 2.999935786941251847e-02
7.919999999999999929e+00 2.999935789780588946e-02
7.930000000000000604e+00 2.999935792338739513e-02
7.940000000000000391e+00 2.999935794551414348e-02
7.950000000000000178e+00 2.999935796372242211e-02
7.959999999999999964e+00 2.999935797774753304e-02
7.969999999999999751e+00 2.999935798750645588e-02
7.980000000000000426e+00 2.999935799308402901e-02
7.990000000000000213e+00 2.999935799470988124e-02
8.000000000000000000e+00 2.999935799273414916e-02
8.009999999999999787e+00 2.999935798759315042e-02
8.019999999999999574e+00 2.999935797976891264e-02
8.029999999999999361e+00 2.999935796977155206e-02
8.040000000000000924e+00 2.999935795810225458e-02
8.050000000000000711e+00 2.999935794523242438e-02
8.060000000000000497e+00 2.999935793158085492e-02
8.070000000000000284e+00 2.999935791750233532e-02
8.080000000000000071e+00 2.999935790328121799e-02
8.089999999999999858e+00 2.999935788912453521e-02
8.099999999999999645e+00 2.999935787517431923e-02
8.109999999999999432e+00 2.999935786149256212e-02
8.120000000000000995e+00 2.999935784809906053e-02
8.130000000000000782e+00 2.999935783496093106e-02
8.140000000000000568e+00 2.999935782200598144e-02
8.150000000000000355e+00 2.999935780914880779e-02
8.160000000000000142e+00 2.999935779628820978e-02
8.169999999999999929e+00 2.999935778332123854e-02
8.179999999999999716e+00 2.999935777015344182e-02
8.189999999999999503e+00 2.999935775670097698e-02
8.199999999999999289e+00 2.999935774290028723e-02
8.210000000000000853e+00 2.999935772871374640e-02
8.220000000000000639e+00 2.999935771411543078e-02
8.230000000000000426e+00 2.999935769911266092e-02
8.240000000000000213e+00 2.999935768373632183e-02
8.250000000000000000e+00 2.999935766803202980e-02
8.259999999999999787e+00 2.999935765207337526e-02
8.269999999999999574e+00 2.999935763594331964e-02
8.279999999999999361e+00 2.999935761974405896e-02
8.290000000000000924e+00 2.999935760358544978e-02
8.300000000000000711e+00 2.999935758758410370e-02
8.310000000000000497e+00 2.999935757185666352e-02
8.320000000000000284e+00 2.999935755652324842e-02
8.330000000000000071e+00 2.999935754169358315e-02
8.339999999999999858e+00 2.999935752746413220e-02
8.349999999999999645e+00 2.999935751391844332e-02
8.359999999999999432e+00 2.999935750111748858e-02
8.370000000000000995e+00 2.999935748909638225e-02
8.380000000000000782e+00 2.999935747786922763e-02
8.390000000000000568e+00 2.999935746741658887e-02
8.400000000000000355e+00 2.999935745769775550e-02
8.410000000000000142e+00 2.999935744863808929e-02
8.419999999999999929e+00 2.999935744013995653e-02
8.429999999999999716e+00 2.999935743208714811e-02
8.439999999999999503e+00 2.999935742434339803e-02
8.449999999999999289e+00 2.999935741676765938e-02
8.460000000000000853e+00 2.999935740921510705e-02
8.470000000000000639e+00 2.999935740153732849e-02
8.480000000000000426e+00 2.999935739360386211e-02
8.490000000000000213e+00 2.999935738529823509e-02
8.500000000000000000e+00 2.999935737652565174e-02
8.509999999999999787e+00 2.999935736721808660e-02
8.519999999999999574e+00 2.999935735733388550e-02
8.529999999999999361e+00 2.999935734685488242e-02
8.540000000000000924e+00 2.999935733580125913e-02
8.550000000000000711e+00 2.999935732421966927e-02
8.560000000000000497e+00 2.999935731217120288e-02
8.570000000000000284e+00 2.999935729974451126e-02
8.580000000000000071e+00 2.999935728703740853e-02
8.589999999999999858e+00 2.999935727416506992e-02
8.599999999999999645e+00 2.999935726123721669e-02
8.609999999999999432e+00 2.999935724836928427e-02
8.620000000000000995e+00 2.999935723567135129e-02
8.630000000000000782e+00 2.999935722324147125e-02
8.640000000000000568e+00 2.999935721117000242e-02
8.650000000000000355e+00 2.999935719952691315e-02
8.660000000000000142e+00 2.999935718838182830e-02
8.669999999999999929e+00 2.999935717777936495e-02
8.679999999999999716e+00 2.999935716775756905e-02
8.689999999999999503e+00 2.999935715833835712e-02
8.700000000000001066e+00 2.999935714954320501e-02
8.710000000000000853e+00 2.999935714137154374e-02
8.720000000000000639e+00 2.999935713383432637e-02
8.730000000000000426e+00 2.999935712692834017e-02
8.740000000000000213e+00 2.999935712065330412e-02
8.750000000000000000e+00 2.999935711500214403e-02
8.759999999999999787e+00 2.999935710997089777e-02
8.769999999999999574e+00 2.999935710555550611e-02
8.779999999999999361e+00 2.999935710174818707e-02
8.790000000000000924e+00 2.999935709854119337e-02
8.800000000000000711e+00 2.999935709592217378e-02
8.810000000000000497e+00 2.999935709386601299e-02
8.820000000000000284e+00 2.999935709236291673e-02
8.830000000000000071e+00 2.999935709137116491e-02
8.839999999999999858e+00 2.999935709085291280e-02
8.849999999999999645e+00 2.999935709076081286e-02
8.859999999999999432e+00 2.999935709104104009e-02
8.870000000000000995e+00 2.999935709161871689e-02
8.880000000000000782e+00 2.999935709242455145e-02
8.890000000000000568e+00 2.999935709337255008e-02
8.900000000000000355e+00 2.999935709438040360e-02
8.910000000000000142e+00 2.999935709535497125e-02
8.919999999999999929e+00 2.999935709620050323e-02
8.929999999999999716e+00 2.999935709683287932e-02
8.939999999999999503e+00 2.999935709716401028e-02
8.950000000000001066e+00 2.999935709711242654e-02
8.960000000000000853e+00 2.999935709660991184e-02
8.970000000000000639e+00 2.999935709559453656e-02
8.980000000000000426e+00 2.999935709402182238e-02
8.990000000000000213e+00 2.999935709184733956e-02
9.000000000000000000e+00 2.999935708905921219e-02
9.009999999999999787e+00 2.999935708564326758e-02
9.019999999999999574e+00 2.999935708159998798e-02
9.029999999999999361e+00 2.999935707695292400e-02
9.040000000000000924e+00 2.999935707172079677e-02
9.050000000000000711e+00 2.999935706593971629e-02
9.060000000000000497e+00 2.999935705965140267e-02
9.070000000000000284e+00 2.999935705290480981e-02
9.080000000000000071e+00 2.999935704574781259e-02
9.089999999999999858e+00 2.999935703823495420e-02
9.099999999999999645e+00 2.999935703041750612e-02
9.109999999999999432e+00 2.999935702236292828e-02
9.120000000000000995e+00 2.999935701411880415e-02
9.130000000000000782e+00 2.999935700574374309e-02
9.140000000000000568e+00 2.999935699729869634e-02
9.150000000000000355e+00 2.999935698884698132e-02
9.160000000000000142e+00 2.999935698044657248e-02
9.169999999999999929e+00 2.999935697216708080e-02
9.179999999999999716e+00 2.999935696406388907e-02
9.189999999999999503e+00 2.999935695622324427e-02
9.200000000000001066e+00 2.999935694870029673e-02
9.210000000000000853e+00 2.999935694157974952e-02
9.220000000000000639e+00 2.999935693493138364e-02
9.230000000000000426e+00 2.999935692882160776e-02
9.240000000000000213e+00 2.999935692332857465e-02
9.250000000000000000e+00 2.999935691851742317e-02
9.259999999999999787e+00 2.999935691444133301e-02
9.269999999999999574e+00 2.999935691116138378e-02
9.279999999999999361e+00 2.999935690870939378e-02
9.290000000000000924e+00 2.999935690711673375e-02
9.300000000000000711e+00 2.999935690640556304e-02
9.310000000000000497e+00 2.999935690656502923e-02
9.320000000000000284e+00 2.999935690758697565e-02
9.330000000000000071e+00 2.999935690944244282e-02
9.339999999999999858e+00 2.999935691207163482e-02
9.349999999999999645e+00 2.999935691541042934e-02
9.359999999999999432e+00 2.999935691937750601e-02
9.370000000000000995e+00 2.999935692385750918e-02
9.380000000000000782e+00 2.999935692873904880e-02
9.390000000000000568e+00 2.999935693388715990e-02
9.400000000000000355e+00 2.999935693914380225e-02
9.410000000000000142e+00 2.999935694436459133e-02
9.419999999999999929e+00 2.999935694937293923e-02
9.429999999999999716e+00 2.999935695399695915e-02
9.439999999999999503e+00 2.999935695807513791e-02
9.450000000000001066e+00 2.999935696143411074e-02
9.460000000000000853e+00 2.999935696391778372e-02
9.470000000000000639e+00 2.999935696539746122e-02
9.480000000000000426e+00 2.999935696575519936e-02
9.490000000000000213e+00 2.999935696489324649e-02
9.500000000000000000e+00 2.999935696275933192e-02
9.509999999999999787e+00 2.999935695933441532e-02
9.519999999999999574e+00 2.999935695462242063e-02
9.529999999999999361e+00 2.999935694867326627e-02
9.540000000000000924e+00 2.999935694156716931e-02
9.550000000000000711e+00 2.999935693342997006e-02
9.560000000000000497e+00 2.999935692439150564e-02
9.570000000000000284e+00 2.999935691461739357e-02
9.580000000000000071e+00 2.999935690427975657e-02
9.589999999999999858e+00 2.999935689356202778e-02
9.599999999999999645e+00 2.999935688263636116e-02
9.609999999999999432e+00 2.999935687166394374e-02
9.620000000000000995e+00 2.999935686078401831e-02
9.630000000000000782e+00 2.999935685011909797e-02
9.640000000000000568e+00 2.999935683975546788e-02
9.650000000000000355e+00 2.999935682974841714e-02
9.660000000000000142e+00 2.999935682012596500e-02
9.669999999999999929e+00 2.999935681088671327e-02
9.679999999999999716e+00 2.999935680199848284e-02
9.689999999999999503e+00 2.999935679341565048e-02
9.700000000000001066e+00 2.999935678509495912e-02
9.710000000000000853e+00 2.999935677695870703e-02
9.720000000000000639e+00 2.999935676895773562e-02
9.730000000000000426e+00 2.999935676103212406e-02
9.740000000000000213e+00 2.999935675312788777e-02
9.750000000000000000e+00 2.999935674522391515e-02
9.759999999999999787e+00 2.999935673727792060e-02
9.769999999999999574e+00 2.999935672928559505e-02
9.779999999999999361e+00 2.999935672123091313e-02
9.790000000000000924e+00 2.999935671311717775e-02
9.800000000000000711e+00 2.999935670494153356e-02
9.810000000000000497e+00 2.999935669670859839e-02
9.820000000000000284e+00 2.999935668842209843e-02
9.830000000000000071e+00 2.999935668010662165e-02
9.839999999999999858e+00 2.999935667180163995e-02
9.849999999999999645e+00 2.999935666356452063e-02
9.859999999999999432e+00 2.999935665551908132e-02
9.870000000000000995e+00 2.999935664784387016e-02
9.880000000000000782e+00 2.999935664079534173e-02
9.890000000000000568e+00 2.999935663472788616e-02
9.900000000000000355e+00 2.999935663011782730e-02
9.910000000000000142e+00 2.999935662754175947e-02
9.919999999999999929e+00 2.999935662773084780e-02
9.929999999999999716e+00 2.999935663150182438e-02
9.939999999999999503e+00 2.999935663979306361e-02
9.950000000000001066e+00 2.999935665361072937e-02
9.960000000000000853e+00 2.999935667397432559e-02
9.970000000000000639e+00 2.999935670192831888e-02
