2.999883265870259552e-02
3.177432785333733634e-02
2.454330148290287394e-02
1.439581840754255125e-02
1.336424552127263646e-02
3.104286754332177475e-02
6.668885467331750472e-02
1.065142762183561853e-01
1.297784049284108343e-01
1.216796712808983355e-01
8.418891120523651350e-02
3.828547827429244765e-02
1.263572289659916151e-02
2.546397938212360129e-02
7.062090919649076370e-02
1.182097973444485445e-01
1.336383465135195792e-01
1.021043577581555173e-01
4.523326300169129566e-02
1.199245770846415170e-02
4.899657345985500290e-02
1.643269473814728265e-01
3.118840492441552481e-01
4.117676159407240855e-01
3.984194727104036771e-01
2.705820979230482148e-01
1.038013659380453979e-01
1.302593955619931257e-02
7.857461911315224978e-02
2.835756150027755051e-01
5.099772951557567380e-01
6.054015401438189725e-01
4.909533654955017812e-01
2.334451870103687321e-01
2.942412820038935520e-02
8.689773917535195680e-02
4.754644081646837162e-01
1.043555366444127497e+00
1.477647836873055232e+00
1.493476863572304802e+00
1.042754383365093851e+00
3.978597810756869246e-01
1.948096670227370680e-02
2.666853027778222085e-01
1.120964456945428678e+00
2.127972642727868902e+00
2.645990519020620990e+00
2.275374743628299612e+00
1.206013271307196488e+00
1.993053944962176471e-01
1.563927521923344499e-01
1.488138349581538789e+00
3.710379358580688791e+00
5.603774369914714448e+00
5.934569083220621266e+00
4.343680156381648061e+00
1.779544057356460929e+00
8.753826696930505635e-02
8.622272384976878978e-01
4.254345916775108982e+00
8.580293156456148651e+00
1.117601300678387766e+01
1.014476554879762027e+01
5.892724348719104555e+00
1.322759288332366889e+00
2.402889052236266143e-01
4.782199956648689465e+00
1.351450864077799530e+01
2.171975733802891639e+01
2.413008729080885217e+01
1.861012886938579669e+01
8.355912155781322070e+00
6.754389084510578067e-01
2.568898228091688551e+00
1.562032099283479525e+01
3.376931023932620235e+01
4.617002750972275038e+01
4.408492585506463257e+01
2.769035090824461065e+01
7.790192785330411596e+00
2.044743225198782932e-01
1.533695681534690713e+01
4.951987550376198044e+01
8.476202948566761108e+01
9.880042067459484656e+01
8.035065943387353116e+01
3.952338028097634748e+01
4.954861207177721383e+00
6.919393486475082788e+00
5.582749283167761689e+01
1.306899905299737270e+02
1.879404912482941086e+02
1.884537916889277938e+02
1.268522770209263086e+02
4.245234740208562130e+01
2.543153334839821575e-02
4.819658371188323542e+01
1.809278020164615555e+02
3.306447509114877903e+02
4.045364648602689499e+02
3.465595951666456926e+02
1.856916196994366715e+02
3.251768173506524562e+01
1.615801989055455934e+01
1.947905772059752962e+02
4.991906544080938488e+02
7.569434964934678192e+02
7.963058655573037186e+02
5.710473182944861037e+02
2.199733416764146341e+02
4.818855382710895974e+00
1.462266392365284844e+02
6.557639062205536220e+02
1.284732435914662574e+03
1.650853221537497120e+03
1.487898911757920814e+03
8.626080818152249776e+02
1.954458847373251444e+02
2.949792620918590913e+01
6.632792194680538387e+02
1.885118725676536314e+03
3.022344099694942088e+03
3.334544567057702352e+03
2.536661362744659073e+03
1.100283917163980277e+03
6.886982972161240468e+01
4.210981824582159447e+02
2.349980494447889669e+03
4.962543578650847849e+03
6.704182214442676923e+03
6.349346537364375763e+03
3.958407055610396128e+03
1.100367952890090464e+03
2.982404559319209625e+01
2.198280042211823911e+03
7.041080456058623895e+03
1.197481756251218758e+04
1.385592473652329318e+04
1.114560825403529998e+04
5.358156606458466740e+03
5.974858540278596593e+02
1.123121190354487680e+03
8.303174909698944248e+03
1.903397056345899546e+04
2.707245147619220734e+04
2.691680465672275386e+04
1.794925187806296526e+04
5.896938285101046858e+03
4.909141857506212070e-02
7.055428002374789685e+03
2.600441253472819881e+04
4.709570643231977010e+04
5.717121758515776310e+04
4.850676238124015799e+04
2.553992096302120262e+04
4.177228443975893242e+03
2.657235995737995381e+03
2.884564223491949451e+04
7.242804810053268739e+04
1.086611601051554753e+05
1.133446069701652450e+05
8.048491177072099526e+04
3.041451361732522128e+04
5.264912552049299848e+02
2.175347965076022592e+04
9.488901007912545174e+04
1.838620755207471666e+05
2.343226852446576813e+05
2.092929439045272593e+05
1.195805479818360764e+05
2.586104053869553900e+04
5.087454485526910503e+03
9.821043299404843128e+04
2.732132229157390539e+05
4.333781123596290709e+05
4.741104520382910850e+05
3.571691312225806760e+05
1.521477610701733502e+05
8.429703651583529791e+03
6.362111402600412839e+04
3.416833288089532289e+05
7.124022760379087413e+05
9.541643941788244992e+05
8.958452127322732704e+05
5.513685447166329250e+05
1.479984883440461708e+05
6.021831602310656308e+03
3.263465116960936575e+05
1.020857253117781715e+06
1.717156152805318125e+06
1.970144461268265732e+06
1.569833799311401322e+06
7.423239351137775229e+05
7.646691951541861636e+04
1.728576729377225856e+05
1.212161026534954319e+06
2.738716574328842107e+06
3.860403329057446215e+06
3.805733468940346036e+06
2.508337952350962441e+06
8.013252395068567712e+05
5.023232213630325305e+02
1.052474384211795637e+06
3.774875145753453020e+06
6.757794687094080262e+06
8.133862508815453388e+06
6.838197017904684879e+06
3.546841767937364988e+06
5.480758616488891421e+05
4.202139697800837457e+05
4.227587721843610518e+06
1.044173708539985493e+07
1.551815923895440064e+07
1.605175276740955375e+07
1.127530727765288390e+07
4.162682848435359076e+06
5.088806555260884488e+04
3.268128494647704996e+06
1.379890927564846352e+07
2.640839964245947078e+07
3.336618777037813514e+07
2.953818765852271393e+07
1.664743834382525273e+07
3.447987786273944192e+06
8.449625260008490877e+05
1.445410341341089271e+07
3.946096222877269983e+07
6.197517139774677902e+07
6.723603752264457941e+07
5.013847463599626720e+07
2.093600474903353676e+07
9.993265607443725457e+05
9.655118864981761202e+06
4.979861052349960059e+07
1.024446163651072830e+08
1.360019170587881804e+08
1.265863077123800367e+08
7.693729344538544118e+07
1.995525372135534137e+07
1.133603679349044338e+06
4.826253409182590991e+07
1.477205402967145443e+08
2.458753191311600208e+08
2.797475092822979093e+08
2.207587728330395222e+08
1.025828670597153306e+08
9.664349168564530089e+06
2.662401845624587685e+07
1.771344009649057686e+08
3.943545829095110893e+08
5.508258077816478014e+08
5.384204928309804201e+08
3.507615831847940683e+08
1.089488903461184502e+08
3.004496676461088355e+05
1.565625325437309146e+08
5.473116242174597979e+08
9.688558464544588327e+08
1.156326486845512390e+09
9.631566411717436314e+08
4.918712428350474238e+08
7.147678060701371729e+07
6.625611118961760402e+07
6.197128128297687769e+08
1.505712878510893583e+09
2.216664544807790756e+09
2.273676909343446732e+09
1.579822657664281845e+09
5.696111386138995886e+08
4.518790447678550147e+06
4.897853207732008696e+08
2.004971705425691843e+09
3.791005440361819267e+09
4.748864890951339722e+09
4.166547528425533295e+09
2.315550144676102638e+09
4.581563156544803381e+08
1.390168721607363224e+08
2.126662358234569311e+09
5.699288401726026535e+09
8.862784914051322937e+09
9.535017307105882645e+09
7.037781564452442169e+09
2.879567083337322712e+09
1.164701282869145274e+08
1.461394406208795547e+09
7.252954423706965446e+09
1.472579768503441429e+10
1.937850256408353424e+10
1.788036577709422302e+10
1.072923924651220322e+10
2.684903406308670044e+09
2.064859483222957850e+08
7.132804238728449821e+09
2.137162493512662506e+10
3.520257813781614685e+10
3.971814091141053772e+10
3.103898752191086578e+10
1.416890488555381775e+10
1.212583851267998219e+09
4.086684163624208450e+09
2.586840028688504791e+10
5.676508417590226746e+10
7.857411417448294067e+10
7.615134671768453979e+10
4.902723293374062347e+10
1.479088014895959473e+10
9.806135712057116628e+07
2.326691803309642792e+10
7.933150185626121521e+10
1.388807742005619202e+11
1.643608750660793762e+11
1.356315990863319397e+11
6.817847510558486176e+10
9.283534826802907944e+09
1.039177340017443466e+10
9.078233511612484741e+10
2.170583579329591064e+11
3.165611650028269043e+11
3.219786112496759033e+11
2.212704162103977356e+11
7.785849889689418030e+10
3.457957955993162990e+08
7.330214034470405579e+10
2.912186460445122070e+11
5.441021438498327026e+11
6.757678727680794678e+11
5.875873202051074219e+11
3.219314197846802368e+11
6.071771377108284760e+10
2.264439443163943481e+10
3.126685995970688477e+11
8.228842413603414307e+11
1.267145767983137207e+12
1.351895835877167236e+12
9.875465654254075928e+11
3.957188223330527954e+11
1.326820477263994598e+10
2.207693859180844116e+11
1.055921083425845215e+12
2.116273713407008057e+12
2.760672769122343262e+12
2.525047269068838379e+12
1.495620360286878174e+12
3.605746917331256104e+11
3.660231326650212860e+10
1.053247986246092041e+12
3.090958966176054688e+12
5.038943690063171875e+12
5.637930970101402344e+12
4.362837801101761719e+12
1.955660339058731934e+12
1.507978174618972778e+11
6.255065828478969727e+11
3.775933227989752441e+12
8.169028341454850586e+12
1.120627690441656445e+13
1.076809414751348438e+13
6.850147591178442383e+12
2.005241075683743164e+12
2.505414928530868149e+10
3.453996522645254395e+12
1.149489413842869727e+13
1.990350765078809375e+13
2.335758056760907812e+13
1.909446093266947266e+13
9.444698151464142578e+12
1.200100103191441650e+12
1.622416265390782227e+12
1.329118419291440820e+13
3.128219065180159375e+13
4.519910120531992188e+13
4.558614557365671094e+13
3.098062610332673828e+13
1.063087205946911523e+13
1.989939597325542450e+10
1.095535518306188477e+13
4.228276919065675781e+13
7.807433953464665625e+13
9.614317990239734375e+13
8.284361827943462500e+13
4.473565611234889844e+13
8.023195039596500977e+12
3.656985181320527344e+12
4.593828469068293750e+13
1.187774357307551562e+14
1.811320778433450000e+14
1.916349851082224688e+14
1.385299299917160938e+14
5.433420014899556250e+13
1.469202184653033447e+12
3.328894682568405078e+13
1.536603039623503125e+14
3.040623704264779375e+14
3.932091649420566875e+14
3.564999109161038125e+14
2.083928082650117812e+14
4.832731092286854688e+13
6.348848394728387695e+12
1.553972968202145312e+14
4.469051149558115000e+14
7.211317014454517500e+14
8.001332222424986250e+14
6.130631484525070000e+14
2.697385854778129062e+14
1.856451899521760938e+13
9.548388247866170312e+13
5.508932678332760625e+14
1.175309040204480750e+15
1.597927935078806250e+15
1.522305545507325750e+15
9.567378225994455000e+14
2.714585796819414375e+14
5.605555165712354492e+12
5.122250104994515000e+14
1.665013788100308000e+15
2.851834179832176500e+15
3.318718315855213000e+15
2.687430185079350500e+15
1.307583962425323250e+15
1.543394258916149062e+14
2.522382856800816250e+14
1.944829919561202750e+15
4.507168158762611000e+15
6.452310890479640000e+15
6.452742903559897000e+15
4.336153023754950000e+15
1.449920124185545250e+15
5.166483683590171509e+11
1.635181973979574750e+15
6.136850311542871000e+15
1.120056160012538400e+16
1.367582269095507800e+16
1.167713063955330800e+16
6.213286707783642000e+15
1.056850299265017500e+15
5.861255728471526250e+14
6.744933447947197000e+15
1.713984887863549200e+16
2.588667049728536800e+16
2.715908089716166400e+16
1.942633973970762400e+16
7.453695475616049000e+15
1.568374884514854375e+14
5.010688353797212000e+15
2.235168593694432800e+16
4.367699384878773600e+16
5.599467929605254400e+16
5.032058627830656000e+16
2.902347125650632800e+16
6.463495282860140000e+15
1.081779451872007000e+15
2.290922194343118400e+16
6.459595538631170400e+16
1.031810121048528000e+17
1.135313743412110560e+17
8.612195323026169600e+16
3.717701791051201600e+16
2.258825283760516000e+15
1.453932373195814400e+16
8.033493029629670400e+16
1.690548479807465600e+17
2.278071341814182400e+17
2.151622225650393920e+17
1.335713542563084480e+17
3.669207090549261600e+16
1.153692499573839500e+15
7.588790926429200000e+16
2.410940188239945920e+17
4.085323354351495040e+17
4.714391686546015360e+17
3.781365386469831680e+17
1.809189304733987520e+17
1.973552241975800800e+16
3.906511734677623200e+16
2.844211313238897600e+17
6.492287442423486720e+17
9.209040514716600320e+17
9.131896810799832320e+17
6.066860359393925120e+17
1.975195539997606720e+17
9.161714863600583984e+12
2.437593484690045760e+17
8.903656006866320640e+17
1.606480504521739264e+18
1.944922351763706880e+18
1.645517088337720576e+18
8.625022971636389120e+17
1.387401172159459840e+17
9.331045460106681600e+16
9.896955321317702400e+17
2.472632096628499456e+18
3.698872769335111680e+18
3.848253059346535424e+18
2.723312861560012800e+18
1.021567266670484864e+18
1.594164782775839400e+16
7.529595371274567680e+17
3.249981882921356800e+18
6.272530918624226304e+18
7.972311257851103232e+18
7.101127466329407488e+18
4.040329013112841216e+18
8.625005157372578560e+17
1.815991548870861120e+17
3.374760673711442432e+18
9.333943679292246016e+18
1.476031104738087936e+19
1.610572200644892672e+19
1.209464919303873946e+19
5.120085271520396288e+18
2.710937430019250560e+17
2.208737352095736320e+18
1.170954171211101184e+19
2.431073300876257690e+19
3.247071001858198733e+19
3.040399242035440435e+19
1.864049902209709261e+19
4.951495681432023040e+18
2.241908206274901440e+17
1.123243101590223872e+19
3.489901174668268749e+19
5.851088199201882112e+19
6.695660546974020403e+19
5.319126264144330752e+19
2.501632233063912243e+19
2.507543311280629760e+18
6.028796341192022016e+18
4.157291754355906970e+19
9.349326300205226394e+19
1.314096456094134436e+20
1.292058363008390267e+20
8.485267726316974899e+19
2.687469932030018355e+19
2.999905965663786800e+16
3.629411340060694938e+19
1.291322855723674829e+20
2.303647118896489431e+20
2.765443289557621473e+20
2.318230545813032468e+20
1.196642461509695078e+20
1.814625891220562739e+19
1.476557342443745485e+19
1.451291675113268347e+20
3.566095622091685888e+20
5.284150961248124928e+20
5.451549475827459031e+20
3.816462458767030354e+20
1.398760408260896031e+20
1.512294457941665024e+18
1.129692871486456791e+20
4.723644988749294469e+20
9.006036310655484559e+20
1.134843662665822896e+21
1.001851330644068532e+21
5.621862369011306332e+20
1.148158733829452104e+20
3.010248373906853478e+19
4.967665834557011395e+20
1.348331575342441955e+21
2.111067560163108192e+21
2.284308903445141914e+21
1.698015140564047233e+21
7.045951965306752860e+20
3.200918169130600858e+19
3.348056821757437542e+20
1.705997751776917848e+21
3.495138028684804882e+21
4.627331660886961553e+21
4.295312817529440698e+21
2.600290619161321669e+21
6.670476607377811702e+20
4.177615684708350362e+19
1.661038485361585291e+21
5.050102066002437079e+21
8.378289833609592308e+21
9.507655099411918225e+21
7.480155479616187793e+21
3.456842618097922736e+21
3.163294481459370394e+20
9.273713448317338255e+20
6.073421611768190337e+21
1.346023646366672513e+22
1.874795955059301758e+22
1.827709262791745470e+22
1.186332198646508736e+22
3.651905807504056517e+21
1.375569305482812006e+19
5.397756616696662065e+21
1.872180407466113525e+22
3.302645035546619937e+22
3.931341421083464040e+22
3.265108084571841443e+22
1.659310040877144369e+22
2.363879805314575368e+21
2.323872308397528842e+21
2.126888234991227398e+22
5.141725493304568788e+22
7.547339874070539167e+22
7.721177774184371270e+22
5.346615840304684178e+22
1.913303106721723869e+22
1.292176671667150193e+20
1.692381395490019738e+22
6.862821015299566653e+22
1.292784566603623652e+23
1.615109841557296618e+23
1.413098943154350813e+23
7.818706652506159789e+22
1.524478997755851912e+22
4.936027071473211408e+21
7.307165232634374652e+22
1.947160191649124891e+23
3.018700317809107188e+23
3.239212187104737640e+23
2.383179667491524790e+23
9.688354341501037602e+22
3.705765502253853573e+21
5.064629584457265630e+22
2.484416793264009595e+23
5.023742934026871909e+23
6.593012157664233385e+23
6.066772697244765803e+23
3.625789338486432344e+23
8.969966455073688624e+22
7.539557380450601140e+21
2.454171282846750584e+23
7.305495557102986037e+23
1.199452649391464137e+24
1.349787328628277079e+24
1.051618062090565386e+24
4.773574075967820456e+23
3.958397448401091507e+22
1.422208083309584995e+23
8.868215630063106156e+23
1.937385341247815277e+24
2.674205627748437235e+24
2.584849463217967902e+24
1.657995139332351900e+24
4.955767937937027210e+23
4.078438319404130763e+21
8.018877091265338996e+23
2.713373725860602051e+24
4.733843453775630330e+24
5.587661625996168881e+24
4.597522992898212379e+24
2.299551031134872926e+24
3.065866345510458853e+23
3.639485286441465015e+23
3.115149150335520188e+24
7.411542660386819664e+24
1.077769007008188906e+25
1.093336536342798721e+25
7.487710318712010698e+24
2.614388996619050320e+24
9.245295811093758738e+21
2.531728481793652424e+24
9.966909791548790651e+24
1.855329068223723329e+25
2.298170471198271899e+25
1.992664185923822786e+25
1.086865437687702042e+25
2.018533238849446066e+24
8.017873192469737998e+23
1.074094499117443611e+25
2.811135733097043938e+25
4.315682074772108770e+25
4.592334085934654295e+25
3.343774283799027046e+25
1.331053449446991928e+25
4.187415922760923637e+23
7.646465731428711855e+24
3.616446861750118658e+25
7.219185442624548752e+25
9.391858480231611871e+25
8.566797808616534620e+25
5.053538565441091075e+25
1.203903029891171467e+25
1.326827533079936554e+24
3.622954749953741364e+25
1.056486114703511497e+26
1.716802247301002693e+26
1.915882652284424096e+26
1.478021988171898108e+26
6.587284031720920148e+25
4.907953253478083542e+24
2.174965717953395735e+25
1.294268266013094888e+26
2.787862765878070473e+26
3.813728060458033131e+26
3.654818793356446780e+26
2.316291340567984948e+26
6.715659502676941081e+25
9.921558065201021767e+23
1.190026245622142015e+26
3.931182141380310460e+26
6.783791695083880526e+26
7.940220506761536212e+26
6.471937569124511258e+26
3.184960199232191514e+26
3.957148062521191701e+25
5.674485313587656904e+25
4.559993487224384767e+26
1.068054754536158722e+27
1.538759583312403506e+27
1.547855158608418368e+27
1.048259003693759581e+27
3.568480080014501074e+26
4.567925046305170842e+23
3.782218060615336102e+26
1.446951614349001016e+27
2.662065757926395774e+27
3.269463274157342246e+27
2.809226799043341848e+27
1.510071359307381721e+27
2.664733189544532496e+26
1.291670200202311882e+26
1.577765313178295677e+27
4.057315269001191199e+27
6.168659129413285244e+27
6.509335006049542848e+27
4.690077162247991397e+27
1.827101341421708327e+27
4.588924585930201567e+25
1.152336964263395247e+27
5.262054783381624417e+27
1.037164351828046093e+28
1.337622641176603720e+28
1.209417560425472359e+28
7.040391081666429552e+27
1.612529598482803133e+27
2.287864463821248271e+26
5.344002500995826652e+27
1.527370888089890158e+28
2.456785829039859418e+28
2.718840730172166254e+28
2.076717878017890409e+28
9.083600350514578520e+27
6.021230917225813333e+26
3.317455067123558536e+27
1.888003214589154382e+28
4.010697545921536725e+28
5.437745385738459449e+28
5.166520489556709162e+28
3.234691080113117364e+28
9.087013970081308153e+27
2.154621727699696171e+26
1.764251737694543218e+28
5.693650771340380731e+28
9.719373744065009982e+28
1.128100875200009349e+29
9.108091727169895749e+28
4.408624765666249471e+28
5.080361162221206167e+27
8.811288640510227885e+27
6.671253764763812058e+28
1.538738822746446538e+29
2.196490533387632043e+29
2.190848434543000355e+29
1.467016609306655781e+29
4.865217699769623458e+28
5.975697981883433093e+24
5.643050050803815808e+28
2.099839916240178769e+29
3.818742178781235952e+29
4.650338990519434371e+29
3.959400990101200699e+29
2.096980705847150525e+29
3.506486748937475531e+28
2.065717099102997108e+28
2.316101130613538467e+29
5.854288150886222893e+29
8.815445761677545036e+29
9.224617799370632220e+29
6.576332105747451973e+29
2.505746390618193011e+29
4.832167309516671869e+27
1.733593898438983695e+29
7.653289462712245249e+29
1.489726038510649132e+30
1.904715284197409123e+30
1.706986329245695509e+30
9.803966831038263996e+29
2.155177670540808220e+29
3.879165529711607437e+28
7.876408066969601433e+29
2.207464717785872313e+30
3.514993987324703301e+30
3.857532452134701323e+30
2.917064946215060227e+30
1.251665397509272822e+30
7.296770701981446595e+28
5.047729779094822012e+29
2.752811197797757368e+30
5.768496204404538965e+30
7.751795547075143853e+30
7.301824827899821101e+30
4.515425731835572792e+30
1.227649599171123200e+30
4.346485147135101883e+28
2.613020079925033857e+30
8.243563365485116886e+30
1.392232453324938005e+31
1.602418604571435215e+31
1.281450089990000599e+31
6.098636965835610308e+30
6.483890048223254255e+29
1.363092529840774341e+30
9.754722317201328860e+30
2.216277100326231277e+31
3.134740222167389178e+31
3.100268373200995649e+31
2.052322329343429085e+31
6.625291782396883538e+30
1.476275983283810090e+27
8.409003392891096069e+30
3.046211250247912903e+31
5.476792515566872570e+31
6.613122224677558469e+31
5.579059360611785107e+31
2.910454730315998824e+31
4.598069948299662761e+30
3.282191000173831361e+30
3.397787732529450566e+31
8.444800094555403481e+31
1.259534977419393233e+32
1.306977963794492680e+32
9.218196687317113368e+31
3.433236259616913599e+31
4.819912539966262666e+29
2.603779555096567409e+31
1.112664186143249275e+32
2.139269504425956922e+32
2.711695158957239600e+32
2.408678639451597245e+32
1.364602646818965925e+32
2.873793764484139839e+31
6.485003835576751593e+30
1.160002731664122564e+32
3.189432810986793963e+32
5.027968170449879639e+32
5.471998917526506717e+32
4.096235001290587447e+32
1.723400363182765512e+32
8.715568568851739383e+30
7.662901257189302499e+31
4.011899881977976480e+32
8.294696352746772368e+32
1.104841810696162932e+33
1.031727047910570271e+33
6.300678060088176573e+32
1.655813114422916888e+32
8.325520173883602607e+30
3.866510580534835694e+32
1.193157932284334607e+33
1.993854292852511540e+33
2.275707463067012052e+33
1.802418870124444451e+33
8.431112845199850460e+32
8.220648228944299027e+31
2.101420660761159219e+32
1.425583407044322447e+33
3.191333445385790868e+33
4.472883482589335849e+33
4.386221378722609285e+33
2.870102190929486222e+33
9.010888798521280110e+32
1.587838515548546210e+30
1.251589887851484438e+33
4.417518173486506204e+33
7.853030180551203071e+33
9.402473528683620974e+33
7.859231092369411391e+33
4.037296211369162695e+33
6.006656276412216383e+32
5.184695356550590314e+32
4.981573803096434933e+33
1.217828344977305984e+34
1.799239142519087915e+34
1.851380860868833542e+34
1.291708075214147654e+34
4.699440360138662052e+33
4.447621604632911364e+31
3.904690721868579891e+33
1.616988111951743629e+34
3.071324092486377195e+34
3.859810210711441490e+34
3.397987025073893444e+34
1.898476347952960765e+34
3.822580357717459486e+33
1.071163621472959271e+33
1.707142887575144342e+34
4.606863890306716849e+34
7.190704807284787410e+34
7.760552221235854973e+34
5.750318662794970671e+34
2.371047719136059634e+34
1.023210121352973329e+33
1.160800706248233157e+34
5.844242203045772442e+34
1.192434478314243198e+35
1.574389848176767301e+35
1.457463042393418698e+35
8.788097157748058693e+34
2.229418293836241764e+34
1.534651235312353334e+33
5.716168556017901817e+34
1.726401885590964698e+35
2.854853040261567185e+35
3.231238586234214387e+35
2.534474569178860637e+35
1.164799106930153677e+35
1.034547029860398771e+34
3.229358253201162882e+34
2.082314905627888449e+35
4.594206015155678741e+35
6.380982554727389604e+35
6.204195007032222598e+35
4.012244866406157806e+35
1.223952304077154283e+35
6.059404444524248743e+32
1.860751776562513621e+35
6.403890638308455538e+35
1.125780922951190740e+36
1.336568278294489392e+36
1.106841529906073800e+36
5.597283954853705109e+35
7.814381492314779403e+34
8.147004792222931508e+34
7.299213885523596326e+35
1.755762000291612184e+36
2.569688544067277388e+36
2.621985989117410416e+36
1.809408184403139144e+36
6.426095376790420783e+35
3.634616513447270208e+33
5.846936679564548886e+35
2.348982087134394323e+36
4.408467153396690493e+36
5.492944951447911313e+36
4.792449697746653197e+36
2.639938719789834738e+36
5.071191335009754732e+35
1.751037847038239434e+35
2.510562395559898901e+36
6.652291803491909434e+36
1.028162480162360476e+37
1.100396122472638946e+37
8.069846779088720888e+36
3.259405413706976617e+36
1.176330687319926560e+35
1.754870059443664945e+36
8.509716525895692464e+36
1.713821728020806673e+37
2.243049565289584580e+37
2.058395195530086274e+37
1.225229683420604979e+37
2.996202619702364019e+36
2.746303053150275824e+35
8.443342808081559856e+36
2.497175284126685899e+37
4.086798539571331864e+37
4.587049877489268975e+37
3.562843382832800387e+37
1.608134029513570705e+37
1.291044777183489682e+36
4.948073046382735153e+36
3.040057275797937532e+37
6.612109659533397904e+37
9.101261466054005244e+37
8.773709995687065256e+37
5.606769367748052720e+37
1.660228881779523309e+37
1.665407056181026992e+35
2.763403034116872046e+37
9.280242837901439859e+37
1.613528836327143470e+38
1.899561896066797276e+38
1.558388832692770039e+38
7.755580684327593224e+37
1.012022539615733655e+37
1.274094424085499187e+37
1.068887591985912117e+38
2.530634726681862602e+38
3.669317089640860806e+38
3.712543104326820276e+38
2.533728101456846784e+38
8.777852713485774100e+37
2.391421889461336800e+35
8.743002717101563045e+37
3.411033807558145511e+38
6.326334083649568991e+38
7.815534096672775196e+38
6.757488581095785738e+38
3.669163117464664872e+38
6.708584371283495682e+37
2.836675957892422740e+37
3.689539278550848000e+38
