2.999934216512701105e-02
2.999933566520803993e-02
2.999932917759694923e-02
2.999932270243742261e-02
2.999931623987788648e-02
2.999930979007494822e-02
2.999930335316687569e-02
2.999929692930154365e-02
2.999929051862178231e-02
2.999928412127622623e-02
2.999927773739209311e-02
2.999927136712303086e-02
2.999926501059357875e-02
2.999925866795017521e-02
2.999925233931663091e-02
2.999924602483328151e-02
2.999923972462100949e-02
2.999923343882083399e-02
2.999922716755645466e-02
2.999922091094792131e-02
2.999921466912612231e-02
2.999920844220104604e-02
2.999920223030376129e-02
2.999919603354958206e-02
2.999918985206006389e-02
2.999918368593960591e-02
2.999917753530521869e-02
2.999917140027014151e-02
2.999916528094374521e-02
2.999915917742637314e-02
2.999915308982491202e-02
2.999914701824926699e-02
2.999914096279750891e-02
2.999913492355903155e-02
2.999912890064965545e-02
2.999912289414809891e-02
2.999911690415405646e-02
2.999911093075508656e-02
2.999910497404722001e-02
2.999909903411150658e-02
2.999909311103464774e-02
2.999908720490314026e-02
2.999908131579318016e-02
2.999907544377555454e-02
2.999906958895126596e-02
2.999906375136872708e-02
2.999905793111974639e-02
2.999905212826219775e-02
2.999904634286487681e-02
2.999904057500304630e-02
2.999903482473477434e-02
2.999902909212342345e-02
2.999902337722741910e-02
2.999901768010652600e-02
2.999901200081358382e-02
2.999900633940745520e-02
2.999900069593887386e-02
2.999899507044816865e-02
2.999898946298675678e-02
2.999898387360940347e-02
2.999897830234974153e-02
2.999897274924557405e-02
2.999896721434707966e-02
2.999896169767855489e-02
2.999895619928232351e-02
2.999895071918727216e-02
2.999894525742501442e-02
2.999893981402757676e-02
2.999893438901126558e-02
2.999892898241316580e-02
2.999892359424432414e-02
2.999891822452593546e-02
2.999891287328205342e-02
2.999890754052258329e-02
2.999890222626208636e-02
2.999889693051049216e-02
2.999889165328447488e-02
2.999888639458289305e-02
2.999888115441673442e-02
2.999887593278709186e-02
2.999887072969652582e-02
2.999886554514320444e-02
2.999886037912635056e-02
2.999885523163414031e-02
2.999885010267019925e-02
2.999884499221902243e-02
2.999883990027544731e-02
2.999883482682012825e-02
2.999882977184208099e-02
2.999882473532215071e-02
2.999881971725206625e-02
2.999881471759918705e-02
2.999880973634840714e-02
2.999880477346907395e-02
2.999879982893985039e-02
2.999879490273500704e-02
2.999878999481888145e-02
2.999878510516518909e-02
2.999878023373768465e-02
2.999877538050264858e-02
2.999877054541593563e-02
2.999876572845046330e-02
2.999876092955669829e-02
2.999875614869708731e-02
2.999875138582171197e-02
2.999874664088889031e-02
2.999874191385109440e-02
2.999873720465867644e-02
2.999873251325769347e-02
2.999872783959854280e-02
2.999872318362330897e-02
2.999871854527677573e-02
2.999871392450455254e-02
2.999870932124260037e-02
2.999870473543221616e-02
2.999870016700915271e-02
2.999869561590993994e-02
2.999869108206585158e-02
2.999868656541647416e-02
2.999868206588629169e-02
2.999867758340628299e-02
2.999867311790191393e-02
2.999866866930427090e-02
2.999866423753533989e-02
2.999865982251981658e-02
2.999865542417822634e-02
2.999865104243265579e-02
2.999864667719659428e-02
2.999864232839691280e-02
2.999863799594302410e-02
2.999863367975353495e-02
2.999862937973749033e-02
2.999862509581019410e-02
2.999862082788185697e-02
2.999861657586370967e-02
2.999861233965827462e-02
2.999860811917994668e-02
2.999860391432872947e-02
2.999859972501112831e-02
2.999859555113034912e-02
2.999859139258921614e-02
2.999858724928573805e-02
2.999858312112082398e-02
2.999857900799525467e-02
2.999857490980540123e-02
2.999857082643991868e-02
2.999856675780610341e-02
2.999856270378814527e-02
2.999855866428597501e-02
2.999855463918667253e-02
2.999855062838303540e-02
2.999854663176414887e-02
2.999854264922038882e-02
2.999853868063647594e-02
2.999853472590097853e-02
2.999853078490075098e-02
2.999852685752204401e-02
2.999852294364483557e-02
2.999851904315489412e-02
2.999851515593404683e-02
2.999851128186332289e-02
2.999850742082534050e-02
2.999850357269885637e-02
2.999849973736123943e-02
2.999849591469413296e-02
2.999849210457408016e-02
2.999848830687749587e-02
2.999848452148022940e-02
2.999848074826010763e-02
2.999847698708953819e-02
2.999847323784419345e-02
2.999846950039647409e-02
2.999846577461987712e-02
2.999846206038869062e-02
2.999845835757215112e-02
2.999845466604333932e-02
2.999845098567183177e-02
2.999844731633055303e-02
2.999844365788838924e-02
2.999844001021396284e-02
2.999843637317751999e-02
2.999843274664629189e-02
2.999842913048798160e-02
2.999842552457493428e-02
2.999842192877011024e-02
2.999841834294380769e-02
2.999841476696293863e-02
2.999841120069348180e-02
2.999840764400161369e-02
2.999840409675279262e-02
2.999840055881778170e-02
2.999839703005741445e-02
2.999839351033886659e-02
2.999838999953042401e-02
2.999838649749660136e-02
2.999838300409943606e-02
2.999837951920982654e-02
2.999837604269154495e-02
2.999837257441038268e-02
2.999836911422917168e-02
2.999836566201611460e-02
2.999836221763559768e-02
2.999835878095617053e-02
2.999835535183978386e-02
2.999835193015606277e-02
2.999834851576766576e-02
2.999834510854659450e-02
2.999834170835507380e-02
2.999833831505863135e-02
2.999833492852913008e-02
2.999833154863040807e-02
2.999832817523118839e-02
2.999832480820047512e-02
2.999832144740512477e-02
2.999831809271926927e-02
2.999831474400448811e-02
2.999831140113666528e-02
2.999830806398239708e-02
2.999830473241430623e-02
2.999830140629993619e-02
2.999829808551818244e-02
2.999829476993653293e-02
2.999829145942906755e-02
2.999828815386895720e-02
2.999828485312807866e-02
2.999828155708915076e-02
2.999827826561826324e-02
2.999827497859969966e-02
2.999827169590249878e-02
2.999826841741147498e-02
2.999826514300270308e-02
2.999826187255466917e-02
2.999825860594760793e-02
2.999825534306444635e-02
2.999825208378465932e-02
2.999824882799514980e-02
2.999824557557497981e-02
2.999824232641202723e-02
2.999823908039078030e-02
2.999823583739864852e-02
2.999823259732391917e-02
2.999822936005537913e-02
2.999822612548129486e-02
2.999822289349228510e-02
2.999821966398206335e-02
2.999821643684447148e-02
2.999821321197408686e-02
2.999820998926212845e-02
2.999820676861085500e-02
2.999820354991385163e-02
2.999820033307317585e-02
2.999819711798711389e-02
2.999819390456015533e-02
2.999819069269336891e-02
2.999818748229157728e-02
2.999818427325913819e-02
2.999818106550476704e-02
2.999817785893713062e-02
2.999817465346318185e-02
2.999817144899684027e-02
2.999816824545062377e-02
2.999816504273699128e-02
2.999816184077225972e-02
2.999815863947311381e-02
2.999815543875899299e-02
2.999815223854765053e-02
2.999814903876265454e-02
2.999814583932498141e-02
2.999814264016159235e-02
2.999813944119795323e-02
2.999813624236116055e-02
2.999813304357805410e-02
2.999812984478304398e-02
2.999812664590671696e-02
2.999812344688523522e-02
2.999812024765281110e-02
2.999811704814672048e-02
2.999811384830429473e-02
2.999811064806908942e-02
2.999810744738256457e-02
2.999810424618730778e-02
2.999810104443221409e-02
2.999809784206089458e-02
2.999809463902478740e-02
2.999809143527414762e-02
2.999808823076211342e-02
2.999808502544287769e-02
2.999808181927060211e-02
2.999807861220431249e-02
2.999807540420538002e-02
2.999807219523241419e-02
2.999806898524872215e-02
2.999806577421932838e-02
2.999806256211157846e-02
2.999805934889283876e-02
2.999805613453265449e-02
2.999805291900476886e-02
2.999804970228004200e-02
2.999804648433626597e-02
2.999804326514789177e-02
2.999804004469499782e-02
2.999803682295910240e-02
2.999803359992089455e-02
2.999803037556575402e-02
2.999802714987709687e-02
2.999802392284590946e-02
2.999802069445816829e-02
2.999801746470517894e-02
2.999801423358294805e-02
2.999801100108343346e-02
2.999800776720217693e-02
2.999800453194034766e-02
2.999800129529172493e-02
2.999799805726300478e-02
2.999799481785377434e-02
2.999799157706987962e-02
2.999798833491805483e-02
2.999798509140613398e-02
2.999798184654282190e-02
2.999797860034076474e-02
2.999797535281094329e-02
2.999797210396934824e-02
2.999796885383015574e-02
2.999796560241366900e-02
2.999796234973582318e-02
2.999795909582144565e-02
2.999795584068869897e-02
2.999795258436338541e-02
2.999794932687253196e-02
2.999794606823819737e-02
2.999794280849371608e-02
2.999793954766705878e-02
2.999793628578961702e-02
2.999793302289161315e-02
2.999792975901068373e-02
2.999792649418017015e-02
2.999792322843805592e-02
2.999791996182221351e-02
2.999791669437179217e-02
2.999791342612847730e-02
2.999791015713428738e-02
2.999790688743013412e-02
2.999790361706437120e-02
2.999790034608281614e-02
2.999789707452956561e-02
2.999789380245615478e-02
2.999789052991035446e-02
2.999788725694286368e-02
2.999788398360638333e-02
2.999788070995415903e-02
2.999787743603871820e-02
2.999787416191664058e-02
2.999787088764223342e-02
2.999786761327398465e-02
2.999786433887046203e-02
2.999786106448919937e-02
2.999785779019258775e-02
2.999785451603957653e-02
2.999785124209147780e-02
2.999784796841402021e-02
2.999784469506789480e-02
2.999784142211868801e-02
2.999783814963064010e-02
2.999783487767174531e-02
2.999783160630652840e-02
2.999782833560307727e-02
2.999782506562881715e-02
2.999782179645438598e-02
2.999781852814684818e-02
2.999781526077930499e-02
2.999781199441882082e-02
2.999780872913731036e-02
2.999780546500950204e-02
2.999780220210276904e-02
2.999779894049330736e-02
2.999779568025191107e-02
2.999779242145554289e-02
2.999778916417404975e-02
2.999778590848478296e-02
2.999778265446034764e-02
2.999777940217503852e-02
2.999777615170708123e-02
2.999777290313054151e-02
2.999776965652045657e-02
2.999776641195365384e-02
2.999776316950439337e-02
2.999775992925289222e-02
2.999775669127154043e-02
2.999775345563907708e-02
2.999775022243144143e-02
2.999774699172503417e-02
2.999774376359750500e-02
2.999774053812453642e-02
2.999773731538396548e-02
2.999773409545152675e-02
2.999773087840360702e-02
2.999772766431748477e-02
2.999772445326916517e-02
2.999772124533464646e-02
2.999771804059051666e-02
2.999771483911260056e-02
2.999771164097520329e-02
2.999770844625541250e-02
2.999770525502774149e-02
2.999770206736663766e-02
2.999769888334653800e-02
2.999769570304256297e-02
2.999769252652833423e-02
2.999768935387634589e-02
2.999768618516113206e-02
2.999768302045385110e-02
2.999767985982722610e-02
2.999767670335309888e-02
2.999767355110250985e-02
2.999767040314621144e-02
2.999766725955417893e-02
2.999766412039703289e-02
2.999766098574207368e-02
2.999765785565922105e-02
2.999765473021532777e-02
2.999765160947836379e-02
2.999764849351473778e-02
2.999764538239046985e-02
2.999764227616938395e-02
2.999763917491778814e-02
2.999763607869859391e-02
2.999763298757462601e-02
2.999762990160892082e-02
2.999762682086280427e-02
2.999762374539624923e-02
2.999762067526977327e-02
2.999761761054200657e-02
2.999761455127118726e-02
2.999761149751552572e-02
2.999760844933046025e-02
2.999760540677226528e-02
2.999760236989569562e-02
2.999759933875408013e-02
2.999759631340057769e-02
2.999759329388678591e-02
2.999759028026416710e-02
2.999758727258269864e-02
2.999758427089102564e-02
2.999758127523755383e-02
2.999757828566928727e-02
2.999757530223193941e-02
2.999757232497091836e-02
2.999756935392992874e-02
2.999756638915208537e-02
2.999756343067909795e-02
2.999756047855179839e-02
2.999755753280966900e-02
2.999755459349181044e-02
2.999755166063546377e-02
2.999754873427725940e-02
2.999754581445254059e-02
2.999754290119526282e-02
2.999753999453879522e-02
2.999753709451515385e-02
2.999753420115482475e-02
2.999753131448767637e-02
2.999752843454225187e-02
2.999752556134585579e-02
2.999752269492500512e-02
2.999751983530422883e-02
2.999751698250771245e-02
2.999751413655811841e-02
2.999751129747695033e-02
2.999750846528465020e-02
2.999750564000002243e-02
2.999750282164131976e-02
2.999750001022503595e-02
2.999749720576694312e-02
2.999749440828123476e-02
2.999749161778132028e-02
2.999748883427879112e-02
2.999748605778464541e-02
2.999748328830824373e-02
2.999748052585796479e-02
2.999747777044093830e-02
2.999747502206304844e-02
2.999747228072901020e-02
2.999746954644222363e-02
2.999746681920502020e-02
2.999746409901843727e-02
2.999746138588228403e-02
2.999745867979528718e-02
2.999745598075483771e-02
2.999745328875716779e-02
2.999745060379731959e-02
2.999744792586912789e-02
2.999744525496520278e-02
2.999744259107703717e-02
2.999743993419482641e-02
2.999743728430765213e-02
2.999743464140339558e-02
2.999743200546874100e-02
2.999742937648919652e-02
2.999742675444913229e-02
2.999742413933170065e-02
2.999742153111893683e-02
2.999741892979171723e-02
2.999741633532970395e-02
2.999741374771147662e-02
2.999741116691444220e-02
2.999740859291488010e-02
2.999740602568793865e-02
2.999740346520764211e-02
2.999740091144691492e-02
2.999739836437751925e-02
2.999739582397018683e-02
2.999739329019451145e-02
2.999739076301902868e-02
2.999738824241115348e-02
2.999738572833723221e-02
2.999738322076259470e-02
2.999738071965145011e-02
2.999737822496702927e-02
2.999737573667150478e-02
2.999737325472597027e-02
2.999737077909056526e-02
2.999736830972438845e-02
2.999736584658554278e-02
2.999736338963112509e-02
2.999736093881732318e-02
2.999735849409930488e-02
2.999735605543117634e-02
2.999735362276627348e-02
2.999735119605699898e-02
2.999734877525464527e-02
2.999734636030965476e-02
2.999734395117182456e-02
2.999734154778964032e-02
2.999733915011102217e-02
2.999733675808285635e-02
2.999733437165132480e-02
2.999733199076168311e-02
2.999732961535828829e-02
2.999732724538486245e-02
2.999732488078401746e-02
2.999732252149811887e-02
2.999732016746811669e-02
2.999731781863459318e-02
2.999731547493744710e-02
2.999731313631559884e-02
2.999731080270735123e-02
2.999730847405008768e-02
2.999730615028116387e-02
2.999730383133651992e-02
2.999730151715182189e-02
2.999729920766206620e-02
2.999729690280143052e-02
2.999729460250391208e-02
2.999729230670218974e-02
2.999729001532932399e-02
2.999728772831678630e-02
2.999728544559643328e-02
2.999728316709880660e-02
2.999728089275486426e-02
2.999727862249393709e-02
2.999727635624573757e-02
2.999727409393907612e-02
2.999727183550260703e-02
2.999726958086415540e-02
2.999726732995216388e-02
2.999726508269309755e-02
2.999726283901456292e-02
2.999726059884301119e-02
2.999725836210405741e-02
2.999725612872493341e-02
2.999725389862967218e-02
2.999725167174508572e-02
2.999724944799604665e-02
2.999724722730685855e-02
2.999724500960226567e-02
2.999724279480733141e-02
2.999724058284600897e-02
2.999723837364186296e-02
2.999723616712034191e-02
2.999723396320402163e-02
2.999723176181728901e-02
2.999722956288360803e-02
2.999722736632758416e-02
2.999722517207163708e-02
2.999722298003991081e-02
2.999722079015612261e-02
2.999721860234321608e-02
2.999721641652552950e-02
2.999721423262757813e-02
2.999721205057185452e-02
2.999720987028304739e-02
2.999720769168519319e-02
2.999720551470259899e-02
2.999720333925962740e-02
2.999720116528041200e-02
2.999719899269059908e-02
2.999719682141518268e-02
2.999719465137935803e-02
2.999719248250878184e-02
2.999719031472810465e-02
2.999718814796639016e-02
2.999718598214796972e-02
2.999718381720105354e-02
2.999718165305279710e-02
2.999717948963087980e-02
2.999717732686327937e-02
2.999717516467835521e-02
2.999717300300699246e-02
2.999717084177657561e-02
2.999716868091972799e-02
2.999716652036491654e-02
2.999716436004472644e-02
2.999716219989126409e-02
2.999716003983617096e-02
2.999715787981335757e-02
2.999715571975579073e-02
2.999715355959946608e-02
2.999715139927791596e-02
2.999714923872728173e-02
2.999714707788551232e-02
2.999714491668778113e-02
2.999714275507411876e-02
2.999714059298288701e-02
2.999713843035295771e-02
2.999713626712659231e-02
2.999713410324401919e-02
2.999713193864754490e-02
2.999712977328136687e-02
2.999712760708788534e-02
2.999712544001407327e-02
2.999712327200469014e-02
2.999712110300852691e-02
2.999711893297030835e-02
2.999711676184259670e-02
2.999711458957340926e-02
2.999711241611455192e-02
2.999711024141681753e-02
2.999710806543415959e-02
2.999710588812301570e-02
2.999710370943592386e-02
2.999710152933006413e-02
2.999709934776322376e-02
2.999709716469612861e-02
2.999709498008686082e-02
2.999709279389668748e-02
2.999709060608887409e-02
2.999708841662640513e-02
2.999708622547579001e-02
2.999708403260115813e-02
2.999708183797128447e-02
2.999707964155474277e-02
2.999707744332062373e-02
2.999707524324093932e-02
2.999707304128941543e-02
2.999707083743868158e-02
2.999706863166347673e-02
2.999706642394266501e-02
2.999706421425395175e-02
2.999706200257337002e-02
2.999705978888701080e-02
2.999705757317411639e-02
2.999705535541613913e-02
2.999705313560348599e-02
2.999705091371685645e-02
2.999704868974977651e-02
2.999704646368810818e-02
2.999704423552384050e-02
2.999704200524938580e-02
2.999703977285708353e-02
2.999703753834219791e-02
2.999703530170269930e-02
2.999703306293711319e-02
2.999703082204323995e-02
2.999702857902485434e-02
2.999702633388042633e-02
2.999702408661754360e-02
2.999702183723938070e-02
2.999701958575545779e-02
2.999701733217271030e-02
2.999701507650198717e-02
2.999701281875329431e-02
2.999701055894048868e-02
2.999700829708044220e-02
2.999700603318737613e-02
2.999700376727686135e-02
2.999700149937122723e-02
2.999699922948999634e-02
2.999699695765283003e-02
2.999699468388568324e-02
2.999699240821412233e-02
2.999699013066543796e-02
2.999698785126246603e-02
2.999698557004026878e-02
2.999698328702694872e-02
2.999698100225525396e-02
2.999697871575951469e-02
2.999697642757517477e-02
2.999697413773723745e-02
2.999697184628713834e-02
2.999696955326068559e-02
2.999696725869975197e-02
2.999696496264998499e-02
2.999696266515064491e-02
2.999696036625031093e-02
2.999695806599291664e-02
2.999695576442868578e-02
2.999695346160548975e-02
2.999695115757430863e-02
2.999694885238643818e-02
2.999694654609569994e-02
2.999694423875739688e-02
2.999694193042592993e-02
2.999693962115819110e-02
2.999693731101438221e-02
2.999693500005196772e-02
2.999693268833247828e-02
2.999693037591857556e-02
2.999692806287240776e-02
2.999692574925970703e-02
2.999692343514629225e-02
2.999692112059653554e-02
2.999691880567973909e-02
2.999691649046600656e-02
2.999691417502094865e-02
2.999691185942212138e-02
2.999690954373639834e-02
2.999690722804035023e-02
2.999690491240482315e-02
2.999690259690775823e-02
2.999690028162481717e-02
2.999689796663182473e-02
2.999689565200840125e-02
2.999689333783249132e-02
2.999689102418408998e-02
2.999688871114453842e-02
2.999688639879383861e-02
2.999688408721611771e-02
2.999688177649453835e-02
2.999687946671175665e-02
2.999687715795378018e-02
2.999687485030495815e-02
2.999687254385338328e-02
2.999687023868167005e-02
2.999686793488075959e-02
2.999686563253945587e-02
2.999686333174439098e-02
2.999686103258735609e-02
2.999685873515456347e-02
2.999685643953963615e-02
2.999685414583267914e-02
2.999685185412566402e-02
2.999684956450842516e-02
2.999684727707592480e-02
2.999684499192033227e-02
2.999684270913481957e-02
2.999684042881085172e-02
2.999683815104615958e-02
2.999683587593275635e-02
2.999683360356667286e-02
2.999683133403993271e-02
2.999682906744935429e-02
2.999682680389193293e-02
2.999682454346159002e-02
2.999682228625292005e-02
2.999682003236428876e-02
2.999681778188866346e-02
2.999681553492377847e-02
2.999681329156805160e-02
2.999681105191446401e-02
2.999680881606021574e-02
2.999680658410162210e-02
2.999680435613370777e-02
2.999680213225482117e-02
2.999679991255858880e-02
2.999679769714568012e-02
2.999679548610671015e-02
2.999679327953903851e-02
2.999679107754136403e-02
2.999678888020287579e-02
2.999678668762491979e-02
2.999678449989703899e-02
2.999678231711975368e-02
2.999678013938368581e-02
2.999677796678142799e-02
2.999677579941139108e-02
2.999677363736388130e-02
2.999677148073273680e-02
2.999676932961108100e-02
2.999676718408906401e-02
2.999676504426106172e-02
2.999676291021806385e-02
2.999676078204983193e-02
2.999675865984607198e-02
2.999675654369835312e-02
2.999675443369612116e-02
2.999675232992792331e-02
2.999675023248074557e-02
2.999674814144237187e-02
2.999674605690150209e-02
2.999674397894345340e-02
2.999674190765128090e-02
2.999673984311516939e-02
2.999673778541474961e-02
2.999673573463896431e-02
2.999673369086214292e-02
2.999673165417323512e-02
2.999672962465468884e-02
2.999672760237974412e-02
2.999672558743447098e-02
2.999672357989645669e-02
2.999672157984444032e-02
2.999671958735290397e-02
2.999671760250122166e-02
2.999671562536272706e-02
2.999671365601243311e-02
2.999671169452639702e-02
2.999670974097444487e-02
2.999670779542972995e-02
2.999670585796430922e-02
2.999670392864716567e-02
2.999670200754499250e-02
2.999670009473104013e-02
2.999669819026791473e-02
2.999669629422237194e-02
2.999669440666102513e-02
2.999669252764782662e-02
2.999669065724454992e-02
2.999668879551022072e-02
2.999668694251216017e-02
2.999668509830479696e-02
2.999668326295019949e-02
2.999668143649990293e-02
2.999667961902077740e-02
2.999667781055674609e-02
2.999667601116835780e-02
2.999667422090900731e-02
2.999667243982647585e-02
2.999667066797505333e-02
2.999666890540422792e-02
2.999666715215946328e-02
2.999666540828947042e-02
2.999666367384003912e-02
2.999666194885939469e-02
2.999666023338422999e-02
2.999665852746236094e-02
2.999665683113528214e-02
2.999665514443822928e-02
2.999665346741343941e-02
2.999665180009862195e-02
2.999665014252762135e-02
2.999664849473843847e-02
2.999664685676220466e-02
2.999664522863319804e-02
2.999664361038113791e-02
2.999664200203608355e-02
2.999664040362810119e-02
2.999663881518480069e-02
2.999663723673025306e-02
2.999663566829076713e-02
2.999663410988921003e-02
2.999663256154880969e-02
2.999663102329033770e-02
2.999662949513144661e-02
2.999662797709555517e-02
2.999662646919596526e-02
2.999662497144600648e-02
2.999662348386460120e-02
2.999662200646278226e-02
2.999662053925185659e-02
2.999661908224539320e-02
2.999661763545155568e-02
2.999661619887358105e-02
2.999661477252720670e-02
2.999661335640868218e-02
2.999661195052562290e-02
2.999661055488053035e-02
2.999660916947558681e-02
2.999660779430925878e-02
2.999660642938273281e-02
2.999660507468856346e-02
2.999660373022763893e-02
2.999660239599141742e-02
2.999660107197472253e-02
2.999659975816974800e-02
2.999659845456420504e-02
2.999659716115153640e-02
2.999659587791649734e-02
2.999659460484808277e-02
2.999659334193018057e-02
2.999659208914798314e-02
2.999659084648315099e-02
2.999658961391448234e-02
2.999658839142859551e-02
2.999658717899639226e-02
2.999658597660032761e-02
2.999658478421551866e-02
2.999658360181694378e-02
2.999658242937525490e-02
2.999658126686655796e-02
2.999658011425716808e-02
2.999657897151749436e-02
2.999657783862095736e-02
2.999657671552698537e-02
2.999657560220500910e-02
2.999657449861832872e-02
2.999657340472820441e-02
2.999657232049964678e-02
2.999657124588503768e-02
2.999657018085367249e-02
2.999656912535539691e-02
2.999656807935264721e-02
2.999656704279406172e-02
2.999656601563597744e-02
2.999656499783204255e-02
2.999656398933259888e-02
2.999656299008481714e-02
2.999656200004226572e-02
2.999656101914577322e-02
2.999656004734140707e-02
2.999655908458578185e-02
2.999655813080567834e-02
2.999655718595591741e-02
2.999655624997054487e-02
2.999655532278945602e-02
2.999655440435414211e-02
2.999655349459734791e-02
2.999655259345925667e-02
2.999655170087015335e-02
2.999655081676667889e-02
2.999654994107942355e-02
2.999654907373938348e-02
2.999654821467602483e-02
2.999654736381831416e-02
2.999654652109626229e-02
2.999654568642772662e-02
2.999654485974308227e-02
2.999654404096568222e-02
2.999654323001794617e-02
2.999654242682233893e-02
2.999654163129251983e-02
2.999654084335304921e-02
2.999654006292253039e-02
2.999653928991505986e-02
2.999653852424398817e-02
2.999653776582519860e-02
2.999653701457564298e-02
2.999653627040515386e-02
2.999653553321907778e-02
2.999653480293221555e-02
2.999653407945356356e-02
2.999653336269103576e-02
2.999653265254650925e-02
2.999653194893564523e-02
2.999653125175156393e-02
2.999653056090247766e-02
2.999652987628927125e-02
2.999652919781569532e-02
2.999652852538114284e-02
2.999652785888119386e-02
2.999652719822261046e-02
2.999652654329469301e-02
2.999652589400045311e-02
2.999652525022450736e-02
2.999652461187044331e-02
2.999652397882882418e-02
2.999652335099927888e-02
2.999652272825995697e-02
2.999652211051340514e-02
2.999652149764116954e-02
2.999652088953928819e-02
2.999652028609025439e-02
2.999651968718907574e-02
2.999651909271371097e-02
2.999651850255730806e-02
2.999651791660057701e-02
2.999651733472907811e-02
2.999651675682384749e-02
2.999651618277223569e-02
2.999651561245114326e-02
2.999651504574871175e-02
2.999651448254084252e-02
2.999651392270824557e-02
2.999651336613383054e-02
2.999651281269148997e-02
2.999651226226296430e-02
2.999651171472301689e-02
2.999651116995531025e-02
2.999651062783052768e-02
2.999651008822111151e-02
2.999650955101432551e-02
2.999650901607210304e-02
2.999650848327753763e-02
2.999650795250817861e-02
2.999650742362863429e-02
2.999650689651934057e-02
2.999650637104881237e-02
2.999650584708752482e-02
2.999650532451931390e-02
