time H
0.000000000000000000e+00 2.999935785558635604e-02
1.000000000000000021e-02 2.999935727365192831e-02
2.000000000000000042e-02 2.999935665955040867e-02
2.999999999999999889e-02 2.999935601690220666e-02
4.000000000000000083e-02 2.999935535238011652e-02
5.000000000000000278e-02 2.999935467613933093e-02
5.999999999999999778e-02 2.999935399094560279e-02
7.000000000000000666e-02 2.999935330205391257e-02
8.000000000000000167e-02 2.999935261520910584e-02
8.999999999999999667e-02 2.999935193783411294e-02
1.000000000000000056e-01 2.999935127069481774e-02
1.100000000000000006e-01 2.999935062348939308e-02
1.199999999999999956e-01 2.999934999319904538e-02
1.300000000000000044e-01 2.999934938900596093e-02
1.400000000000000133e-01 2.999934881218030772e-02
1.499999999999999944e-01 2.999934826549183545e-02
1.600000000000000033e-01 2.999934774928720779e-02
1.700000000000000122e-01 2.999934726483319963e-02
1.799999999999999933e-01 2.999934681737606926e-02
1.900000000000000022e-01 2.999934640213295506e-02
2.000000000000000111e-01 2.999934602185745647e-02
2.099999999999999922e-01 2.999934567636512034e-02
2.200000000000000011e-01 2.999934536250545292e-02
2.300000000000000100e-01 2.999934508161873972e-02
2.399999999999999911e-01 2.999934483320147380e-02
2.500000000000000000e-01 2.999934461476877479e-02
2.600000000000000089e-01 2.999934442121032080e-02
2.700000000000000178e-01 2.999934425396952320e-02
2.800000000000000266e-01 2.999934410871864243e-02
2.899999999999999800e-01 2.999934398627617307e-02
2.999999999999999889e-01 2.999934388228069071e-02
3.099999999999999978e-01 2.999934379632163139e-02
3.200000000000000067e-01 2.999934372216901332e-02
3.300000000000000155e-01 2.999934365922067928e-02
3.400000000000000244e-01 2.999934360603681571e-02
3.500000000000000333e-01 2.999934356064462224e-02
3.599999999999999867e-01 2.999934352329683418e-02
3.699999999999999956e-01 2.999934349117003296e-02
3.800000000000000044e-01 2.999934346054547452e-02
3.900000000000000133e-01 2.999934343184589708e-02
4.000000000000000222e-01 2.999934340368488536e-02
4.100000000000000311e-01 2.999934337426389541e-02
4.199999999999999845e-01 2.999934334463462415e-02
4.299999999999999933e-01 2.999934331128857948e-02
4.400000000000000022e-01 2.999934327769690837e-02
4.500000000000000111e-01 2.999934324112298392e-02
4.600000000000000200e-01 2.999934320297598794e-02
4.700000000000000289e-01 2.999934316362610348e-02
4.799999999999999822e-01 2.999934311927877559e-02
4.899999999999999911e-01 2.999934307486959439e-02
5.000000000000000000e-01 2.999934302960027138e-02
5.100000000000000089e-01 2.999934298433749869e-02
5.200000000000000178e-01 2.999934293792455922e-02
5.300000000000000266e-01 2.999934289247105021e-02
5.400000000000000355e-01 2.999934285071998927e-02
5.500000000000000444e-01 2.999934281131295954e-02
5.600000000000000533e-01 2.999934277403724231e-02
5.700000000000000622e-01 2.999934274116874966e-02
5.799999999999999600e-01 2.999934271395250651e-02
5.899999999999999689e-01 2.999934269398028125e-02
5.999999999999999778e-01 2.999934268181402366e-02
6.099999999999999867e-01 2.999934267693917661e-02
6.199999999999999956e-01 2.999934268199307141e-02
6.300000000000000044e-01 2.999934269563415620e-02
6.400000000000000133e-01 2.999934272069253866e-02
6.500000000000000222e-01 2.999934275532550876e-02
6.600000000000000311e-01 2.999934280144165438e-02
6.700000000000000400e-01 2.999934285914305360e-02
6.800000000000000488e-01 2.999934292985605849e-02
6.900000000000000577e-01 2.999934301238816811e-02
7.000000000000000666e-01 2.999934310753106861e-02
7.099999999999999645e-01 2.999934321594540168e-02
7.199999999999999734e-01 2.999934333615061205e-02
7.299999999999999822e-01 2.999934346764738732e-02
7.399999999999999911e-01 2.999934361403162886e-02
7.500000000000000000e-01 2.999934377294460885e-02
7.600000000000000089e-01 2.999934394280404440e-02
7.700000000000000178e-01 2.999934412447476800e-02
7.800000000000000266e-01 2.999934431653401845e-02
7.900000000000000355e-01 2.999934451784876110e-02
8.000000000000000444e-01 2.999934472758609971e-02
8.100000000000000533e-01 2.999934494585886069e-02
8.200000000000000622e-01 2.999934517286360902e-02
8.300000000000000711e-01 2.999934540729260260e-02
8.399999999999999689e-01 2.999934564598976533e-02
8.499999999999999778e-01 2.999934588881280478e-02
8.599999999999999867e-01 2.999934613384748830e-02
8.699999999999999956e-01 2.999934638448310820e-02
8.800000000000000044e-01 2.999934663372642168e-02
8.900000000000000133e-01 2.999934688309825043e-02
9.000000000000000222e-01 2.999934713013996043e-02
9.100000000000000311e-01 2.999934737486342762e-02
9.200000000000000400e-01 2.999934761632731123e-02
9.300000000000000488e-01 2.999934785236866436e-02
9.400000000000000577e-01 2.999934808042977602e-02
9.500000000000000666e-01 2.999934830064757488e-02
9.599999999999999645e-01 2.999934851329524865e-02
9.699999999999999734e-01 2.999934871694132782e-02
9.799999999999999822e-01 2.999934890737534360e-02
9.899999999999999911e-01 2.999934908427003000e-02
1.000000000000000000e+00 2.999934925064326463e-02
1.010000000000000009e+00 2.999934940225442576e-02
1.020000000000000018e+00 2.999934953703114332e-02
1.030000000000000027e+00 2.999934965556536742e-02
1.040000000000000036e+00 2.999934975735828874e-02
1.050000000000000044e+00 2.999934984075781561e-02
1.060000000000000053e+00 2.999934990800586648e-02
1.070000000000000062e+00 2.999934995186194497e-02
1.080000000000000071e+00 2.999934997909857806e-02
1.090000000000000080e+00 2.999934999607285768e-02
1.100000000000000089e+00 2.999934999349020137e-02
1.110000000000000098e+00 2.999934997379005708e-02
1.120000000000000107e+00 2.999934993166755021e-02
1.130000000000000115e+00 2.999934987350106469e-02
1.140000000000000124e+00 2.999934979979227562e-02
1.150000000000000133e+00 2.999934970492134506e-02
1.159999999999999920e+00 2.999934959655964350e-02
1.169999999999999929e+00 2.999934948269443458e-02
1.179999999999999938e+00 2.999934935948450968e-02
1.189999999999999947e+00 2.999934921988349490e-02
1.199999999999999956e+00 2.999934906531839807e-02
1.209999999999999964e+00 2.999934890438655383e-02
1.219999999999999973e+00 2.999934873783782763e-02
1.229999999999999982e+00 2.999934856302963540e-02
1.239999999999999991e+00 2.999934838179790786e-02
1.250000000000000000e+00 2.999934819362715110e-02
1.260000000000000009e+00 2.999934800451379419e-02
1.270000000000000018e+00 2.999934781449144910e-02
1.280000000000000027e+00 2.999934762485209280e-02
1.290000000000000036e+00 2.999934743866999182e-02
1.300000000000000044e+00 2.999934725306738562e-02
1.310000000000000053e+00 2.999934707339010215e-02
1.320000000000000062e+00 2.999934689792332909e-02
1.330000000000000071e+00 2.999934672991813600e-02
1.340000000000000080e+00 2.999934656691042104e-02
1.350000000000000089e+00 2.999934641244079644e-02
1.360000000000000098e+00 2.999934626578274963e-02
1.370000000000000107e+00 2.999934612777986620e-02
1.380000000000000115e+00 2.999934599841045518e-02
1.390000000000000124e+00 2.999934587782585732e-02
1.400000000000000133e+00 2.999934576683141105e-02
1.409999999999999920e+00 2.999934566496375438e-02
1.419999999999999929e+00 2.999934557217604977e-02
1.429999999999999938e+00 2.999934548693545394e-02
1.439999999999999947e+00 2.999934541018375173e-02
1.449999999999999956e+00 2.999934534071763137e-02
1.459999999999999964e+00 2.999934528195844635e-02
1.469999999999999973e+00 2.999934522416909666e-02
1.479999999999999982e+00 2.999934517432460701e-02
1.489999999999999991e+00 2.999934512200948256e-02
1.500000000000000000e+00 2.999934507575072878e-02
1.510000000000000009e+00 2.999934504087091794e-02
1.520000000000000018e+00 2.999934500494765358e-02
1.530000000000000027e+00 2.999934497274407003e-02
1.540000000000000036e+00 2.999934493994724227e-02
1.550000000000000044e+00 2.999934490856587255e-02
1.560000000000000053e+00 2.999934487430961499e-02
1.570000000000000062e+00 2.999934483446613925e-02
1.580000000000000071e+00 2.999934480472431220e-02
1.590000000000000080e+00 2.999934476781702247e-02
1.600000000000000089e+00 2.999934472348638262e-02
1.610000000000000098e+00 2.999934467921924752e-02
1.620000000000000107e+00 2.999934464689524294e-02
1.630000000000000115e+00 2.999934459897303507e-02
1.640000000000000124e+00 2.999934453862515560e-02
1.650000000000000133e+00 2.999934448438000903e-02
1.660000000000000142e+00 2.999934442972534282e-02
1.669999999999999929e+00 2.999934438055788799e-02
1.679999999999999938e+00 2.999934431555150577e-02
1.689999999999999947e+00 2.999934425551671266e-02
1.699999999999999956e+00 2.999934417899621439e-02
1.709999999999999964e+00 2.999934411619833291e-02
1.719999999999999973e+00 2.999934405507844598e-02
1.729999999999999982e+00 2.999934399094240228e-02
1.739999999999999991e+00 2.999934392615533421e-02
1.750000000000000000e+00 2.999934386150007737e-02
1.760000000000000009e+00 2.999934380729851052e-02
1.770000000000000018e+00 2.999934374310327806e-02
1.780000000000000027e+00 2.999934368312771882e-02
1.790000000000000036e+00 2.999934362109203320e-02
1.800000000000000044e+00 2.999934356159441110e-02
1.810000000000000053e+00 2.999934350894957469e-02
1.820000000000000062e+00 2.999934346190983800e-02
1.830000000000000071e+00 2.999934341825463355e-02
1.840000000000000080e+00 2.999934337690282268e-02
1.850000000000000089e+00 2.999934333871947384e-02
1.860000000000000098e+00 2.999934330108471048e-02
1.870000000000000107e+00 2.999934326875501600e-02
1.880000000000000115e+00 2.999934324058501842e-02
1.890000000000000124e+00 2.999934321755803879e-02
1.900000000000000133e+00 2.999934319961557183e-02
1.910000000000000142e+00 2.999934318635422495e-02
1.919999999999999929e+00 2.999934317625890107e-02
1.929999999999999938e+00 2.999934317040093765e-02
1.939999999999999947e+00 2.999934316833574588e-02
1.949999999999999956e+00 2.999934316951385210e-02
1.959999999999999964e+00 2.999934317349362001e-02
1.969999999999999973e+00 2.999934318101911412e-02
1.979999999999999982e+00 2.999934319153101797e-02
1.989999999999999991e+00 2.999934320495009632e-02
2.000000000000000000e+00 2.999934322191025529e-02
2.010000000000000231e+00 2.999934323958487400e-02
2.020000000000000018e+00 2.999934325920124850e-02
2.030000000000000249e+00 2.999934328103099485e-02
2.040000000000000036e+00 2.999934330770007151e-02
2.049999999999999822e+00 2.999934333368401568e-02
2.060000000000000053e+00 2.999934335593498064e-02
2.069999999999999840e+00 2.999934337786449093e-02
2.080000000000000071e+00 2.999934340350127182e-02
2.089999999999999858e+00 2.999934343029287201e-02
2.100000000000000089e+00 2.999934346005348612e-02
2.109999999999999876e+00 2.999934348703367157e-02
2.120000000000000107e+00 2.999934351469885074e-02
2.129999999999999893e+00 2.999934353718687607e-02
2.140000000000000124e+00 2.999934355991891455e-02
2.149999999999999911e+00 2.999934357878838304e-02
2.160000000000000142e+00 2.999934360053802679e-02
2.169999999999999929e+00 2.999934361897866469e-02
2.180000000000000160e+00 2.999934363494818901e-02
2.189999999999999947e+00 2.999934365157012200e-02
2.200000000000000178e+00 2.999934366552348131e-02
2.209999999999999964e+00 2.999934367428331444e-02
2.220000000000000195e+00 2.999934367936197416e-02
2.229999999999999982e+00 2.999934368513642452e-02
2.240000000000000213e+00 2.999934368790835304e-02
2.250000000000000000e+00 2.999934368790576830e-02
2.260000000000000231e+00 2.999934368373768229e-02
2.270000000000000018e+00 2.999934367555032177e-02
2.280000000000000249e+00 2.999934366171962824e-02
2.290000000000000036e+00 2.999934364487860661e-02
2.300000000000000266e+00 2.999934362413100158e-02
2.310000000000000053e+00 2.999934360432258973e-02
2.319999999999999840e+00 2.999934358137003321e-02
2.330000000000000071e+00 2.999934355455332463e-02
2.339999999999999858e+00 2.999934352586758335e-02
2.350000000000000089e+00 2.999934349516236720e-02
2.359999999999999876e+00 2.999934346107238289e-02
2.370000000000000107e+00 2.999934342508547500e-02
2.379999999999999893e+00 2.999934338747835272e-02
2.390000000000000124e+00 2.999934334965295019e-02
2.399999999999999911e+00 2.999934330830905660e-02
2.410000000000000142e+00 2.999934326643170432e-02
2.419999999999999929e+00 2.999934322190998121e-02
2.430000000000000160e+00 2.999934317924941862e-02
2.439999999999999947e+00 2.999934313569074112e-02
2.450000000000000178e+00 2.999934309075453359e-02
2.459999999999999964e+00 2.999934304849996569e-02
2.470000000000000195e+00 2.999934300298727485e-02
2.479999999999999982e+00 2.999934295904920986e-02
2.490000000000000213e+00 2.999934291446498466e-02
2.500000000000000000e+00 2.999934287172102004e-02
2.510000000000000231e+00 2.999934282989507456e-02
2.520000000000000018e+00 2.999934278671379656e-02
2.530000000000000249e+00 2.999934274564378806e-02
2.540000000000000036e+00 2.999934270629770611e-02
2.550000000000000266e+00 2.999934266804961391e-02
2.560000000000000053e+00 2.999934262876329666e-02
2.569999999999999840e+00 2.999934259460510649e-02
2.580000000000000071e+00 2.999934256243717845e-02
2.589999999999999858e+00 2.999934253149923527e-02
2.600000000000000089e+00 2.999934250128555302e-02
2.609999999999999876e+00 2.999934247332453757e-02
2.620000000000000107e+00 2.999934244719476562e-02
2.629999999999999893e+00 2.999934242165912257e-02
2.640000000000000124e+00 2.999934240119710507e-02
2.649999999999999911e+00 2.999934238547463314e-02
2.660000000000000142e+00 2.999934237048683394e-02
2.669999999999999929e+00 2.999934236112474645e-02
2.680000000000000160e+00 2.999934235497893342e-02
2.689999999999999947e+00 2.999934235183289791e-02
2.700000000000000178e+00 2.999934235413855357e-02
2.709999999999999964e+00 2.999934236509476521e-02
2.720000000000000195e+00 2.999934238366278386e-02
2.729999999999999982e+00 2.999934240757897233e-02
2.740000000000000213e+00 2.999934242853839750e-02
2.750000000000000000e+00 2.999934245971802929e-02
2.760000000000000231e+00 2.999934250048109929e-02
2.770000000000000018e+00 2.999934254549047052e-02
2.780000000000000249e+00 2.999934258495803863e-02
2.790000000000000036e+00 2.999934263668915108e-02
2.800000000000000266e+00 2.999934269255816188e-02
2.810000000000000053e+00 2.999934275953209523e-02
2.819999999999999840e+00 2.999934283151308237e-02
2.830000000000000071e+00 2.999934291276719692e-02
2.839999999999999858e+00 2.999934298958560619e-02
2.850000000000000089e+00 2.999934307601402617e-02
2.859999999999999876e+00 2.999934316528022477e-02
2.870000000000000107e+00 2.999934326052370800e-02
2.879999999999999893e+00 2.999934335745966379e-02
2.890000000000000124e+00 2.999934345419772233e-02
2.899999999999999911e+00 2.999934355282687926e-02
2.910000000000000142e+00 2.999934365461566152e-02
2.919999999999999929e+00 2.999934375674369672e-02
2.930000000000000160e+00 2.999934385889819685e-02
2.939999999999999947e+00 2.999934395504721615e-02
2.950000000000000178e+00 2.999934405122189202e-02
2.959999999999999964e+00 2.999934414210635170e-02
2.970000000000000195e+00 2.999934422796984163e-02
2.979999999999999982e+00 2.999934430980522038e-02
2.990000000000000213e+00 2.999934438531286912e-02
3.000000000000000000e+00 2.999934445471173078e-02
3.010000000000000231e+00 2.999934451525007595e-02
3.020000000000000018e+00 2.999934457595853851e-02
3.030000000000000249e+00 2.999934462331137891e-02
3.040000000000000036e+00 2.999934466400598632e-02
3.050000000000000266e+00 2.999934468814701924e-02
3.060000000000000053e+00 2.999934470533071815e-02
3.070000000000000284e+00 2.999934471019106638e-02
3.080000000000000071e+00 2.999934470590986252e-02
3.089999999999999858e+00 2.999934469444588345e-02
3.100000000000000089e+00 2.999934467017482953e-02
3.109999999999999876e+00 2.999934463441360916e-02
3.120000000000000107e+00 2.999934459388761687e-02
3.129999999999999893e+00 2.999934454232485587e-02
3.140000000000000124e+00 2.999934448753312916e-02
3.149999999999999911e+00 2.999934441858250270e-02
3.160000000000000142e+00 2.999934433988927021e-02
3.169999999999999929e+00 2.999934425922020850e-02
3.180000000000000160e+00 2.999934416457175970e-02
3.189999999999999947e+00 2.999934407199562891e-02
3.200000000000000178e+00 2.999934397406697414e-02
3.209999999999999964e+00 2.999934386865532251e-02
3.220000000000000195e+00 2.999934376125366550e-02
3.229999999999999982e+00 2.999934364534670786e-02
3.240000000000000213e+00 2.999934352810609134e-02
3.250000000000000000e+00 2.999934341126119300e-02
3.260000000000000231e+00 2.999934329542595923e-02
3.270000000000000018e+00 2.999934317393371241e-02
3.280000000000000249e+00 2.999934305611033636e-02
3.290000000000000036e+00 2.999934293821421988e-02
3.300000000000000266e+00 2.999934282014487738e-02
3.310000000000000053e+00 2.999934270579474038e-02
3.320000000000000284e+00 2.999934259245701923e-02
3.330000000000000071e+00 2.999934247821808495e-02
3.339999999999999858e+00 2.999934237045166763e-02
3.350000000000000089e+00 2.999934226724661201e-02
3.359999999999999876e+00 2.999934216906382373e-02
3.370000000000000107e+00 2.999934207244564152e-02
3.379999999999999893e+00 2.999934198221327480e-02
3.390000000000000124e+00 2.999934189119701083e-02
3.399999999999999911e+00 2.999934180947488871e-02
3.410000000000000142e+00 2.999934173014059957e-02
3.419999999999999929e+00 2.999934165754443091e-02
3.430000000000000160e+00 2.999934159028953135e-02
3.439999999999999947e+00 2.999934152614929656e-02
3.450000000000000178e+00 2.999934146655759346e-02
3.459999999999999964e+00 2.999934141033345353e-02
3.470000000000000195e+00 2.999934135796660656e-02
3.479999999999999982e+00 2.999934131027803125e-02
3.490000000000000213e+00 2.999934126907866441e-02
3.500000000000000000e+00 2.999934122873534892e-02
3.510000000000000231e+00 2.999934119213190295e-02
3.520000000000000018e+00 2.999934116272244197e-02
3.530000000000000249e+00 2.999934113736588137e-02
3.540000000000000036e+00 2.999934111373475654e-02
3.550000000000000266e+00 2.999934109330080687e-02
3.560000000000000053e+00 2.999934107393142230e-02
3.570000000000000284e+00 2.999934106172241072e-02
3.580000000000000071e+00 2.999934105385464178e-02
3.589999999999999858e+00 2.999934104722645420e-02
3.600000000000000089e+00 2.999934104420379222e-02
3.609999999999999876e+00 2.999934104478947650e-02
3.620000000000000107e+00 2.999934104649183003e-02
3.629999999999999893e+00 2.999934105148299029e-02
3.640000000000000124e+00 2.999934105961911054e-02
3.649999999999999911e+00 2.999934106581428339e-02
3.660000000000000142e+00 2.999934107627903745e-02
3.669999999999999929e+00 2.999934109312479835e-02
3.680000000000000160e+00 2.999934111278950918e-02
3.689999999999999947e+00 2.999934113855390674e-02
3.700000000000000178e+00 2.999934116393326161e-02
3.709999999999999964e+00 2.999934118796653698e-02
3.720000000000000195e+00 2.999934122424784133e-02
3.729999999999999982e+00 2.999934125383567352e-02
3.740000000000000213e+00 2.999934129019909620e-02
3.750000000000000000e+00 2.999934132611369042e-02
3.760000000000000231e+00 2.999934135970092411e-02
3.770000000000000018e+00 2.999934139927632956e-02
3.780000000000000249e+00 2.999934143873515813e-02
3.790000000000000036e+00 2.999934148682310842e-02
3.800000000000000266e+00 2.999934154044520823e-02
3.810000000000000053e+00 2.999934159294308234e-02
3.820000000000000284e+00 2.999934164792214183e-02
3.830000000000000071e+00 2.999934170158981978e-02
3.839999999999999858e+00 2.999934175597787980e-02
3.850000000000000089e+00 2.999934181447769938e-02
3.859999999999999876e+00 2.999934187571562730e-02
3.870000000000000107e+00 2.999934194059079157e-02
3.879999999999999893e+00 2.999934200062163991e-02
3.890000000000000124e+00 2.999934206929398897e-02
3.899999999999999911e+00 2.999934214006381300e-02
3.910000000000000142e+00 2.999934220793560799e-02
3.919999999999999929e+00 2.999934227685073507e-02
3.930000000000000160e+00 2.999934234528280758e-02
3.939999999999999947e+00 2.999934241379404246e-02
3.950000000000000178e+00 2.999934248389814900e-02
3.959999999999999964e+00 2.999934255816206347e-02
3.970000000000000195e+00 2.999934263213212965e-02
3.979999999999999982e+00 2.999934270463493202e-02
3.990000000000000213e+00 2.999934277896794399e-02
4.000000000000000000e+00 2.999934285224694491e-02
4.009999999999999787e+00 2.999934292575823919e-02
4.020000000000000462e+00 2.999934299723844289e-02
4.030000000000000249e+00 2.999934306715391213e-02
4.040000000000000036e+00 2.999934313614616849e-02
4.049999999999999822e+00 2.999934320487564199e-02
4.060000000000000497e+00 2.999934327095622744e-02
4.070000000000000284e+00 2.999934333500819256e-02
4.080000000000000071e+00 2.999934339748235035e-02
4.089999999999999858e+00 2.999934345970192706e-02
4.099999999999999645e+00 2.999934351597211696e-02
4.110000000000000320e+00 2.999934357724600917e-02
4.120000000000000107e+00 2.999934363570251963e-02
4.129999999999999893e+00 2.999934368529973139e-02
4.139999999999999680e+00 2.999934373279906918e-02
4.150000000000000355e+00 2.999934377427772997e-02
4.160000000000000142e+00 2.999934381759637725e-02
4.169999999999999929e+00 2.999934385280329102e-02
4.179999999999999716e+00 2.999934388272085251e-02
4.190000000000000391e+00 2.999934391406719469e-02
4.200000000000000178e+00 2.999934394246155794e-02
4.209999999999999964e+00 2.999934396467985112e-02
4.219999999999999751e+00 2.999934398087809179e-02
4.230000000000000426e+00 2.999934399371707167e-02
4.240000000000000213e+00 2.999934400507988166e-02
4.250000000000000000e+00 2.999934401065990769e-02
4.259999999999999787e+00 2.999934401091287201e-02
4.270000000000000462e+00 2.999934400253331801e-02
4.280000000000000249e+00 2.999934399510830602e-02
4.290000000000000036e+00 2.999934397192348390e-02
4.299999999999999822e+00 2.999934395117614949e-02
4.310000000000000497e+00 2.999934392783761006e-02
4.320000000000000284e+00 2.999934389443059679e-02
4.330000000000000071e+00 2.999934385940365711e-02
4.339999999999999858e+00 2.999934382185172332e-02
4.350000000000000533e+00 2.999934378094004650e-02
4.360000000000000320e+00 2.999934373345523181e-02
4.370000000000000107e+00 2.999934368133161042e-02
4.379999999999999893e+00 2.999934362903246277e-02
4.389999999999999680e+00 2.999934357323540135e-02
4.400000000000000355e+00 2.999934351415676007e-02
4.410000000000000142e+00 2.999934344969793637e-02
4.419999999999999929e+00 2.999934338462742489e-02
4.429999999999999716e+00 2.999934331843346486e-02
4.440000000000000391e+00 2.999934324704795277e-02
4.450000000000000178e+00 2.999934317528618263e-02
4.459999999999999964e+00 2.999934310246618607e-02
4.469999999999999751e+00 2.999934302902394767e-02
4.480000000000000426e+00 2.999934295398481651e-02
4.490000000000000213e+00 2.999934287764135371e-02
4.500000000000000000e+00 2.999934280115193475e-02
4.509999999999999787e+00 2.999934272529114487e-02
4.520000000000000462e+00 2.999934264907828593e-02
4.530000000000000249e+00 2.999934257362009415e-02
4.540000000000000036e+00 2.999934249857843030e-02
4.549999999999999822e+00 2.999934242458137182e-02
4.560000000000000497e+00 2.999934235117357115e-02
4.570000000000000284e+00 2.999934227982477622e-02
4.580000000000000071e+00 2.999934221085038405e-02
4.589999999999999858e+00 2.999934214395367366e-02
4.600000000000000533e+00 2.999934207957005022e-02
4.610000000000000320e+00 2.999934201534353723e-02
4.620000000000000107e+00 2.999934195709363233e-02
4.629999999999999893e+00 2.999934189850098423e-02
4.639999999999999680e+00 2.999934184276174115e-02
4.650000000000000355e+00 2.999934178975298751e-02
4.660000000000000142e+00 2.999934173820791375e-02
4.669999999999999929e+00 2.999934169345447668e-02
4.679999999999999716e+00 2.999934164901405312e-02
4.690000000000000391e+00 2.999934160575136108e-02
4.700000000000000178e+00 2.999934156962056134e-02
4.709999999999999964e+00 2.999934153426418032e-02
4.719999999999999751e+00 2.999934150146326556e-02
4.730000000000000426e+00 2.999934147279825769e-02
4.740000000000000213e+00 2.999934144853743517e-02
4.750000000000000000e+00 2.999934142867994105e-02
4.759999999999999787e+00 2.999934141004582597e-02
4.770000000000000462e+00 2.999934139301293698e-02
4.780000000000000249e+00 2.999934138657283852e-02
4.790000000000000036e+00 2.999934137850585741e-02
4.799999999999999822e+00 2.999934137608591123e-02
4.810000000000000497e+00 2.999934137784375510e-02
4.820000000000000284e+00 2.999934138101049974e-02
4.830000000000000071e+00 2.999934138317906021e-02
4.839999999999999858e+00 2.999934139155457577e-02
4.850000000000000533e+00 2.999934140049279399e-02
4.860000000000000320e+00 2.999934141471161803e-02
4.870000000000000107e+00 2.999934143379408974e-02
4.879999999999999893e+00 2.999934145494843191e-02
4.889999999999999680e+00 2.999934147699740219e-02
4.900000000000000355e+00 2.999934150087249160e-02
4.910000000000000142e+00 2.999934152660281225e-02
4.919999999999999929e+00 2.999934155669604224e-02
4.929999999999999716e+00 2.999934158417646296e-02
4.940000000000000391e+00 2.999934161822981685e-02
4.950000000000000178e+00 2.999934165343305995e-02
4.959999999999999964e+00 2.999934168827461667e-02
4.969999999999999751e+00 2.999934172152901243e-02
4.980000000000000426e+00 2.999934175809385387e-02
4.990000000000000213e+00 2.999934179331479114e-02
5.000000000000000000e+00 2.999934183014903513e-02
5.009999999999999787e+00 2.999934186836782438e-02
5.020000000000000462e+00 2.999934190551199059e-02
5.030000000000000249e+00 2.999934194318820344e-02
5.040000000000000036e+00 2.999934198042606553e-02
5.049999999999999822e+00 2.999934201686012269e-02
5.060000000000000497e+00 2.999934205357944472e-02
5.070000000000000284e+00 2.999934209011410197e-02
5.080000000000000071e+00 2.999934212634588343e-02
5.089999999999999858e+00 2.999934215797655374e-02
5.100000000000000533e+00 2.999934219348051809e-02
5.110000000000000320e+00 2.999934222236700157e-02
5.120000000000000107e+00 2.999934224754285256e-02
5.129999999999999893e+00 2.999934228004074582e-02
5.139999999999999680e+00 2.999934231093310394e-02
5.150000000000000355e+00 2.999934233906187062e-02
5.160000000000000142e+00 2.999934236088210721e-02
5.169999999999999929e+00 2.999934238460433972e-02
5.179999999999999716e+00 2.999934240698909696e-02
5.190000000000000391e+00 2.999934242580524699e-02
5.200000000000000178e+00 2.999934243478660431e-02
5.209999999999999964e+00 2.999934244433954608e-02
5.219999999999999751e+00 2.999934246717303118e-02
5.230000000000000426e+00 2.999934248259604128e-02
5.240000000000000213e+00 2.999934249924560148e-02
5.250000000000000000e+00 2.999934250084382650e-02
5.259999999999999787e+00 2.999934251789617562e-02
5.270000000000000462e+00 2.999934250980567166e-02
5.280000000000000249e+00 2.999934251008199923e-02
5.290000000000000036e+00 2.999934250743596653e-02
5.299999999999999822e+00 2.999934251300147292e-02
5.310000000000000497e+00 2.999934251763126600e-02
5.320000000000000284e+00 2.999934252125037795e-02
5.330000000000000071e+00 2.999934253021272271e-02
5.339999999999999858e+00 2.999934251885847183e-02
5.350000000000000533e+00 2.999934252063964427e-02
5.360000000000000320e+00 2.999934250856246473e-02
5.370000000000000107e+00 2.999934249225300401e-02
5.379999999999999893e+00 2.999934247950567651e-02
5.389999999999999680e+00 2.999934246836072349e-02
5.400000000000000355e+00 2.999934245410412412e-02
5.410000000000000142e+00 2.999934244472935926e-02
5.419999999999999929e+00 2.999934242974458543e-02
5.429999999999999716e+00 2.999934241638950796e-02
5.440000000000000391e+00 2.999934240140562230e-02
5.450000000000000178e+00 2.999934238870843525e-02
5.459999999999999964e+00 2.999934237270546894e-02
5.469999999999999751e+00 2.999934235004248981e-02
5.480000000000000426e+00 2.999934233087935692e-02
5.490000000000000213e+00 2.999934230296499860e-02
5.500000000000000000e+00 2.999934227857813801e-02
5.509999999999999787e+00 2.999934225051083952e-02
5.520000000000000462e+00 2.999934222156348113e-02
5.530000000000000249e+00 2.999934219191316420e-02
5.540000000000000036e+00 2.999934216229888095e-02
5.549999999999999822e+00 2.999934213184553625e-02
5.560000000000000497e+00 2.999934209991740597e-02
5.570000000000000284e+00 2.999934206661571817e-02
5.580000000000000071e+00 2.999934203060943688e-02
5.589999999999999858e+00 2.999934199278163349e-02
5.600000000000000533e+00 2.999934195919775476e-02
5.610000000000000320e+00 2.999934192314053852e-02
5.620000000000000107e+00 2.999934188565627630e-02
5.629999999999999893e+00 2.999934185679836718e-02
5.639999999999999680e+00 2.999934181932774682e-02
5.650000000000000355e+00 2.999934178019319012e-02
5.660000000000000142e+00 2.999934173997048301e-02
5.669999999999999929e+00 2.999934169855110813e-02
5.679999999999999716e+00 2.999934165486745075e-02
5.690000000000000391e+00 2.999934161286126402e-02
5.700000000000000178e+00 2.999934157421059455e-02
5.709999999999999964e+00 2.999934153578140070e-02
5.719999999999999751e+00 2.999934149312301346e-02
5.730000000000000426e+00 2.999934145660057561e-02
5.740000000000000213e+00 2.999934141173983895e-02
5.750000000000000000e+00 2.999934137344721641e-02
5.759999999999999787e+00 2.999934132940964421e-02
5.770000000000000462e+00 2.999934129547481010e-02
5.780000000000000249e+00 2.999934125548915989e-02
5.790000000000000036e+00 2.999934121979604823e-02
5.799999999999999822e+00 2.999934118389490853e-02
5.810000000000000497e+00 2.999934115479831187e-02
5.820000000000000284e+00 2.999934111967524075e-02
5.830000000000000071e+00 2.999934108547984077e-02
5.839999999999999858e+00 2.999934104647820204e-02
5.850000000000000533e+00 2.999934101571719719e-02
5.860000000000000320e+00 2.999934098391604173e-02
5.870000000000000107e+00 2.999934095068398573e-02
5.879999999999999893e+00 2.999934091880208237e-02
5.889999999999999680e+00 2.999934088715695835e-02
5.900000000000000355e+00 2.999934086103770575e-02
5.910000000000000142e+00 2.999934083293074108e-02
5.919999999999999929e+00 2.999934080740000036e-02
5.929999999999999716e+00 2.999934078311491253e-02
5.940000000000000391e+00 2.999934076173836617e-02
5.950000000000000178e+00 2.999934074379619758e-02
5.959999999999999964e+00 2.999934072621079917e-02
5.969999999999999751e+00 2.999934070929216601e-02
5.980000000000000426e+00 2.999934069566548289e-02
5.990000000000000213e+00 2.999934068291919623e-02
6.000000000000000000e+00 2.999934067174789970e-02
6.009999999999999787e+00 2.999934066448962239e-02
6.020000000000000462e+00 2.999934065672273803e-02
6.030000000000000249e+00 2.999934065039036590e-02
6.040000000000000036e+00 2.999934064720143068e-02
6.049999999999999822e+00 2.999934064320414900e-02
6.060000000000000497e+00 2.999934064067095660e-02
6.070000000000000284e+00 2.999934063834867187e-02
6.080000000000000071e+00 2.999934063929231634e-02
6.089999999999999858e+00 2.999934064286578772e-02
6.100000000000000533e+00 2.999934064753954216e-02
6.110000000000000320e+00 2.999934065419967294e-02
6.120000000000000107e+00 2.999934065998887539e-02
6.129999999999999893e+00 2.999934066761089646e-02
6.140000000000000568e+00 2.999934067679382865e-02
6.150000000000000355e+00 2.999934068669307327e-02
6.160000000000000142e+00 2.999934069523671823e-02
6.169999999999999929e+00 2.999934070295233804e-02
6.179999999999999716e+00 2.999934071317524736e-02
6.190000000000000391e+00 2.999934071921862844e-02
6.200000000000000178e+00 2.999934072582923633e-02
6.209999999999999964e+00 2.999934073571856874e-02
6.219999999999999751e+00 2.999934074213436025e-02
6.230000000000000426e+00 2.999934075044457388e-02
6.240000000000000213e+00 2.999934075697796229e-02
6.250000000000000000e+00 2.999934076248383236e-02
6.259999999999999787e+00 2.999934076464251531e-02
6.270000000000000462e+00 2.999934076839932962e-02
6.280000000000000249e+00 2.999934076946234734e-02
6.290000000000000036e+00 2.999934076443811631e-02
6.299999999999999822e+00 2.999934076405144992e-02
6.310000000000000497e+00 2.999934076116259063e-02
6.320000000000000284e+00 2.999934075898775740e-02
6.330000000000000071e+00 2.999934075106417200e-02
6.339999999999999858e+00 2.999934074240414444e-02
6.350000000000000533e+00 2.999934072910377669e-02
6.360000000000000320e+00 2.999934071231320082e-02
6.370000000000000107e+00 2.999934069608704845e-02
6.379999999999999893e+00 2.999934068049493058e-02
6.390000000000000568e+00 2.999934065974116035e-02
6.400000000000000355e+00 2.999934064125868091e-02
6.410000000000000142e+00 2.999934062022131115e-02
6.419999999999999929e+00 2.999934059727290409e-02
6.429999999999999716e+00 2.999934057422213446e-02
6.440000000000000391e+00 2.999934054866398858e-02
6.450000000000000178e+00 2.999934052003391804e-02
6.459999999999999964e+00 2.999934049065268102e-02
6.469999999999999751e+00 2.999934045982884101e-02
6.480000000000000426e+00 2.999934042820720168e-02
6.490000000000000213e+00 2.999934039360433249e-02
6.500000000000000000e+00 2.999934036137492932e-02
6.509999999999999787e+00 2.999934032600441031e-02
6.520000000000000462e+00 2.999934029085414566e-02
6.530000000000000249e+00 2.999934025547240299e-02
6.540000000000000036e+00 2.999934021785438318e-02
6.549999999999999822e+00 2.999934018045042824e-02
6.560000000000000497e+00 2.999934014355380360e-02
6.570000000000000284e+00 2.999934010708971144e-02
6.580000000000000071e+00 2.999934006925953842e-02
6.589999999999999858e+00 2.999934003214961911e-02
6.600000000000000533e+00 2.999933999672815127e-02
6.610000000000000320e+00 2.999933996165012745e-02
6.620000000000000107e+00 2.999933992615051725e-02
6.629999999999999893e+00 2.999933989006531992e-02
6.640000000000000568e+00 2.999933985573738360e-02
6.650000000000000355e+00 2.999933982315251477e-02
6.660000000000000142e+00 2.999933979071999282e-02
6.669999999999999929e+00 2.999933975766096508e-02
6.679999999999999716e+00 2.999933972559129525e-02
6.690000000000000391e+00 2.999933969516993537e-02
6.700000000000000178e+00 2.999933966045655737e-02
6.709999999999999964e+00 2.999933963122099201e-02
6.719999999999999751e+00 2.999933959939781944e-02
6.730000000000000426e+00 2.999933957071762580e-02
6.740000000000000213e+00 2.999933953963879532e-02
6.750000000000000000e+00 2.999933951051982767e-02
6.759999999999999787e+00 2.999933948325925193e-02
6.770000000000000462e+00 2.999933945365105756e-02
6.780000000000000249e+00 2.999933942865810887e-02
6.790000000000000036e+00 2.999933940161448459e-02
6.799999999999999822e+00 2.999933937392110228e-02
6.810000000000000497e+00 2.999933934469790203e-02
6.820000000000000284e+00 2.999933931910058957e-02
6.830000000000000071e+00 2.999933929461448198e-02
6.839999999999999858e+00 2.999933926941266218e-02
6.850000000000000533e+00 2.999933924575592589e-02
6.860000000000000320e+00 2.999933922049940332e-02
6.870000000000000107e+00 2.999933919546381514e-02
6.879999999999999893e+00 2.999933916933082700e-02
6.890000000000000568e+00 2.999933914350381287e-02
6.900000000000000355e+00 2.999933911734135178e-02
6.910000000000000142e+00 2.999933909266179130e-02
6.919999999999999929e+00 2.999933906562228872e-02
6.929999999999999716e+00 2.999933903782164846e-02
6.940000000000000391e+00 2.999933901123941898e-02
6.950000000000000178e+00 2.999933898562738566e-02
6.959999999999999964e+00 2.999933895831691927e-02
6.969999999999999751e+00 2.999933893033259608e-02
6.980000000000000426e+00 2.999933890514917129e-02
6.990000000000000213e+00 2.999933887994976622e-02
7.000000000000000000e+00 2.999933885478344928e-02
7.009999999999999787e+00 2.999933883149067532e-02
7.020000000000000462e+00 2.999933880721035104e-02
7.030000000000000249e+00 2.999933878312599153e-02
7.040000000000000036e+00 2.999933876108419606e-02
7.049999999999999822e+00 2.999933874205815143e-02
7.060000000000000497e+00 2.999933872241074273e-02
7.070000000000000284e+00 2.999933870197019070e-02
7.080000000000000071e+00 2.999933868203271542e-02
7.089999999999999858e+00 2.999933866445542510e-02
7.100000000000000533e+00 2.999933864686727195e-02
7.110000000000000320e+00 2.999933862840593532e-02
7.120000000000000107e+00 2.999933861391476664e-02
7.129999999999999893e+00 2.999933859900467611e-02
7.140000000000000568e+00 2.999933858528336036e-02
7.150000000000000355e+00 2.999933857390512174e-02
7.160000000000000142e+00 2.999933856225827505e-02
7.169999999999999929e+00 2.999933855268880831e-02
7.179999999999999716e+00 2.999933854164267902e-02
7.190000000000000391e+00 2.999933853409210774e-02
7.200000000000000178e+00 2.999933852686686997e-02
7.209999999999999964e+00 2.999933852036025181e-02
7.219999999999999751e+00 2.999933851258095030e-02
7.230000000000000426e+00 2.999933850363223353e-02
7.240000000000000213e+00 2.999933849792392471e-02
7.250000000000000000e+00 2.999933848995672836e-02
7.259999999999999787e+00 2.999933848611755632e-02
7.270000000000000462e+00 2.999933848535420514e-02
7.280000000000000249e+00 2.999933847676240078e-02
7.290000000000000036e+00 2.999933847116599550e-02
7.299999999999999822e+00 2.999933846849473645e-02
7.310000000000000497e+00 2.999933846442675439e-02
7.320000000000000284e+00 2.999933846558063694e-02
7.330000000000000071e+00 2.999933846945791738e-02
7.339999999999999858e+00 2.999933846782537258e-02
7.350000000000000533e+00 2.999933846979698990e-02
7.360000000000000320e+00 2.999933847340868417e-02
7.370000000000000107e+00 2.999933848630166600e-02
7.379999999999999893e+00 2.999933849632856545e-02
7.390000000000000568e+00 2.999933851479779159e-02
7.400000000000000355e+00 2.999933852540778018e-02
7.410000000000000142e+00 2.999933854213360229e-02
7.419999999999999929e+00 2.999933856581693883e-02
7.429999999999999716e+00 2.999933858873329862e-02
7.440000000000000391e+00 2.999933862065459061e-02
7.450000000000000178e+00 2.999933864797247468e-02
7.459999999999999964e+00 2.999933868289320071e-02
7.469999999999999751e+00 2.999933871730876486e-02
7.480000000000000426e+00 2.999933875154394899e-02
7.490000000000000213e+00 2.999933878816244542e-02
7.500000000000000000e+00 2.999933883585997191e-02
7.509999999999999787e+00 2.999933888050558550e-02
7.520000000000000462e+00 2.999933892673085911e-02
7.530000000000000249e+00 2.999933897612801215e-02
7.540000000000000036e+00 2.999933902211301268e-02
7.549999999999999822e+00 2.999933907299796171e-02
7.560000000000000497e+00 2.999933912467862493e-02
7.570000000000000284e+00 2.999933917414551038e-02
7.580000000000000071e+00 2.999933922311182055e-02
7.589999999999999858e+00 2.999933926982518984e-02
7.600000000000000533e+00 2.999933931659761605e-02
7.610000000000000320e+00 2.999933935628154580e-02
7.620000000000000107e+00 2.999933939242815928e-02
7.629999999999999893e+00 2.999933942711642543e-02
7.640000000000000568e+00 2.999933945696006687e-02
7.650000000000000355e+00 2.999933948432360886e-02
7.660000000000000142e+00 2.999933950494251128e-02
7.669999999999999929e+00 2.999933952128825548e-02
7.679999999999999716e+00 2.999933952926131520e-02
7.690000000000000391e+00 2.999933953287516053e-02
7.700000000000000178e+00 2.999933952590588468e-02
7.709999999999999964e+00 2.999933951729248302e-02
7.719999999999999751e+00 2.999933950432191049e-02
7.730000000000000426e+00 2.999933948721389410e-02
7.740000000000000213e+00 2.999933946194714013e-02
7.750000000000000000e+00 2.999933943502743061e-02
7.759999999999999787e+00 2.999933939709863856e-02
7.770000000000000462e+00 2.999933935846277322e-02
7.780000000000000249e+00 2.999933931391078265e-02
7.790000000000000036e+00 2.999933927119106600e-02
7.799999999999999822e+00 2.999933923242999179e-02
7.810000000000000497e+00 2.999933918815504003e-02
7.820000000000000284e+00 2.999933914248984271e-02
7.830000000000000071e+00 2.999933910525092590e-02
7.839999999999999858e+00 2.999933906721944862e-02
7.850000000000000533e+00 2.999933903642133803e-02
7.860000000000000320e+00 2.999933900855130883e-02
7.870000000000000107e+00 2.999933898819195921e-02
7.879999999999999893e+00 2.999933897367715319e-02
7.890000000000000568e+00 2.999933896745899525e-02
7.900000000000000355e+00 2.999933896194388952e-02
7.910000000000000142e+00 2.999933897558059934e-02
7.919999999999999929e+00 2.999933898906026464e-02
7.930000000000000604e+00 2.999933901196162600e-02
7.940000000000000391e+00 2.999933903873650345e-02
7.950000000000000178e+00 2.999933907773701114e-02
7.959999999999999964e+00 2.999933912731624075e-02
7.969999999999999751e+00 2.999933917465088737e-02
7.980000000000000426e+00 2.999933923017128121e-02
7.990000000000000213e+00 2.999933929083408585e-02
8.000000000000000000e+00 2.999933936525781691e-02
8.009999999999999787e+00 2.999933943761903810e-02
8.019999999999999574e+00 2.999933952007095839e-02
8.029999999999999361e+00 2.999933960117708021e-02
8.040000000000000924e+00 2.999933968617614355e-02
8.050000000000000711e+00 2.999933977473156349e-02
8.060000000000000497e+00 2.999933986613250239e-02
8.070000000000000284e+00 2.999933995683666532e-02
8.080000000000000071e+00 2.999934004684516944e-02
8.089999999999999858e+00 2.999934013603297589e-02
8.099999999999999645e+00 2.999934021904033035e-02
8.109999999999999432e+00 2.999934030066711554e-02
8.120000000000000995e+00 2.999934037763407613e-02
8.130000000000000782e+00 2.999934044951228784e-02
8.140000000000000568e+00 2.999934051630144885e-02
8.150000000000000355e+00 2.999934057782991520e-02
8.160000000000000142e+00 2.999934063190043410e-02
8.169999999999999929e+00 2.999934068012587857e-02
8.179999999999999716e+00 2.999934072099703225e-02
8.189999999999999503e+00 2.999934075352962692e-02
8.199999999999999289e+00 2.999934078146893751e-02
8.210000000000000853e+00 2.999934080024065086e-02
8.220000000000000639e+00 2.999934081173109834e-02
8.230000000000000426e+00 2.999934081314325346e-02
8.240000000000000213e+00 2.999934080972359307e-02
8.250000000000000000e+00 2.999934080176536871e-02
8.259999999999999787e+00 2.999934079110069818e-02
8.269999999999999574e+00 2.999934077227534024e-02
8.279999999999999361e+00 2.999934075045729287e-02
8.290000000000000924e+00 2.999934072367189605e-02
8.300000000000000711e+00 2.999934068929067943e-02
8.310000000000000497e+00 2.999934065961947297e-02
8.320000000000000284e+00 2.999934062309594571e-02
8.330000000000000071e+00 2.999934057984737432e-02
8.339999999999999858e+00 2.999934054244365184e-02
8.349999999999999645e+00 2.999934050181094283e-02
8.359999999999999432e+00 2.999934045374168939e-02
8.370000000000000995e+00 2.999934040868078994e-02
8.380000000000000782e+00 2.999934036443704238e-02
8.390000000000000568e+00 2.999934032011821600e-02
8.400000000000000355e+00 2.999934028279763534e-02
8.410000000000000142e+00 2.999934024386157611e-02
8.419999999999999929e+00 2.999934020353375863e-02
8.429999999999999716e+00 2.999934016744137955e-02
8.439999999999999503e+00 2.999934013178769121e-02
8.449999999999999289e+00 2.999934010091991760e-02
8.460000000000000853e+00 2.999934006749289950e-02
8.470000000000000639e+00 2.999934003888514791e-02
8.480000000000000426e+00 2.999934001520494775e-02
8.490000000000000213e+00 2.999933998707712129e-02
8.500000000000000000e+00 2.999933996353213242e-02
8.509999999999999787e+00 2.999933993940953961e-02
8.519999999999999574e+00 2.999933992255305465e-02
8.529999999999999361e+00 2.999933990731283584e-02
8.540000000000000924e+00 2.999933989201217927e-02
8.550000000000000711e+00 2.999933987764237531e-02
8.560000000000000497e+00 2.999933986543574724e-02
8.570000000000000284e+00 2.999933985372807421e-02
8.580000000000000071e+00 2.999933984426058492e-02
8.589999999999999858e+00 2.999933983639233720e-02
8.599999999999999645e+00 2.999933982987108144e-02
8.609999999999999432e+00 2.999933982383615888e-02
8.620000000000000995e+00 2.999933981787456308e-02
8.630000000000000782e+00 2.999933981350926676e-02
8.640000000000000568e+00 2.999933981039559425e-02
8.650000000000000355e+00 2.999933980831559835e-02
8.660000000000000142e+00 2.999933980711715770e-02
8.669999999999999929e+00 2.999933980688932605e-02
8.679999999999999716e+00 2.999933980755673316e-02
8.689999999999999503e+00 2.999933980945158202e-02
8.700000000000001066e+00 2.999933981248294884e-02
8.710000000000000853e+00 2.999933981641968173e-02
8.720000000000000639e+00 2.999933982062629942e-02
8.730000000000000426e+00 2.999933982493564050e-02
8.740000000000000213e+00 2.999933983096042533e-02
8.750000000000000000e+00 2.999933983876348215e-02
8.759999999999999787e+00 2.999933984922818070e-02
8.769999999999999574e+00 2.999933986117711560e-02
8.779999999999999361e+00 2.999933987391087409e-02
8.790000000000000924e+00 2.999933988543406621e-02
8.800000000000000711e+00 2.999933989891218067e-02
8.810000000000000497e+00 2.999933991825762258e-02
8.820000000000000284e+00 2.999933993539490029e-02
8.830000000000000071e+00 2.999933995807255172e-02
8.839999999999999858e+00 2.999933997735433622e-02
8.849999999999999645e+00 2.999933999991986552e-02
8.859999999999999432e+00 2.999934002568568903e-02
8.870000000000000995e+00 2.999934004873720111e-02
8.880000000000000782e+00 2.999934007436748720e-02
8.890000000000000568e+00 2.999934011051264005e-02
8.900000000000000355e+00 2.999934014465922491e-02
8.910000000000000142e+00 2.999934018141051095e-02
8.919999999999999929e+00 2.999934022156123398e-02
8.929999999999999716e+00 2.999934025632401691e-02
8.939999999999999503e+00 2.999934029810490121e-02
8.950000000000001066e+00 2.999934034200697416e-02
8.960000000000000853e+00 2.999934038482381798e-02
8.970000000000000639e+00 2.999934042963014330e-02
8.980000000000000426e+00 2.999934047915396584e-02
8.990000000000000213e+00 2.999934053837349790e-02
9.000000000000000000e+00 2.999934059275197185e-02
9.009999999999999787e+00 2.999934065160709401e-02
9.019999999999999574e+00 2.999934071323696883e-02
9.029999999999999361e+00 2.999934077877010330e-02
9.040000000000000924e+00 2.999934084499710635e-02
9.050000000000000711e+00 2.999934091468455660e-02
9.060000000000000497e+00 2.999934098854691727e-02
9.070000000000000284e+00 2.999934106617067539e-02
9.080000000000000071e+00 2.999934114254781958e-02
9.089999999999999858e+00 2.999934122804526898e-02
9.099999999999999645e+00 2.999934130941694574e-02
9.109999999999999432e+00 2.999934139428906549e-02
9.120000000000000995e+00 2.999934148552390809e-02
9.130000000000000782e+00 2.999934157947276372e-02
9.140000000000000568e+00 2.999934167687038147e-02
9.150000000000000355e+00 2.999934177410868569e-02
9.160000000000000142e+00 2.999934187808007274e-02
9.169999999999999929e+00 2.999934198005735353e-02
9.179999999999999716e+00 2.999934208590096518e-02
9.189999999999999503e+00 2.999934219109719885e-02
9.200000000000001066e+00 2.999934229981938982e-02
9.210000000000000853e+00 2.999934240857678874e-02
9.220000000000000639e+00 2.999934252044390154e-02
9.230000000000000426e+00 2.999934263495340411e-02
9.240000000000000213e+00 2.999934274806806758e-02
9.250000000000000000e+00 2.999934286054078969e-02
9.259999999999999787e+00 2.999934297052973126e-02
9.269999999999999574e+00 2.999934308097898170e-02
9.279999999999999361e+00 2.999934318944637648e-02
9.290000000000000924e+00 2.999934329850035067e-02
9.300000000000000711e+00 2.999934340228231980e-02
9.310000000000000497e+00 2.999934350425407723e-02
9.320000000000000284e+00 2.999934360750576220e-02
9.330000000000000071e+00 2.999934370391785926e-02
9.339999999999999858e+00 2.999934379324395092e-02
9.349999999999999645e+00 2.999934388049408512e-02
9.359999999999999432e+00 2.999934396234589518e-02
9.370000000000000995e+00 2.999934403850976899e-02
9.380000000000000782e+00 2.999934410775318555e-02
9.390000000000000568e+00 2.999934416984606500e-02
9.400000000000000355e+00 2.999934422237104936e-02
9.410000000000000142e+00 2.999934427220195265e-02
9.419999999999999929e+00 2.999934431122115719e-02
9.429999999999999716e+00 2.999934434243448425e-02
9.439999999999999503e+00 2.999934436749814373e-02
9.450000000000001066e+00 2.999934438512793372e-02
9.460000000000000853e+00 2.999934439745392811e-02
9.470000000000000639e+00 2.999934439914050954e-02
9.480000000000000426e+00 2.999934439306310707e-02
9.490000000000000213e+00 2.999934437946556384e-02
9.500000000000000000e+00 2.999934435758221107e-02
9.509999999999999787e+00 2.999934433134846673e-02
9.519999999999999574e+00 2.999934429960415816e-02
9.529999999999999361e+00 2.999934425818029382e-02
9.540000000000000924e+00 2.999934421541091897e-02
9.550000000000000711e+00 2.999934416857081079e-02
9.560000000000000497e+00 2.999934411604252699e-02
9.570000000000000284e+00 2.999934406070510484e-02
9.580000000000000071e+00 2.999934400311575489e-02
9.589999999999999858e+00 2.999934393899983745e-02
9.599999999999999645e+00 2.999934387489901211e-02
9.609999999999999432e+00 2.999934380797547248e-02
9.620000000000000995e+00 2.999934373735083093e-02
9.630000000000000782e+00 2.999934366428414281e-02
9.640000000000000568e+00 2.999934359177331214e-02
9.650000000000000355e+00 2.999934351900766794e-02
9.660000000000000142e+00 2.999934344735755501e-02
9.669999999999999929e+00 2.999934337330082204e-02
9.679999999999999716e+00 2.999934330212700867e-02
9.689999999999999503e+00 2.999934323077465409e-02
9.700000000000001066e+00 2.999934316031220571e-02
9.710000000000000853e+00 2.999934309177641409e-02
9.720000000000000639e+00 2.999934302403814423e-02
9.730000000000000426e+00 2.999934295756388758e-02
9.740000000000000213e+00 2.999934289549424996e-02
9.750000000000000000e+00 2.999934283580998548e-02
9.759999999999999787e+00 2.999934277700732829e-02
9.769999999999999574e+00 2.999934272265441029e-02
9.779999999999999361e+00 2.999934267466979054e-02
9.790000000000000924e+00 2.999934262693654610e-02
9.800000000000000711e+00 2.999934258323330022e-02
9.810000000000000497e+00 2.999934254442656115e-02
9.820000000000000284e+00 2.999934251192265186e-02
9.830000000000000071e+00 2.999934248673868931e-02
9.839999999999999858e+00 2.999934246715207573e-02
9.849999999999999645e+00 2.999934245667850927e-02
9.859999999999999432e+00 2.999934245428469495e-02
9.870000000000000995e+00 2.999934245962120397e-02
9.880000000000000782e+00 2.999934247647568705e-02
9.890000000000000568e+00 2.999934250352837353e-02
9.900000000000000355e+00 2.999934254223148716e-02
9.910000000000000142e+00 2.999934259098459635e-02
9.919999999999999929e+00 2.999934265425855187e-02
9.929999999999999716e+00 2.999934273175162980e-02
9.939999999999999503e+00 2.999934281933980609e-02
9.950000000000001066e+00 2.999934292064813934e-02
9.960000000000000853e+00 2.999934303442459635e-02
9.970000000000000639e+00 2.999934316016300215e-02
