time H
0.000000000000000000e+00 1.534079976201671303e-01
1.000000000000000021e-02 1.534079976350629926e-01
2.000000000000000042e-02 1.534079976751931418e-01
2.999999999999999889e-02 1.534079977432823982e-01
4.000000000000000083e-02 1.534079978355171736e-01
5.000000000000000278e-02 1.534079979506161873e-01
5.999999999999999778e-02 1.534079980888959083e-01
7.000000000000000666e-02 1.534079982604353298e-01
8.000000000000000167e-02 1.534079984449589762e-01
8.999999999999999667e-02 1.534079986646029181e-01
1.000000000000000056e-01 1.534079989042035908e-01
1.100000000000000006e-01 1.534079991455961078e-01
1.199999999999999956e-01 1.534079993974235001e-01
1.300000000000000044e-01 1.534079996733322127e-01
1.400000000000000133e-01 1.534079999421908425e-01
1.499999999999999944e-01 1.534080002101042839e-01
1.600000000000000033e-01 1.534080004799331653e-01
1.700000000000000122e-01 1.534080007360455744e-01
1.799999999999999933e-01 1.534080009759064278e-01
1.900000000000000022e-01 1.534080012045552499e-01
2.000000000000000111e-01 1.534080014193756059e-01
2.099999999999999922e-01 1.534080016050534401e-01
2.200000000000000011e-01 1.534080017661527129e-01
2.300000000000000100e-01 1.534080019158513275e-01
2.399999999999999911e-01 1.534080020373207731e-01
2.500000000000000000e-01 1.534080021427930152e-01
2.600000000000000089e-01 1.534080022177867209e-01
2.700000000000000178e-01 1.534080022597349158e-01
2.800000000000000266e-01 1.534080022961916978e-01
2.899999999999999800e-01 1.534080023144070992e-01
2.999999999999999889e-01 1.534080023056777209e-01
3.099999999999999978e-01 1.534080022828583911e-01
3.200000000000000067e-01 1.534080022245265795e-01
3.300000000000000155e-01 1.534080021626922363e-01
3.400000000000000244e-01 1.534080020628620089e-01
3.500000000000000333e-01 1.534080019480224266e-01
3.599999999999999867e-01 1.534080018158598124e-01
3.699999999999999956e-01 1.534080016703465166e-01
3.800000000000000044e-01 1.534080014976336448e-01
3.900000000000000133e-01 1.534080012903305812e-01
4.000000000000000222e-01 1.534080010721210752e-01
4.100000000000000311e-01 1.534080008323546462e-01
4.199999999999999845e-01 1.534080005823865445e-01
4.299999999999999933e-01 1.534080002587318858e-01
4.400000000000000022e-01 1.534079999969665264e-01
4.500000000000000111e-01 1.534079997057919142e-01
4.600000000000000200e-01 1.534079993663435837e-01
4.700000000000000289e-01 1.534079989965113910e-01
4.799999999999999822e-01 1.534079986476801216e-01
4.899999999999999911e-01 1.534079982519174767e-01
5.000000000000000000e-01 1.534079978037846403e-01
5.100000000000000089e-01 1.534079973920661477e-01
5.200000000000000178e-01 1.534079970153649497e-01
5.300000000000000266e-01 1.534079965881522956e-01
5.400000000000000355e-01 1.534079961300183481e-01
5.500000000000000444e-01 1.534079956869147665e-01
5.600000000000000533e-01 1.534079953637048910e-01
5.700000000000000622e-01 1.534079951196924418e-01
5.799999999999999600e-01 1.534079949130723319e-01
5.899999999999999689e-01 1.534079946456943788e-01
5.999999999999999778e-01 1.534079946483987156e-01
6.099999999999999867e-01 1.534079946023783614e-01
6.199999999999999956e-01 1.534079947330058979e-01
6.300000000000000044e-01 1.534079948012328498e-01
6.400000000000000133e-01 1.534079950578976503e-01
6.500000000000000222e-01 1.534079953880950475e-01
6.600000000000000311e-01 1.534079957025638874e-01
6.700000000000000400e-01 1.534079961855165097e-01
6.800000000000000488e-01 1.534079967896360419e-01
6.900000000000000577e-01 1.534079974509968414e-01
7.000000000000000666e-01 1.534079982606317838e-01
7.099999999999999645e-01 1.534079990048441977e-01
7.199999999999999734e-01 1.534080002709480028e-01
7.299999999999999822e-01 1.534080010103398839e-01
7.399999999999999911e-01 1.534080023875315224e-01
7.500000000000000000e-01 1.534080032261951332e-01
7.600000000000000089e-01 1.534080043513677272e-01
7.700000000000000178e-01 1.534080053163491553e-01
7.800000000000000266e-01 1.534080063152074014e-01
7.900000000000000355e-01 1.534080070862616496e-01
8.000000000000000444e-01 1.534080077248917706e-01
8.100000000000000533e-01 1.534080085319370346e-01
8.200000000000000622e-01 1.534080092501758641e-01
8.300000000000000711e-01 1.534080097118841746e-01
8.399999999999999689e-01 1.534080097376782914e-01
8.499999999999999778e-01 1.534080102265443502e-01
8.599999999999999867e-01 1.534080107976226182e-01
8.699999999999999956e-01 1.534080103901288572e-01
8.800000000000000044e-01 1.534080104270380551e-01
8.900000000000000133e-01 1.534080099296555033e-01
9.000000000000000222e-01 1.534080095071793381e-01
9.100000000000000311e-01 1.534080088997981095e-01
9.200000000000000400e-01 1.534080081984434407e-01
9.300000000000000488e-01 1.534080076486370459e-01
9.400000000000000577e-01 1.534080070895778025e-01
9.500000000000000666e-01 1.534080063952754369e-01
9.599999999999999645e-01 1.534080055129417863e-01
9.699999999999999734e-01 1.534080047542130121e-01
9.799999999999999822e-01 1.534080039910020454e-01
9.899999999999999911e-01 1.534080033134600229e-01
1.000000000000000000e+00 1.534080027872050389e-01
1.010000000000000009e+00 1.534080022231694429e-01
1.020000000000000018e+00 1.534080014486932653e-01
1.030000000000000027e+00 1.534080007185606997e-01
1.040000000000000036e+00 1.534079996064428297e-01
1.050000000000000044e+00 1.534079983627436028e-01
1.060000000000000053e+00 1.534079982736264169e-01
1.070000000000000062e+00 1.534079978946915612e-01
1.080000000000000071e+00 1.534079980508923358e-01
1.090000000000000080e+00 1.534079972849594631e-01
1.100000000000000089e+00 1.534079973670204045e-01
1.110000000000000098e+00 1.534079964406016294e-01
1.120000000000000107e+00 1.534079967777021991e-01
1.130000000000000115e+00 1.534079965230331632e-01
1.140000000000000124e+00 1.534079961993413677e-01
1.150000000000000133e+00 1.534079961409033077e-01
1.159999999999999920e+00 1.534079962496420479e-01
1.169999999999999929e+00 1.534079964196584100e-01
1.179999999999999938e+00 1.534079966067964929e-01
1.189999999999999947e+00 1.534079970381260205e-01
1.199999999999999956e+00 1.534079971769994610e-01
1.209999999999999964e+00 1.534079974372795363e-01
1.219999999999999973e+00 1.534079980085673589e-01
1.229999999999999982e+00 1.534079984989295542e-01
1.239999999999999991e+00 1.534079984760185200e-01
1.250000000000000000e+00 1.534079983995274565e-01
1.260000000000000009e+00 1.534079985797552059e-01
1.270000000000000018e+00 1.534079975244105887e-01
1.280000000000000027e+00 1.534079967442583958e-01
1.290000000000000036e+00 1.534079960297866918e-01
1.300000000000000044e+00 1.534079958040039382e-01
1.310000000000000053e+00 1.534079948866364507e-01
1.320000000000000062e+00 1.534079941032913674e-01
1.330000000000000071e+00 1.534079926510992509e-01
1.340000000000000080e+00 1.534079918857053915e-01
1.350000000000000089e+00 1.534079912131615375e-01
1.360000000000000098e+00 1.534079900679877206e-01
1.370000000000000107e+00 1.534079885106934826e-01
1.380000000000000115e+00 1.534079878340461889e-01
1.390000000000000124e+00 1.534079864321835629e-01
1.400000000000000133e+00 1.534079849693290587e-01
1.409999999999999920e+00 1.534079830284416079e-01
1.419999999999999929e+00 1.534079815276606085e-01
1.429999999999999938e+00 1.534079800914054381e-01
1.439999999999999947e+00 1.534079789726434939e-01
1.449999999999999956e+00 1.534079778880977352e-01
1.459999999999999964e+00 1.534079771137052128e-01
1.469999999999999973e+00 1.534079763254238837e-01
1.479999999999999982e+00 1.534079750439690248e-01
1.489999999999999991e+00 1.534079740907426104e-01
1.500000000000000000e+00 1.534079732927575712e-01
1.510000000000000009e+00 1.534079725985492415e-01
1.520000000000000018e+00 1.534079718358353772e-01
1.530000000000000027e+00 1.534079706296855583e-01
1.540000000000000036e+00 1.534079701062063539e-01
1.550000000000000044e+00 1.534079699555269960e-01
1.560000000000000053e+00 1.534079693745508122e-01
1.570000000000000062e+00 1.534079696157789885e-01
1.580000000000000071e+00 1.534079691326091788e-01
1.590000000000000080e+00 1.534079682905901409e-01
1.600000000000000089e+00 1.534079682716913695e-01
1.610000000000000098e+00 1.534079675899339135e-01
1.620000000000000107e+00 1.534079675458679404e-01
1.630000000000000115e+00 1.534079674287310291e-01
1.640000000000000124e+00 1.534079678714777573e-01
1.650000000000000133e+00 1.534079673330993043e-01
1.660000000000000142e+00 1.534079676934952674e-01
1.669999999999999929e+00 1.534079681516297700e-01
1.679999999999999938e+00 1.534079680099404708e-01
1.689999999999999947e+00 1.534079680936227819e-01
1.699999999999999956e+00 1.534079680662698009e-01
1.709999999999999964e+00 1.534079684090500495e-01
1.719999999999999973e+00 1.534079683218899370e-01
1.729999999999999982e+00 1.534079680799345646e-01
1.739999999999999991e+00 1.534079686924128549e-01
1.750000000000000000e+00 1.534079683791496063e-01
1.760000000000000009e+00 1.534079685130197990e-01
1.770000000000000018e+00 1.534079684594699122e-01
1.780000000000000027e+00 1.534079686755920324e-01
1.790000000000000036e+00 1.534079687218702637e-01
1.800000000000000044e+00 1.534079684561512058e-01
1.810000000000000053e+00 1.534079683838215913e-01
1.820000000000000062e+00 1.534079681973196663e-01
1.830000000000000071e+00 1.534079680216590968e-01
1.840000000000000080e+00 1.534079683662062099e-01
1.850000000000000089e+00 1.534079681804134676e-01
1.860000000000000098e+00 1.534079680972037507e-01
1.870000000000000107e+00 1.534079677461757385e-01
1.880000000000000115e+00 1.534079679326162959e-01
1.890000000000000124e+00 1.534079670658398675e-01
1.900000000000000133e+00 1.534079670919070715e-01
1.910000000000000142e+00 1.534079665906355472e-01
1.919999999999999929e+00 1.534079664353457662e-01
1.929999999999999938e+00 1.534079661670938177e-01
1.939999999999999947e+00 1.534079659137041196e-01
1.949999999999999956e+00 1.534079649737415674e-01
1.959999999999999964e+00 1.534079638510061905e-01
1.969999999999999973e+00 1.534079629297482872e-01
1.979999999999999982e+00 1.534079618856862559e-01
1.989999999999999991e+00 1.534079608307669373e-01
2.000000000000000000e+00 1.534079596000013368e-01
2.010000000000000231e+00 1.534079583972300931e-01
2.020000000000000018e+00 1.534079573626487003e-01
2.030000000000000249e+00 1.534079549840774714e-01
2.040000000000000036e+00 1.534079539479497045e-01
2.049999999999999822e+00 1.534079511711483046e-01
2.060000000000000053e+00 1.534079493429862662e-01
2.069999999999999840e+00 1.534079477643323641e-01
2.080000000000000071e+00 1.534079469872872137e-01
2.089999999999999858e+00 1.534079466562525695e-01
2.100000000000000089e+00 1.534079454319818292e-01
2.109999999999999876e+00 1.534079433268693560e-01
2.120000000000000107e+00 1.534079418126573779e-01
2.129999999999999893e+00 1.534079392229821259e-01
2.140000000000000124e+00 1.534079385661985817e-01
2.149999999999999911e+00 1.534079370832466260e-01
2.160000000000000142e+00 1.534079361131877595e-01
2.169999999999999929e+00 1.534079355664108579e-01
2.180000000000000160e+00 1.534079358356323641e-01
2.189999999999999947e+00 1.534079335881229356e-01
2.200000000000000178e+00 1.534079341986276102e-01
2.209999999999999964e+00 1.534079328983648238e-01
2.220000000000000195e+00 1.534079317852864444e-01
2.229999999999999982e+00 1.534079317469902448e-01
2.240000000000000213e+00 1.534079342368400434e-01
2.250000000000000000e+00 1.534079357556212275e-01
2.260000000000000231e+00 1.534079385346019675e-01
2.270000000000000018e+00 1.534079412781051699e-01
2.280000000000000249e+00 1.534079431648726344e-01
2.290000000000000036e+00 1.534079463673419241e-01
2.300000000000000266e+00 1.534079493766735969e-01
2.310000000000000053e+00 1.534079547282938272e-01
2.319999999999999840e+00 1.534079576999635985e-01
2.330000000000000071e+00 1.534079609467914884e-01
2.339999999999999858e+00 1.534079652902942681e-01
2.350000000000000089e+00 1.534079711321515993e-01
2.359999999999999876e+00 1.534079742143310832e-01
2.370000000000000107e+00 1.534079796547812291e-01
2.379999999999999893e+00 1.534079854129914156e-01
2.390000000000000124e+00 1.534079901995737405e-01
2.399999999999999911e+00 1.534079959042644326e-01
2.410000000000000142e+00 1.534080014321240193e-01
2.419999999999999929e+00 1.534080068112928796e-01
2.430000000000000160e+00 1.534080139048540625e-01
2.439999999999999947e+00 1.534080198028291986e-01
2.450000000000000178e+00 1.534080248560604764e-01
2.459999999999999964e+00 1.534080279110670297e-01
2.470000000000000195e+00 1.534080328116527725e-01
2.479999999999999982e+00 1.534080401437582786e-01
2.490000000000000213e+00 1.534080441292403618e-01
2.500000000000000000e+00 1.534080481659251538e-01
2.510000000000000231e+00 1.534080511710331773e-01
2.520000000000000018e+00 1.534080543374143346e-01
2.530000000000000249e+00 1.534080609341853529e-01
2.540000000000000036e+00 1.534080635495404243e-01
2.550000000000000266e+00 1.534080657091075051e-01
2.560000000000000053e+00 1.534080701512769707e-01
2.569999999999999840e+00 1.534080773853090940e-01
2.580000000000000071e+00 1.534080800771059072e-01
2.589999999999999858e+00 1.534080812526286142e-01
2.600000000000000089e+00 1.534080830961651043e-01
2.609999999999999876e+00 1.534080853426209035e-01
2.620000000000000107e+00 1.534080857320366253e-01
2.629999999999999893e+00 1.534080878319554753e-01
2.640000000000000124e+00 1.534080904752428420e-01
2.649999999999999911e+00 1.534080924355578079e-01
2.660000000000000142e+00 1.534080955221014952e-01
2.669999999999999929e+00 1.534080943544509357e-01
2.680000000000000160e+00 1.534080932354011106e-01
2.689999999999999947e+00 1.534080953137767767e-01
2.700000000000000178e+00 1.534080947858885713e-01
2.709999999999999964e+00 1.534080937678457823e-01
2.720000000000000195e+00 1.534080967246248262e-01
2.729999999999999982e+00 1.534080966320905959e-01
2.740000000000000213e+00 1.534080976255187967e-01
2.750000000000000000e+00 1.534080988985205563e-01
2.760000000000000231e+00 1.534081018519110051e-01
2.770000000000000018e+00 1.534081012777194497e-01
2.780000000000000249e+00 1.534080996382451156e-01
2.790000000000000036e+00 1.534081024776059454e-01
2.800000000000000266e+00 1.534081041163397607e-01
2.810000000000000053e+00 1.534081041132882017e-01
2.819999999999999840e+00 1.534081060439912991e-01
2.830000000000000071e+00 1.534081054059124316e-01
2.839999999999999858e+00 1.534081062187691025e-01
2.850000000000000089e+00 1.534081071068457147e-01
2.859999999999999876e+00 1.534081083304895121e-01
2.870000000000000107e+00 1.534081106672191830e-01
2.879999999999999893e+00 1.534081110441772866e-01
2.890000000000000124e+00 1.534081096218812834e-01
2.899999999999999911e+00 1.534081078064052917e-01
2.910000000000000142e+00 1.534081040296101095e-01
2.919999999999999929e+00 1.534081020506302961e-01
2.930000000000000160e+00 1.534081010170349202e-01
2.939999999999999947e+00 1.534080985000799424e-01
2.950000000000000178e+00 1.534080964028224914e-01
2.959999999999999964e+00 1.534080959990657966e-01
2.970000000000000195e+00 1.534080923795500817e-01
2.979999999999999982e+00 1.534080921297947264e-01
2.990000000000000213e+00 1.534080902523757284e-01
3.000000000000000000e+00 1.534080882485733821e-01
3.010000000000000231e+00 1.534080845997180531e-01
3.020000000000000018e+00 1.534080822651276432e-01
3.030000000000000249e+00 1.534080796570529426e-01
3.040000000000000036e+00 1.534080776858890161e-01
3.050000000000000266e+00 1.534080746586300725e-01
3.060000000000000053e+00 1.534080713326788081e-01
3.070000000000000284e+00 1.534080686366656177e-01
3.080000000000000071e+00 1.534080662978666021e-01
3.089999999999999858e+00 1.534080639739250906e-01
3.100000000000000089e+00 1.534080612789519571e-01
3.109999999999999876e+00 1.534080582810151694e-01
3.120000000000000107e+00 1.534080561786255181e-01
3.129999999999999893e+00 1.534080545851709554e-01
3.140000000000000124e+00 1.534080527467610311e-01
3.149999999999999911e+00 1.534080507302821583e-01
3.160000000000000142e+00 1.534080492864668965e-01
3.169999999999999929e+00 1.534080476514210478e-01
3.180000000000000160e+00 1.534080470149971620e-01
3.189999999999999947e+00 1.534080469143364323e-01
3.200000000000000178e+00 1.534080462303969161e-01
3.209999999999999964e+00 1.534080455033490220e-01
3.220000000000000195e+00 1.534080447231669364e-01
3.229999999999999982e+00 1.534080440140719592e-01
3.240000000000000213e+00 1.534080437363665173e-01
3.250000000000000000e+00 1.534080436887156340e-01
3.260000000000000231e+00 1.534080437648758233e-01
3.270000000000000018e+00 1.534080440146530222e-01
3.280000000000000249e+00 1.534080441938047989e-01
3.290000000000000036e+00 1.534080445806829673e-01
3.300000000000000266e+00 1.534080448055441248e-01
3.310000000000000053e+00 1.534080448695543386e-01
3.320000000000000284e+00 1.534080453247962106e-01
3.330000000000000071e+00 1.534080455064884552e-01
3.339999999999999858e+00 1.534080460183476491e-01
3.350000000000000089e+00 1.534080460931155354e-01
3.359999999999999876e+00 1.534080464835314017e-01
3.370000000000000107e+00 1.534080465760045975e-01
3.379999999999999893e+00 1.534080470860232637e-01
3.390000000000000124e+00 1.534080464670816157e-01
3.399999999999999911e+00 1.534080466602493753e-01
3.410000000000000142e+00 1.534080458994715179e-01
3.419999999999999929e+00 1.534080453871374539e-01
3.430000000000000160e+00 1.534080448086093673e-01
3.439999999999999947e+00 1.534080446897267969e-01
3.450000000000000178e+00 1.534080439138530150e-01
3.459999999999999964e+00 1.534080436316517804e-01
3.470000000000000195e+00 1.534080425965676509e-01
3.479999999999999982e+00 1.534080413681222221e-01
3.490000000000000213e+00 1.534080403712883012e-01
3.500000000000000000e+00 1.534080385355005849e-01
3.510000000000000231e+00 1.534080369830295998e-01
3.520000000000000018e+00 1.534080352534679947e-01
3.530000000000000249e+00 1.534080343633860422e-01
3.540000000000000036e+00 1.534080344025704201e-01
3.550000000000000266e+00 1.534080345549030944e-01
3.560000000000000053e+00 1.534080325874130346e-01
3.570000000000000284e+00 1.534080320421147836e-01
3.580000000000000071e+00 1.534080344938967277e-01
3.589999999999999858e+00 1.534080342218246129e-01
3.600000000000000089e+00 1.534080364444692091e-01
3.609999999999999876e+00 1.534080413930122011e-01
3.620000000000000107e+00 1.534080414698160699e-01
3.629999999999999893e+00 1.534080415534621600e-01
3.640000000000000124e+00 1.534080425026443373e-01
3.649999999999999911e+00 1.534080448655035511e-01
3.660000000000000142e+00 1.534080499582546608e-01
3.669999999999999929e+00 1.534080546089621189e-01
3.680000000000000160e+00 1.534080543842280542e-01
3.689999999999999947e+00 1.534080595460129148e-01
3.700000000000000178e+00 1.534080654676736044e-01
3.709999999999999964e+00 1.534080660899093396e-01
3.720000000000000195e+00 1.534080708349317423e-01
3.729999999999999982e+00 1.534080756037470294e-01
3.740000000000000213e+00 1.534080802905915808e-01
3.750000000000000000e+00 1.534080844090060791e-01
3.760000000000000231e+00 1.534080866002106303e-01
3.770000000000000018e+00 1.534080922025428950e-01
3.780000000000000249e+00 1.534080979738157713e-01
3.790000000000000036e+00 1.534080997676001978e-01
3.800000000000000266e+00 1.534081047234628625e-01
3.810000000000000053e+00 1.534081078277014232e-01
3.820000000000000284e+00 1.534081065086961571e-01
3.830000000000000071e+00 1.534081075250298409e-01
3.839999999999999858e+00 1.534081171461325888e-01
3.850000000000000089e+00 1.534081228957904219e-01
3.859999999999999876e+00 1.534081205437973772e-01
3.870000000000000107e+00 1.534081199146760111e-01
3.879999999999999893e+00 1.534081231595517125e-01
3.890000000000000124e+00 1.534081231894794117e-01
3.899999999999999911e+00 1.534081195807427966e-01
3.910000000000000142e+00 1.534081263296926123e-01
3.919999999999999929e+00 1.534081336693185749e-01
3.930000000000000160e+00 1.534081372244990304e-01
3.939999999999999947e+00 1.534081360680391304e-01
3.950000000000000178e+00 1.534081432855699256e-01
3.959999999999999964e+00 1.534081442612291457e-01
3.970000000000000195e+00 1.534081501200312558e-01
3.979999999999999982e+00 1.534081525779862065e-01
3.990000000000000213e+00 1.534081613172682268e-01
4.000000000000000000e+00 1.534081615755298333e-01
4.009999999999999787e+00 1.534081628934637065e-01
4.020000000000000462e+00 1.534081717081738627e-01
4.030000000000000249e+00 1.534081760820735219e-01
4.040000000000000036e+00 1.534081846137546057e-01
4.049999999999999822e+00 1.534081863078983476e-01
4.060000000000000497e+00 1.534081960683399137e-01
4.070000000000000284e+00 1.534082005221729939e-01
4.080000000000000071e+00 1.534082095400002288e-01
4.089999999999999858e+00 1.534082065648586235e-01
4.099999999999999645e+00 1.534082140058869448e-01
4.110000000000000320e+00 1.534082187750907822e-01
4.120000000000000107e+00 1.534082148784512434e-01
4.129999999999999893e+00 1.534082167917680262e-01
4.139999999999999680e+00 1.534082193200828337e-01
4.150000000000000355e+00 1.534082274476888663e-01
4.160000000000000142e+00 1.534082331774317687e-01
4.169999999999999929e+00 1.534082362405112809e-01
4.179999999999999716e+00 1.534082401475787560e-01
4.190000000000000391e+00 1.534082463002252594e-01
4.200000000000000178e+00 1.534082454284372288e-01
4.209999999999999964e+00 1.534082476213179114e-01
4.219999999999999751e+00 1.534082508998727556e-01
4.230000000000000426e+00 1.534082578990027812e-01
4.240000000000000213e+00 1.534082634627182695e-01
4.250000000000000000e+00 1.534082666192571331e-01
4.259999999999999787e+00 1.534082681734010301e-01
4.270000000000000462e+00 1.534082738434274784e-01
4.280000000000000249e+00 1.534082796711870589e-01
4.290000000000000036e+00 1.534082843277570218e-01
4.299999999999999822e+00 1.534082868380559073e-01
4.310000000000000497e+00 1.534082851034810624e-01
4.320000000000000284e+00 1.534082861663296216e-01
4.330000000000000071e+00 1.534082817770170137e-01
4.339999999999999858e+00 1.534082918258399819e-01
4.350000000000000533e+00 1.534082893144431692e-01
4.360000000000000320e+00 1.534082881818078781e-01
4.370000000000000107e+00 1.534082963548118184e-01
4.379999999999999893e+00 1.534083023431224713e-01
4.389999999999999680e+00 1.534083049672372023e-01
4.400000000000000355e+00 1.534083081310214647e-01
4.410000000000000142e+00 1.534083053518013051e-01
4.419999999999999929e+00 1.534083040088546623e-01
4.429999999999999716e+00 1.534083060995712067e-01
4.440000000000000391e+00 1.534083037762968282e-01
4.450000000000000178e+00 1.534083089418210033e-01
4.459999999999999964e+00 1.534083115319104518e-01
4.469999999999999751e+00 1.534083157502021122e-01
4.480000000000000426e+00 1.534083169384810041e-01
4.490000000000000213e+00 1.534083169061739027e-01
4.500000000000000000e+00 1.534083193051637428e-01
4.509999999999999787e+00 1.534083201356165882e-01
4.520000000000000462e+00 1.534083196032580698e-01
4.530000000000000249e+00 1.534083202454465666e-01
4.540000000000000036e+00 1.534083208740867066e-01
4.549999999999999822e+00 1.534083215252161903e-01
4.560000000000000497e+00 1.534083197164756163e-01
4.570000000000000284e+00 1.534083173410738521e-01
4.580000000000000071e+00 1.534083173219254470e-01
4.589999999999999858e+00 1.534083176234369572e-01
4.600000000000000533e+00 1.534083186623324824e-01
4.610000000000000320e+00 1.534083189065478248e-01
4.620000000000000107e+00 1.534083218997979448e-01
4.629999999999999893e+00 1.534083241341678561e-01
4.639999999999999680e+00 1.534083252520179186e-01
4.650000000000000355e+00 1.534083270461811810e-01
4.660000000000000142e+00 1.534083305742873771e-01
4.669999999999999929e+00 1.534083329915600091e-01
4.679999999999999716e+00 1.534083331988024268e-01
4.690000000000000391e+00 1.534083362451884036e-01
4.700000000000000178e+00 1.534083401279404679e-01
4.709999999999999964e+00 1.534083424049454136e-01
4.719999999999999751e+00 1.534083431270439057e-01
4.730000000000000426e+00 1.534083425351985830e-01
4.740000000000000213e+00 1.534083439745796973e-01
4.750000000000000000e+00 1.534083446288525554e-01
4.759999999999999787e+00 1.534083474431810756e-01
4.770000000000000462e+00 1.534083509006020363e-01
4.780000000000000249e+00 1.534083530278326779e-01
4.790000000000000036e+00 1.534083565889828860e-01
4.799999999999999822e+00 1.534083589995030583e-01
4.810000000000000497e+00 1.534083594578505849e-01
4.820000000000000284e+00 1.534083629291548567e-01
4.830000000000000071e+00 1.534083641235011453e-01
4.839999999999999858e+00 1.534083657910192133e-01
4.850000000000000533e+00 1.534083663853799129e-01
4.860000000000000320e+00 1.534083684945954373e-01
4.870000000000000107e+00 1.534083702793049564e-01
4.879999999999999893e+00 1.534083691434261765e-01
4.889999999999999680e+00 1.534083659348088602e-01
4.900000000000000355e+00 1.534083658278365958e-01
4.910000000000000142e+00 1.534083630204460258e-01
4.919999999999999929e+00 1.534083644134005830e-01
4.929999999999999716e+00 1.534083601973578459e-01
4.940000000000000391e+00 1.534083562561908420e-01
4.950000000000000178e+00 1.534083535654741925e-01
4.959999999999999964e+00 1.534083519776463234e-01
4.969999999999999751e+00 1.534083498706280968e-01
4.980000000000000426e+00 1.534083480046050940e-01
4.990000000000000213e+00 1.534083438185968873e-01
5.000000000000000000e+00 1.534083413138110086e-01
5.009999999999999787e+00 1.534083363142629830e-01
5.020000000000000462e+00 1.534083308630278253e-01
5.030000000000000249e+00 1.534083205856280885e-01
5.040000000000000036e+00 1.534083168758892668e-01
5.049999999999999822e+00 1.534083105018232140e-01
5.060000000000000497e+00 1.534083057912941084e-01
5.070000000000000284e+00 1.534083040077058313e-01
5.080000000000000071e+00 1.534082997130538639e-01
5.089999999999999858e+00 1.534082954503162566e-01
5.100000000000000533e+00 1.534082900311114495e-01
5.110000000000000320e+00 1.534082797801400722e-01
5.120000000000000107e+00 1.534082781590141997e-01
5.129999999999999893e+00 1.534082721051710785e-01
5.139999999999999680e+00 1.534082653444158451e-01
5.150000000000000355e+00 1.534082633053101830e-01
5.160000000000000142e+00 1.534082597783279767e-01
5.169999999999999929e+00 1.534082570790165634e-01
5.179999999999999716e+00 1.534082611000623375e-01
5.190000000000000391e+00 1.534082623664700662e-01
5.200000000000000178e+00 1.534082627097896612e-01
5.209999999999999964e+00 1.534082682021638278e-01
5.219999999999999751e+00 1.534082694801838787e-01
5.230000000000000426e+00 1.534082771962407277e-01
5.240000000000000213e+00 1.534082829357656386e-01
5.250000000000000000e+00 1.534082827137427940e-01
5.259999999999999787e+00 1.534082878428653929e-01
5.270000000000000462e+00 1.534083032399543300e-01
5.280000000000000249e+00 1.534083140639903864e-01
5.290000000000000036e+00 1.534083225918800586e-01
5.299999999999999822e+00 1.534083318156416464e-01
5.310000000000000497e+00 1.534083383067337547e-01
5.320000000000000284e+00 1.534083538753065745e-01
5.330000000000000071e+00 1.534083633974920868e-01
5.339999999999999858e+00 1.534083707187411383e-01
5.350000000000000533e+00 1.534083829915854069e-01
5.360000000000000320e+00 1.534083898498688758e-01
5.370000000000000107e+00 1.534084105059619341e-01
5.379999999999999893e+00 1.534084234992972307e-01
5.389999999999999680e+00 1.534084399464464288e-01
5.400000000000000355e+00 1.534084587268848276e-01
5.410000000000000142e+00 1.534084736406537142e-01
5.419999999999999929e+00 1.534084842319698438e-01
5.429999999999999716e+00 1.534084967135355138e-01
5.440000000000000391e+00 1.534085059315055122e-01
5.450000000000000178e+00 1.534085224876105824e-01
5.459999999999999964e+00 1.534085330740606323e-01
5.469999999999999751e+00 1.534085379465359167e-01
5.480000000000000426e+00 1.534085424912958462e-01
5.490000000000000213e+00 1.534085501540898566e-01
5.500000000000000000e+00 1.534085570903919726e-01
5.509999999999999787e+00 1.534085584753039355e-01
5.520000000000000462e+00 1.534085701161199689e-01
5.530000000000000249e+00 1.534085836011368220e-01
5.540000000000000036e+00 1.534085947505448022e-01
5.549999999999999822e+00 1.534086034493965245e-01
5.560000000000000497e+00 1.534086042734963684e-01
5.570000000000000284e+00 1.534086132790260515e-01
5.580000000000000071e+00 1.534086181343709276e-01
5.589999999999999858e+00 1.534086308495005990e-01
5.600000000000000533e+00 1.534086373525206937e-01
5.610000000000000320e+00 1.534086378408817952e-01
5.620000000000000107e+00 1.534086346481846053e-01
5.629999999999999893e+00 1.534086469485594073e-01
5.639999999999999680e+00 1.534086613408629229e-01
5.650000000000000355e+00 1.534086728210497796e-01
5.660000000000000142e+00 1.534086667761017375e-01
5.669999999999999929e+00 1.534086733730043728e-01
5.679999999999999716e+00 1.534086863638348674e-01
5.690000000000000391e+00 1.534086986491790261e-01
5.700000000000000178e+00 1.534087083848439670e-01
5.709999999999999964e+00 1.534087146875406371e-01
5.719999999999999751e+00 1.534087162738252130e-01
5.730000000000000426e+00 1.534087137145258573e-01
5.740000000000000213e+00 1.534087159262353950e-01
5.750000000000000000e+00 1.534087307181010995e-01
5.759999999999999787e+00 1.534087393976114877e-01
5.770000000000000462e+00 1.534087562065430121e-01
5.780000000000000249e+00 1.534087727829575865e-01
5.790000000000000036e+00 1.534087822787312261e-01
5.799999999999999822e+00 1.534087880016412053e-01
5.810000000000000497e+00 1.534087914416883969e-01
5.820000000000000284e+00 1.534088004077333589e-01
5.830000000000000071e+00 1.534088037674000982e-01
5.839999999999999858e+00 1.534088048544813010e-01
5.850000000000000533e+00 1.534088052420095050e-01
5.860000000000000320e+00 1.534088118514302934e-01
5.870000000000000107e+00 1.534088122419331734e-01
5.879999999999999893e+00 1.534088131135990518e-01
5.889999999999999680e+00 1.534088121715133646e-01
5.900000000000000355e+00 1.534088123984207463e-01
5.910000000000000142e+00 1.534088117536537565e-01
5.919999999999999929e+00 1.534088043512046862e-01
5.929999999999999716e+00 1.534088026902943047e-01
5.940000000000000391e+00 1.534087995078651789e-01
5.950000000000000178e+00 1.534087963740187743e-01
5.959999999999999964e+00 1.534087937058373763e-01
5.969999999999999751e+00 1.534087918795475625e-01
5.980000000000000426e+00 1.534087866061993599e-01
5.990000000000000213e+00 1.534087829952059945e-01
6.000000000000000000e+00 1.534087809750952769e-01
6.009999999999999787e+00 1.534087734921501522e-01
6.020000000000000462e+00 1.534087680835696521e-01
6.030000000000000249e+00 1.534087613582949816e-01
6.040000000000000036e+00 1.534087550627076246e-01
6.049999999999999822e+00 1.534087465154751473e-01
6.060000000000000497e+00 1.534087460498411160e-01
6.070000000000000284e+00 1.534087377472658775e-01
6.080000000000000071e+00 1.534087370390643801e-01
6.089999999999999858e+00 1.534087355058230406e-01
6.100000000000000533e+00 1.534087317542827955e-01
6.110000000000000320e+00 1.534087276991020765e-01
6.120000000000000107e+00 1.534087214239205632e-01
6.129999999999999893e+00 1.534087183372603580e-01
6.140000000000000568e+00 1.534087132193848735e-01
6.150000000000000355e+00 1.534087076778700987e-01
6.160000000000000142e+00 1.534087095581278815e-01
6.169999999999999929e+00 1.534087085011705820e-01
6.179999999999999716e+00 1.534087052939927531e-01
6.190000000000000391e+00 1.534087043221236957e-01
6.200000000000000178e+00 1.534087045558852058e-01
6.209999999999999964e+00 1.534087058755333743e-01
6.219999999999999751e+00 1.534087068437105239e-01
6.230000000000000426e+00 1.534087046306716051e-01
6.240000000000000213e+00 1.534087062303184090e-01
6.250000000000000000e+00 1.534087069098238332e-01
6.259999999999999787e+00 1.534087070964941513e-01
6.270000000000000462e+00 1.534087062961713432e-01
6.280000000000000249e+00 1.534087082863360429e-01
6.290000000000000036e+00 1.534087098714070063e-01
6.299999999999999822e+00 1.534087115932738221e-01
6.310000000000000497e+00 1.534087120055542264e-01
6.320000000000000284e+00 1.534087129450542597e-01
6.330000000000000071e+00 1.534087138355096358e-01
6.339999999999999858e+00 1.534087162947031513e-01
6.350000000000000533e+00 1.534087149357069579e-01
6.360000000000000320e+00 1.534087152024572187e-01
6.370000000000000107e+00 1.534087163980392132e-01
6.379999999999999893e+00 1.534087164257348090e-01
6.390000000000000568e+00 1.534087160415105733e-01
6.400000000000000355e+00 1.534087146525225098e-01
6.410000000000000142e+00 1.534087137356119901e-01
6.419999999999999929e+00 1.534087151728975307e-01
6.429999999999999716e+00 1.534087137504159537e-01
6.440000000000000391e+00 1.534087114008330921e-01
6.450000000000000178e+00 1.534087099964282219e-01
6.459999999999999964e+00 1.534087109077927336e-01
6.469999999999999751e+00 1.534087134139095754e-01
6.480000000000000426e+00 1.534087141890966843e-01
6.490000000000000213e+00 1.534087133619699006e-01
6.500000000000000000e+00 1.534087142144248128e-01
6.509999999999999787e+00 1.534087147346316626e-01
6.520000000000000462e+00 1.534087153938769044e-01
6.530000000000000249e+00 1.534087132968605383e-01
6.540000000000000036e+00 1.534087161619277773e-01
6.549999999999999822e+00 1.534087135885619235e-01
6.560000000000000497e+00 1.534087129792647830e-01
6.570000000000000284e+00 1.534087141070571425e-01
6.580000000000000071e+00 1.534087146261218504e-01
6.589999999999999858e+00 1.534087121202181159e-01
6.600000000000000533e+00 1.534087131091698974e-01
6.610000000000000320e+00 1.534087095280804447e-01
6.620000000000000107e+00 1.534087125190050638e-01
6.629999999999999893e+00 1.534087175555472748e-01
6.640000000000000568e+00 1.534087210909161336e-01
6.650000000000000355e+00 1.534087191863854893e-01
6.660000000000000142e+00 1.534087199249214994e-01
6.669999999999999929e+00 1.534087200882056912e-01
6.679999999999999716e+00 1.534087181510941644e-01
6.690000000000000391e+00 1.534087213972858132e-01
6.700000000000000178e+00 1.534087252382308197e-01
6.709999999999999964e+00 1.534087248070375997e-01
6.719999999999999751e+00 1.534087253125004935e-01
6.730000000000000426e+00 1.534087246142984973e-01
6.740000000000000213e+00 1.534087251787901174e-01
6.750000000000000000e+00 1.534087198382737272e-01
6.759999999999999787e+00 1.534087269232535244e-01
6.770000000000000462e+00 1.534087302462487090e-01
6.780000000000000249e+00 1.534087332645304169e-01
6.790000000000000036e+00 1.534087370403789397e-01
6.799999999999999822e+00 1.534087412640107728e-01
6.810000000000000497e+00 1.534087437590556102e-01
6.820000000000000284e+00 1.534087499733454985e-01
6.830000000000000071e+00 1.534087501746893012e-01
6.839999999999999858e+00 1.534087552724571757e-01
6.850000000000000533e+00 1.534087564173982898e-01
6.860000000000000320e+00 1.534087542922681346e-01
6.870000000000000107e+00 1.534087615843367225e-01
6.879999999999999893e+00 1.534087648180555152e-01
6.890000000000000568e+00 1.534087662944151886e-01
6.900000000000000355e+00 1.534087697525626515e-01
6.910000000000000142e+00 1.534087755059022062e-01
6.919999999999999929e+00 1.534087780210685314e-01
6.929999999999999716e+00 1.534087873124473089e-01
6.940000000000000391e+00 1.534087918427837205e-01
6.950000000000000178e+00 1.534087948084903730e-01
6.959999999999999964e+00 1.534087973224191048e-01
6.969999999999999751e+00 1.534087983078853690e-01
6.980000000000000426e+00 1.534087983615720907e-01
6.990000000000000213e+00 1.534088109031564451e-01
7.000000000000000000e+00 1.534088154852803476e-01
7.009999999999999787e+00 1.534088126980436562e-01
7.020000000000000462e+00 1.534088136376342282e-01
7.030000000000000249e+00 1.534088151302430703e-01
7.040000000000000036e+00 1.534088213254125310e-01
7.049999999999999822e+00 1.534088222634308329e-01
7.060000000000000497e+00 1.534088282213070253e-01
7.070000000000000284e+00 1.534088316485955339e-01
7.080000000000000071e+00 1.534088408192103570e-01
7.089999999999999858e+00 1.534088434861401729e-01
7.100000000000000533e+00 1.534088459087852852e-01
7.110000000000000320e+00 1.534088444935196027e-01
7.120000000000000107e+00 1.534088430372831380e-01
7.129999999999999893e+00 1.534088359980679273e-01
7.140000000000000568e+00 1.534088320496561075e-01
7.150000000000000355e+00 1.534088334365847628e-01
7.160000000000000142e+00 1.534088327758724168e-01
7.169999999999999929e+00 1.534088250654438434e-01
7.179999999999999716e+00 1.534088272223267102e-01
7.190000000000000391e+00 1.534088285703313348e-01
7.200000000000000178e+00 1.534088321885496986e-01
7.209999999999999964e+00 1.534088366070253118e-01
7.219999999999999751e+00 1.534088384391228965e-01
7.230000000000000426e+00 1.534088352440482472e-01
7.240000000000000213e+00 1.534088325818508680e-01
7.250000000000000000e+00 1.534088317157486225e-01
7.259999999999999787e+00 1.534088331411570250e-01
7.270000000000000462e+00 1.534088359128069068e-01
7.280000000000000249e+00 1.534088328157342251e-01
7.290000000000000036e+00 1.534088346159735439e-01
7.299999999999999822e+00 1.534088389709100941e-01
7.310000000000000497e+00 1.534088387612275173e-01
7.320000000000000284e+00 1.534088374720656289e-01
7.330000000000000071e+00 1.534088413677203999e-01
7.339999999999999858e+00 1.534088440887889648e-01
7.350000000000000533e+00 1.534088434929917477e-01
7.360000000000000320e+00 1.534088477944596518e-01
7.370000000000000107e+00 1.534088517635204818e-01
7.379999999999999893e+00 1.534088528137609320e-01
7.390000000000000568e+00 1.534088572874030276e-01
7.400000000000000355e+00 1.534088620309332351e-01
7.410000000000000142e+00 1.534088671376314383e-01
7.419999999999999929e+00 1.534088723775368646e-01
7.429999999999999716e+00 1.534088751826371833e-01
7.440000000000000391e+00 1.534088767131889242e-01
7.450000000000000178e+00 1.534088796738761473e-01
7.459999999999999964e+00 1.534088874487895271e-01
7.469999999999999751e+00 1.534088909340395879e-01
7.480000000000000426e+00 1.534088894220440036e-01
7.490000000000000213e+00 1.534088869250430920e-01
7.500000000000000000e+00 1.534088877543792750e-01
7.509999999999999787e+00 1.534088902783857788e-01
7.520000000000000462e+00 1.534088907284675563e-01
7.530000000000000249e+00 1.534088932247441028e-01
7.540000000000000036e+00 1.534088927324622209e-01
7.549999999999999822e+00 1.534088900784070508e-01
7.560000000000000497e+00 1.534088869578625336e-01
7.570000000000000284e+00 1.534088836355143592e-01
7.580000000000000071e+00 1.534088813968964848e-01
7.589999999999999858e+00 1.534088781678622504e-01
7.600000000000000533e+00 1.534088749712567701e-01
7.610000000000000320e+00 1.534088724962719419e-01
7.620000000000000107e+00 1.534088715439305695e-01
7.629999999999999893e+00 1.534088683624494354e-01
7.640000000000000568e+00 1.534088662463812258e-01
7.650000000000000355e+00 1.534088617419038791e-01
7.660000000000000142e+00 1.534088600249196022e-01
7.669999999999999929e+00 1.534088554889283529e-01
7.679999999999999716e+00 1.534088536350160514e-01
7.690000000000000391e+00 1.534088500726432380e-01
7.700000000000000178e+00 1.534088491329414772e-01
7.709999999999999964e+00 1.534088472853400165e-01
7.719999999999999751e+00 1.534088487756320451e-01
7.730000000000000426e+00 1.534088464391866746e-01
7.740000000000000213e+00 1.534088472910750955e-01
7.750000000000000000e+00 1.534088467693997537e-01
7.759999999999999787e+00 1.534088483514686185e-01
7.770000000000000462e+00 1.534088455776448645e-01
7.780000000000000249e+00 1.534088445951878599e-01
7.790000000000000036e+00 1.534088435276286244e-01
7.799999999999999822e+00 1.534088435980301979e-01
7.810000000000000497e+00 1.534088405845441261e-01
7.820000000000000284e+00 1.534088399478386044e-01
7.830000000000000071e+00 1.534088373196598187e-01
7.839999999999999858e+00 1.534088371595930811e-01
7.850000000000000533e+00 1.534088346236739397e-01
7.860000000000000320e+00 1.534088346980796158e-01
7.870000000000000107e+00 1.534088324870112596e-01
7.879999999999999893e+00 1.534088303657067109e-01
7.890000000000000568e+00 1.534088272185317459e-01
7.900000000000000355e+00 1.534088243485647873e-01
7.910000000000000142e+00 1.534088217479988303e-01
7.919999999999999929e+00 1.534088179645264893e-01
7.930000000000000604e+00 1.534088144075184956e-01
7.940000000000000391e+00 1.534088118315394267e-01
7.950000000000000178e+00 1.534088073355584225e-01
7.959999999999999964e+00 1.534088043773317867e-01
7.969999999999999751e+00 1.534088011341556146e-01
7.980000000000000426e+00 1.534087963613953443e-01
7.990000000000000213e+00 1.534087906126979095e-01
8.000000000000000000e+00 1.534087842958734016e-01
8.009999999999999787e+00 1.534087799759026038e-01
8.019999999999999574e+00 1.534087778299395022e-01
8.029999999999999361e+00 1.534087741728048793e-01
8.040000000000000924e+00 1.534087715719396339e-01
8.050000000000000711e+00 1.534087674096175080e-01
8.060000000000000497e+00 1.534087631525673789e-01
8.070000000000000284e+00 1.534087574685107647e-01
8.080000000000000071e+00 1.534087552782624486e-01
8.089999999999999858e+00 1.534087534905136940e-01
8.099999999999999645e+00 1.534087532838143697e-01
8.109999999999999432e+00 1.534087513161362382e-01
8.120000000000000995e+00 1.534087506900548292e-01
8.130000000000000782e+00 1.534087477414351752e-01
8.140000000000000568e+00 1.534087504860383311e-01
8.150000000000000355e+00 1.534087493887512088e-01
8.160000000000000142e+00 1.534087521327662795e-01
8.169999999999999929e+00 1.534087547969875953e-01
8.179999999999999716e+00 1.534087573559766438e-01
8.189999999999999503e+00 1.534087633152688979e-01
8.199999999999999289e+00 1.534087696243858490e-01
8.210000000000000853e+00 1.534087759633749048e-01
8.220000000000000639e+00 1.534087846462092730e-01
8.230000000000000426e+00 1.534087913330763053e-01
8.240000000000000213e+00 1.534087987980035928e-01
8.250000000000000000e+00 1.534088038847760960e-01
8.259999999999999787e+00 1.534088150510750370e-01
8.269999999999999574e+00 1.534088214209669565e-01
8.279999999999999361e+00 1.534088316926381923e-01
8.290000000000000924e+00 1.534088409068677661e-01
8.300000000000000711e+00 1.534088491043476554e-01
8.310000000000000497e+00 1.534088565644910473e-01
8.320000000000000284e+00 1.534088651862895725e-01
8.330000000000000071e+00 1.534088758678112674e-01
8.339999999999999858e+00 1.534088824064367973e-01
8.349999999999999645e+00 1.534088919018867514e-01
8.359999999999999432e+00 1.534089016070026290e-01
8.370000000000000995e+00 1.534089082595083975e-01
8.380000000000000782e+00 1.534089186445216912e-01
8.390000000000000568e+00 1.534089267704750181e-01
8.400000000000000355e+00 1.534089345707239094e-01
8.410000000000000142e+00 1.534089414837905840e-01
8.419999999999999929e+00 1.534089482609765354e-01
8.429999999999999716e+00 1.534089528756028276e-01
8.439999999999999503e+00 1.534089631212654237e-01
8.449999999999999289e+00 1.534089701303671949e-01
8.460000000000000853e+00 1.534089780877839482e-01
8.470000000000000639e+00 1.534089812472542447e-01
8.480000000000000426e+00 1.534089877653459499e-01
8.490000000000000213e+00 1.534089954637211928e-01
8.500000000000000000e+00 1.534090016331626782e-01
8.509999999999999787e+00 1.534090051982253122e-01
8.519999999999999574e+00 1.534090128151445187e-01
8.529999999999999361e+00 1.534090209936762594e-01
8.540000000000000924e+00 1.534090266811113656e-01
8.550000000000000711e+00 1.534090322682043483e-01
8.560000000000000497e+00 1.534090391973300105e-01
8.570000000000000284e+00 1.534090490080085301e-01
8.580000000000000071e+00 1.534090532016449127e-01
8.589999999999999858e+00 1.534090594818142694e-01
8.599999999999999645e+00 1.534090670738541273e-01
8.609999999999999432e+00 1.534090742797189211e-01
8.620000000000000995e+00 1.534090806252524919e-01
8.630000000000000782e+00 1.534090849981505911e-01
8.640000000000000568e+00 1.534090906939251098e-01
8.650000000000000355e+00 1.534090944825024228e-01
8.660000000000000142e+00 1.534091012803930343e-01
8.669999999999999929e+00 1.534091084541300276e-01
8.679999999999999716e+00 1.534091138079324013e-01
8.689999999999999503e+00 1.534091160778455754e-01
8.700000000000001066e+00 1.534091211222278206e-01
8.710000000000000853e+00 1.534091250266149120e-01
8.720000000000000639e+00 1.534091294198555444e-01
8.730000000000000426e+00 1.534091295061689175e-01
8.740000000000000213e+00 1.534091346923630306e-01
8.750000000000000000e+00 1.534091336158196484e-01
8.759999999999999787e+00 1.534091386601852125e-01
8.769999999999999574e+00 1.534091389226577562e-01
8.779999999999999361e+00 1.534091387750121382e-01
8.790000000000000924e+00 1.534091384182112439e-01
8.800000000000000711e+00 1.534091367352362345e-01
8.810000000000000497e+00 1.534091324641542742e-01
8.820000000000000284e+00 1.534091318781858893e-01
8.830000000000000071e+00 1.534091283558361163e-01
8.839999999999999858e+00 1.534091261342189205e-01
8.849999999999999645e+00 1.534091216265904278e-01
8.859999999999999432e+00 1.534091175999710288e-01
8.870000000000000995e+00 1.534091115253494730e-01
8.880000000000000782e+00 1.534091068165944205e-01
8.890000000000000568e+00 1.534091007680274121e-01
8.900000000000000355e+00 1.534090969316259379e-01
8.910000000000000142e+00 1.534090900998579532e-01
8.919999999999999929e+00 1.534090861455515986e-01
8.929999999999999716e+00 1.534090793828294108e-01
8.939999999999999503e+00 1.534090758957382672e-01
8.950000000000001066e+00 1.534090683421666379e-01
8.960000000000000853e+00 1.534090641470330363e-01
8.970000000000000639e+00 1.534090574547490315e-01
8.980000000000000426e+00 1.534090537768929008e-01
8.990000000000000213e+00 1.534090481595520306e-01
9.000000000000000000e+00 1.534090437127409723e-01
9.009999999999999787e+00 1.534090380193895153e-01
9.019999999999999574e+00 1.534090338005521803e-01
9.029999999999999361e+00 1.534090284697325057e-01
9.040000000000000924e+00 1.534090256270463082e-01
9.050000000000000711e+00 1.534090210688307254e-01
9.060000000000000497e+00 1.534090180062412934e-01
9.070000000000000284e+00 1.534090134611987843e-01
9.080000000000000071e+00 1.534090106525898556e-01
9.089999999999999858e+00 1.534090071537687061e-01
9.099999999999999645e+00 1.534090053169105128e-01
9.109999999999999432e+00 1.534090014390561141e-01
9.120000000000000995e+00 1.534089999465236553e-01
9.130000000000000782e+00 1.534089961018412773e-01
9.140000000000000568e+00 1.534089943981583604e-01
9.150000000000000355e+00 1.534089909600134805e-01
9.160000000000000142e+00 1.534089899405040036e-01
9.169999999999999929e+00 1.534089870271564127e-01
9.179999999999999716e+00 1.534089856069161262e-01
9.189999999999999503e+00 1.534089826676683921e-01
9.200000000000001066e+00 1.534089816519796368e-01
9.210000000000000853e+00 1.534089793967122195e-01
9.220000000000000639e+00 1.534089782913791444e-01
9.230000000000000426e+00 1.534089755238303432e-01
9.240000000000000213e+00 1.534089750148068809e-01
9.250000000000000000e+00 1.534089729405346825e-01
9.259999999999999787e+00 1.534089725402059401e-01
9.269999999999999574e+00 1.534089703965290929e-01
9.279999999999999361e+00 1.534089704483116989e-01
9.290000000000000924e+00 1.534089686001812169e-01
9.300000000000000711e+00 1.534089684330397774e-01
9.310000000000000497e+00 1.534089666588998313e-01
9.320000000000000284e+00 1.534089664343227799e-01
9.330000000000000071e+00 1.534089650814058903e-01
9.339999999999999858e+00 1.534089650302578323e-01
9.349999999999999645e+00 1.534089640075100847e-01
9.359999999999999432e+00 1.534089643085890520e-01
9.370000000000000995e+00 1.534089632990329466e-01
9.380000000000000782e+00 1.534089633461048485e-01
9.390000000000000568e+00 1.534089620845912050e-01
9.400000000000000355e+00 1.534089623598393903e-01
9.410000000000000142e+00 1.534089608291204498e-01
9.419999999999999929e+00 1.534089612240137346e-01
9.429999999999999716e+00 1.534089597940699878e-01
9.439999999999999503e+00 1.534089601907610567e-01
9.450000000000001066e+00 1.534089588813395133e-01
9.460000000000000853e+00 1.534089591010461551e-01
9.470000000000000639e+00 1.534089578033050738e-01
9.480000000000000426e+00 1.534089577141247440e-01
9.490000000000000213e+00 1.534089563523983735e-01
9.500000000000000000e+00 1.534089565299818214e-01
9.509999999999999787e+00 1.534089550348762543e-01
9.519999999999999574e+00 1.534089550917150102e-01
9.529999999999999361e+00 1.534089536311434299e-01
9.540000000000000924e+00 1.534089533616193324e-01
9.550000000000000711e+00 1.534089509458630707e-01
9.560000000000000497e+00 1.534089505772364415e-01
9.570000000000000284e+00 1.534089488745974117e-01
9.580000000000000071e+00 1.534089481949126033e-01
9.589999999999999858e+00 1.534089457454429484e-01
9.599999999999999645e+00 1.534089451719143071e-01
9.609999999999999432e+00 1.534089427380600223e-01
9.620000000000000995e+00 1.534089420119159886e-01
9.630000000000000782e+00 1.534089392649505279e-01
9.640000000000000568e+00 1.534089385523983717e-01
9.650000000000000355e+00 1.534089355009811972e-01
9.660000000000000142e+00 1.534089347974279816e-01
9.669999999999999929e+00 1.534089323610707822e-01
9.679999999999999716e+00 1.534089316982224505e-01
9.689999999999999503e+00 1.534089293604881388e-01
9.700000000000001066e+00 1.534089290699413299e-01
9.710000000000000853e+00 1.534089274620773768e-01
9.720000000000000639e+00 1.534089279997651323e-01
9.730000000000000426e+00 1.534089268063552336e-01
9.740000000000000213e+00 1.534089275898269933e-01
9.750000000000000000e+00 1.534089265913546885e-01
9.759999999999999787e+00 1.534089284430008582e-01
9.769999999999999574e+00 1.534089285252922541e-01
9.779999999999999361e+00 1.534089313895960760e-01
9.790000000000000924e+00 1.534089327303955475e-01
9.800000000000000711e+00 1.534089364977793135e-01
9.810000000000000497e+00 1.534089392373667593e-01
9.820000000000000284e+00 1.534089445551582720e-01
9.830000000000000071e+00 1.534089481318358372e-01
9.839999999999999858e+00 1.534089543347873230e-01
9.849999999999999645e+00 1.534089591607759595e-01
9.859999999999999432e+00 1.534089663699367279e-01
9.870000000000000995e+00 1.534089722537126388e-01
9.880000000000000782e+00 1.534089805726998601e-01
9.890000000000000568e+00 1.534089871853839271e-01
9.900000000000000355e+00 1.534089961080326026e-01
9.910000000000000142e+00 1.534090038430849789e-01
9.919999999999999929e+00 1.534090133994187033e-01
9.929999999999999716e+00 1.534090216260792505e-01
9.939999999999999503e+00 1.534090318343097059e-01
9.950000000000001066e+00 1.534090399262368898e-01
9.960000000000000853e+00 1.534090499162733823e-01
9.970000000000000639e+00 1.534090577461344196e-01
