time H
0.000000000000000000e+00 2.999883265954388090e-02
1.000000000000000021e-02 2.999879630287877533e-02
2.000000000000000042e-02 2.999875994620134628e-02
2.999999999999999889e-02 2.999872359007429296e-02
4.000000000000000083e-02 2.999868723507055981e-02
5.000000000000000278e-02 2.999865088175336994e-02
5.999999999999999778e-02 2.999861453069595577e-02
7.000000000000000666e-02 2.999857818246240426e-02
8.000000000000000167e-02 2.999854183762134044e-02
8.999999999999999667e-02 2.999850549674265912e-02
1.000000000000000056e-01 2.999846916039639738e-02
1.100000000000000006e-01 2.999843282914676362e-02
1.199999999999999956e-01 2.999839650356060997e-02
1.300000000000000044e-01 2.999836018421191824e-02
1.400000000000000133e-01 2.999832387166456033e-02
1.499999999999999944e-01 2.999828756648982575e-02
1.600000000000000033e-01 2.999825126925080576e-02
1.700000000000000122e-01 2.999821498051471330e-02
1.799999999999999933e-01 2.999817870085486754e-02
1.900000000000000022e-01 2.999814243082664714e-02
2.000000000000000111e-01 2.999810617100842278e-02
2.099999999999999922e-01 2.999806992195432759e-02
2.200000000000000011e-01 2.999803368423952302e-02
2.300000000000000100e-01 2.999799745842075122e-02
2.399999999999999911e-01 2.999796124506981521e-02
2.500000000000000000e-01 2.999792504473635171e-02
2.600000000000000089e-01 2.999788885799367297e-02
2.700000000000000178e-01 2.999785268539811173e-02
2.800000000000000266e-01 2.999781652752106162e-02
2.899999999999999800e-01 2.999778038491162160e-02
2.999999999999999889e-01 2.999774425813050288e-02
3.099999999999999978e-01 2.999770814773845828e-02
3.200000000000000067e-01 2.999767205429684780e-02
3.300000000000000155e-01 2.999763597835392037e-02
3.400000000000000244e-01 2.999759992047165008e-02
3.500000000000000333e-01 2.999756388119425438e-02
3.599999999999999867e-01 2.999752786109013275e-02
3.699999999999999956e-01 2.999749186069540149e-02
3.800000000000000044e-01 2.999745588056737869e-02
3.900000000000000133e-01 2.999741992125921214e-02
4.000000000000000222e-01 2.999738398331384254e-02
4.100000000000000311e-01 2.999734806728497627e-02
4.199999999999999845e-01 2.999731217370958311e-02
4.299999999999999933e-01 2.999727630313162377e-02
4.400000000000000022e-01 2.999724045610114784e-02
4.500000000000000111e-01 2.999720463315460120e-02
4.600000000000000200e-01 2.999716883482772892e-02
4.700000000000000289e-01 2.999713306166840870e-02
4.799999999999999822e-01 2.999709731419646086e-02
4.899999999999999911e-01 2.999706159296636546e-02
5.000000000000000000e-01 2.999702589849737727e-02
5.100000000000000089e-01 2.999699023132236173e-02
5.200000000000000178e-01 2.999695459197124908e-02
5.300000000000000266e-01 2.999691898097046200e-02
5.400000000000000355e-01 2.999688339884527127e-02
5.500000000000000444e-01 2.999684784611932054e-02
5.600000000000000533e-01 2.999681232331643382e-02
5.700000000000000622e-01 2.999677683095284403e-02
5.799999999999999600e-01 2.999674136954477710e-02
5.899999999999999689e-01 2.999670593960807735e-02
5.999999999999999778e-01 2.999667054165247940e-02
6.099999999999999867e-01 2.999663517619998929e-02
6.199999999999999956e-01 2.999659984374790367e-02
6.300000000000000044e-01 2.999656454480565185e-02
6.400000000000000133e-01 2.999652927987827775e-02
6.500000000000000222e-01 2.999649404946430273e-02
6.600000000000000311e-01 2.999645885406377471e-02
6.700000000000000400e-01 2.999642369417702265e-02
6.800000000000000488e-01 2.999638857028663619e-02
6.900000000000000577e-01 2.999635348289631659e-02
7.000000000000000666e-01 2.999631843249203275e-02
7.099999999999999645e-01 2.999628341955944827e-02
7.199999999999999734e-01 2.999624844457365880e-02
7.299999999999999822e-01 2.999621350802918196e-02
7.399999999999999911e-01 2.999617861039560046e-02
7.500000000000000000e-01 2.999614375214890855e-02
7.600000000000000089e-01 2.999610893376971482e-02
7.700000000000000178e-01 2.999607415571752325e-02
7.800000000000000266e-01 2.999603941846343269e-02
7.900000000000000355e-01 2.999600472247357028e-02
8.000000000000000444e-01 2.999597006820233641e-02
8.100000000000000533e-01 2.999593545611018222e-02
8.200000000000000622e-01 2.999590088665683024e-02
8.300000000000000711e-01 2.999586636028852421e-02
8.399999999999999689e-01 2.999583187745509874e-02
8.499999999999999778e-01 2.999579743860266573e-02
8.599999999999999867e-01 2.999576304417297251e-02
8.699999999999999956e-01 2.999572869460546964e-02
8.800000000000000044e-01 2.999569439033344248e-02
8.900000000000000133e-01 2.999566013179302132e-02
9.000000000000000222e-01 2.999562591941341838e-02
9.100000000000000311e-01 2.999559175361955418e-02
9.200000000000000400e-01 2.999555763482612478e-02
9.300000000000000488e-01 2.999552356345930662e-02
9.400000000000000577e-01 2.999548953993776829e-02
9.500000000000000666e-01 2.999545556466393093e-02
9.599999999999999645e-01 2.999542163805326428e-02
9.699999999999999734e-01 2.999538776050996586e-02
9.799999999999999822e-01 2.999535393243095427e-02
9.899999999999999911e-01 2.999532015421590633e-02
1.000000000000000000e+00 2.999528642625595709e-02
1.010000000000000009e+00 2.999525274894516286e-02
1.020000000000000018e+00 2.999521912266518708e-02
1.030000000000000027e+00 2.999518554780451415e-02
1.040000000000000036e+00 2.999515202473746617e-02
1.050000000000000044e+00 2.999511855383472578e-02
1.060000000000000053e+00 2.999508513547443495e-02
1.070000000000000062e+00 2.999505177002245379e-02
1.080000000000000071e+00 2.999501845783120527e-02
1.090000000000000080e+00 2.999498519927918869e-02
1.100000000000000089e+00 2.999495199470020301e-02
1.110000000000000098e+00 2.999491884445801976e-02
1.120000000000000107e+00 2.999488574889441414e-02
1.130000000000000115e+00 2.999485270835323611e-02
1.140000000000000124e+00 2.999481972317593476e-02
1.150000000000000133e+00 2.999478679369304776e-02
1.159999999999999920e+00 2.999475392023201459e-02
1.169999999999999929e+00 2.999472110312396619e-02
1.179999999999999938e+00 2.999468834269270953e-02
1.189999999999999947e+00 2.999465563924623435e-02
1.199999999999999956e+00 2.999462299310451038e-02
1.209999999999999964e+00 2.999459040457348735e-02
1.219999999999999973e+00 2.999455787396096071e-02
1.229999999999999982e+00 2.999452540156424124e-02
1.239999999999999991e+00 2.999449298767796479e-02
1.250000000000000000e+00 2.999446063259566392e-02
1.260000000000000009e+00 2.999442833660313779e-02
1.270000000000000018e+00 2.999439609998176548e-02
1.280000000000000027e+00 2.999436392300816254e-02
1.290000000000000036e+00 2.999433180595757059e-02
1.300000000000000044e+00 2.999429974909783442e-02
1.310000000000000053e+00 2.999426775269312118e-02
1.320000000000000062e+00 2.999423581700209895e-02
1.330000000000000071e+00 2.999420394228004272e-02
1.340000000000000080e+00 2.999417212877629468e-02
1.350000000000000089e+00 2.999414037673948583e-02
1.360000000000000098e+00 2.999410868640595834e-02
1.370000000000000107e+00 2.999407705801378221e-02
1.380000000000000115e+00 2.999404549179436608e-02
1.390000000000000124e+00 2.999401398797251622e-02
1.400000000000000133e+00 2.999398254677380568e-02
1.409999999999999920e+00 2.999395116841250403e-02
1.419999999999999929e+00 2.999391985310176020e-02
1.429999999999999938e+00 2.999388860104612586e-02
1.439999999999999947e+00 2.999385741245207126e-02
1.449999999999999956e+00 2.999382628751571384e-02
1.459999999999999964e+00 2.999379522642975707e-02
1.469999999999999973e+00 2.999376422938095782e-02
1.479999999999999982e+00 2.999373329655358189e-02
1.489999999999999991e+00 2.999370242812661805e-02
1.500000000000000000e+00 2.999367162427463845e-02
1.510000000000000009e+00 2.999364088516071752e-02
1.520000000000000018e+00 2.999361021095179811e-02
1.530000000000000027e+00 2.999357960180384225e-02
1.540000000000000036e+00 2.999354905787116748e-02
1.550000000000000044e+00 2.999351857930633233e-02
1.560000000000000053e+00 2.999348816624300418e-02
1.570000000000000062e+00 2.999345781882978984e-02
1.580000000000000071e+00 2.999342753719419150e-02
1.590000000000000080e+00 2.999339732146382928e-02
1.600000000000000089e+00 2.999336717176358594e-02
1.610000000000000098e+00 2.999333708821123184e-02
1.620000000000000107e+00 2.999330707091781012e-02
1.630000000000000115e+00 2.999327711999741700e-02
1.640000000000000124e+00 2.999324723554615962e-02
1.650000000000000133e+00 2.999321741766168559e-02
1.660000000000000142e+00 2.999318766644316556e-02
1.669999999999999929e+00 2.999315798197031702e-02
1.679999999999999938e+00 2.999312836433109392e-02
1.689999999999999947e+00 2.999309881359862179e-02
1.699999999999999956e+00 2.999306932984698720e-02
1.709999999999999964e+00 2.999303991314463541e-02
1.719999999999999973e+00 2.999301056354883657e-02
1.729999999999999982e+00 2.999298128112093745e-02
1.739999999999999991e+00 2.999295206591018337e-02
1.750000000000000000e+00 2.999292291796363391e-02
1.760000000000000009e+00 2.999289383732216957e-02
1.770000000000000018e+00 2.999286482401955500e-02
1.780000000000000027e+00 2.999283587809018631e-02
1.790000000000000036e+00 2.999280699955707979e-02
1.800000000000000044e+00 2.999277818844591631e-02
1.810000000000000053e+00 2.999274944476559152e-02
1.820000000000000062e+00 2.999272076852817909e-02
1.830000000000000071e+00 2.999269215974125283e-02
1.840000000000000080e+00 2.999266361840190881e-02
1.850000000000000089e+00 2.999263514450521695e-02
1.860000000000000098e+00 2.999260673804423835e-02
1.870000000000000107e+00 2.999257839899865247e-02
1.880000000000000115e+00 2.999255012734915182e-02
1.890000000000000124e+00 2.999252192307320236e-02
1.900000000000000133e+00 2.999249378613634553e-02
1.910000000000000142e+00 2.999246571650237420e-02
1.919999999999999929e+00 2.999243771413320769e-02
1.929999999999999938e+00 2.999240977897855986e-02
1.939999999999999947e+00 2.999238191098890088e-02
1.949999999999999956e+00 2.999235411010919838e-02
1.959999999999999964e+00 2.999232637627594067e-02
1.969999999999999973e+00 2.999229870942322906e-02
1.979999999999999982e+00 2.999227110947823988e-02
1.989999999999999991e+00 2.999224357636636612e-02
2.000000000000000000e+00 2.999221611000191939e-02
2.010000000000000231e+00 2.999218871030166766e-02
2.020000000000000018e+00 2.999216137716849764e-02
2.030000000000000249e+00 2.999213411051240147e-02
2.040000000000000036e+00 2.999210691022564934e-02
2.049999999999999822e+00 2.999207977620325927e-02
2.060000000000000053e+00 2.999205270833536774e-02
2.069999999999999840e+00 2.999202570650102290e-02
2.080000000000000071e+00 2.999199877058026514e-02
2.089999999999999858e+00 2.999197190044588027e-02
2.100000000000000089e+00 2.999194509596689318e-02
2.109999999999999876e+00 2.999191835700486253e-02
2.120000000000000107e+00 2.999189168341767284e-02
2.129999999999999893e+00 2.999186507505952753e-02
2.140000000000000124e+00 2.999183853177906853e-02
2.149999999999999911e+00 2.999181205342070500e-02
2.160000000000000142e+00 2.999178563982359338e-02
2.169999999999999929e+00 2.999175929081752956e-02
2.180000000000000160e+00 2.999173300623717703e-02
2.189999999999999947e+00 2.999170678590607278e-02
2.200000000000000178e+00 2.999168062963990938e-02
2.209999999999999964e+00 2.999165453725500391e-02
2.220000000000000195e+00 2.999162850856690321e-02
2.229999999999999982e+00 2.999160254337297771e-02
2.240000000000000213e+00 2.999157664147961144e-02
2.250000000000000000e+00 2.999155080268041396e-02
2.260000000000000231e+00 2.999152502676831478e-02
2.270000000000000018e+00 2.999149931352987353e-02
2.280000000000000249e+00 2.999147366274435011e-02
2.290000000000000036e+00 2.999144807419328040e-02
2.300000000000000266e+00 2.999142254764985971e-02
2.310000000000000053e+00 2.999139708288128814e-02
2.319999999999999840e+00 2.999137167965191045e-02
2.330000000000000071e+00 2.999134633771990618e-02
2.339999999999999858e+00 2.999132105684291366e-02
2.350000000000000089e+00 2.999129583677363764e-02
2.359999999999999876e+00 2.999127067725360085e-02
2.370000000000000107e+00 2.999124557802722996e-02
2.379999999999999893e+00 2.999122053883176986e-02
2.390000000000000124e+00 2.999119555940356341e-02
2.399999999999999911e+00 2.999117063946646344e-02
2.410000000000000142e+00 2.999114577874897880e-02
2.419999999999999929e+00 2.999112097697111470e-02
2.430000000000000160e+00 2.999109623385075307e-02
2.439999999999999947e+00 2.999107154909653669e-02
2.450000000000000178e+00 2.999104692242052922e-02
2.459999999999999964e+00 2.999102235352258533e-02
2.470000000000000195e+00 2.999099784210876307e-02
2.479999999999999982e+00 2.999097338786876898e-02
2.490000000000000213e+00 2.999094899049981749e-02
2.500000000000000000e+00 2.999092464968711180e-02
2.510000000000000231e+00 2.999090036511497387e-02
2.520000000000000018e+00 2.999087613646266373e-02
2.530000000000000249e+00 2.999085196340900428e-02
2.540000000000000036e+00 2.999082784562495316e-02
2.550000000000000266e+00 2.999080378278030229e-02
2.560000000000000053e+00 2.999077977453741550e-02
2.569999999999999840e+00 2.999075582055971134e-02
2.580000000000000071e+00 2.999073192050392273e-02
2.589999999999999858e+00 2.999070807402372946e-02
2.600000000000000089e+00 2.999068428076865495e-02
2.609999999999999876e+00 2.999066054038783749e-02
2.620000000000000107e+00 2.999063685252207484e-02
2.629999999999999893e+00 2.999061321681045778e-02
2.640000000000000124e+00 2.999058963289140400e-02
2.649999999999999911e+00 2.999056610039396026e-02
2.660000000000000142e+00 2.999054261895165580e-02
2.669999999999999929e+00 2.999051918818716744e-02
2.680000000000000160e+00 2.999049580772403245e-02
2.689999999999999947e+00 2.999047247718067757e-02
2.700000000000000178e+00 2.999044919617355892e-02
2.709999999999999964e+00 2.999042596431833116e-02
2.720000000000000195e+00 2.999040278121872793e-02
2.729999999999999982e+00 2.999037964648386054e-02
2.740000000000000213e+00 2.999035655972037001e-02
2.750000000000000000e+00 2.999033352052503723e-02
2.760000000000000231e+00 2.999031052849485818e-02
2.770000000000000018e+00 2.999028758322650964e-02
2.780000000000000249e+00 2.999026468431165854e-02
2.790000000000000036e+00 2.999024183133425572e-02
2.800000000000000266e+00 2.999021902388495850e-02
2.810000000000000053e+00 2.999019626154539667e-02
2.819999999999999840e+00 2.999017354389476100e-02
2.830000000000000071e+00 2.999015087051136105e-02
2.839999999999999858e+00 2.999012824097035956e-02
2.850000000000000089e+00 2.999010565484346025e-02
2.859999999999999876e+00 2.999008311169956698e-02
2.870000000000000107e+00 2.999006061110754545e-02
2.879999999999999893e+00 2.999003815263003372e-02
2.890000000000000124e+00 2.999001573583108191e-02
2.899999999999999911e+00 2.998999336026868245e-02
2.910000000000000142e+00 2.998997102550197275e-02
2.919999999999999929e+00 2.998994873108535436e-02
2.930000000000000160e+00 2.998992647657023475e-02
2.939999999999999947e+00 2.998990426150864932e-02
2.950000000000000178e+00 2.998988208544878936e-02
2.959999999999999964e+00 2.998985994793777407e-02
2.970000000000000195e+00 2.998983784851871892e-02
2.979999999999999982e+00 2.998981578673414958e-02
2.990000000000000213e+00 2.998979376212362533e-02
3.000000000000000000e+00 2.998977177422706974e-02
3.010000000000000231e+00 2.998974982257763752e-02
3.020000000000000018e+00 2.998972790671444039e-02
3.030000000000000249e+00 2.998970602616746195e-02
3.040000000000000036e+00 2.998968418046765727e-02
3.050000000000000266e+00 2.998966236914466649e-02
3.060000000000000053e+00 2.998964059172717217e-02
3.070000000000000284e+00 2.998961884773752515e-02
3.080000000000000071e+00 2.998959713670220489e-02
3.089999999999999858e+00 2.998957545814646616e-02
3.100000000000000089e+00 2.998955381158966912e-02
3.109999999999999876e+00 2.998953219655190600e-02
3.120000000000000107e+00 2.998951061255156203e-02
3.129999999999999893e+00 2.998948905910547164e-02
3.140000000000000124e+00 2.998946753573139556e-02
3.149999999999999911e+00 2.998944604194295205e-02
3.160000000000000142e+00 2.998942457725223970e-02
3.169999999999999929e+00 2.998940314117344574e-02
3.180000000000000160e+00 2.998938173321871736e-02
3.189999999999999947e+00 2.998936035289679475e-02
3.200000000000000178e+00 2.998933899971775383e-02
3.209999999999999964e+00 2.998931767318893313e-02
3.220000000000000195e+00 2.998929637282104002e-02
3.229999999999999982e+00 2.998927509811528253e-02
3.240000000000000213e+00 2.998925384858366211e-02
3.250000000000000000e+00 2.998923262372760884e-02
3.260000000000000231e+00 2.998921142305151222e-02
3.270000000000000018e+00 2.998919024606128136e-02
3.280000000000000249e+00 2.998916909225698632e-02
3.290000000000000036e+00 2.998914796114363068e-02
3.300000000000000266e+00 2.998912685222209981e-02
3.310000000000000053e+00 2.998910576499727240e-02
3.320000000000000284e+00 2.998908469896542986e-02
3.330000000000000071e+00 2.998906365363048637e-02
3.339999999999999858e+00 2.998904262849320587e-02
3.350000000000000089e+00 2.998902162305240593e-02
3.359999999999999876e+00 2.998900063680880884e-02
3.370000000000000107e+00 2.998897966926424713e-02
3.379999999999999893e+00 2.998895871991557466e-02
3.390000000000000124e+00 2.998893778826421455e-02
3.399999999999999911e+00 2.998891687380969215e-02
3.410000000000000142e+00 2.998889597605209137e-02
3.419999999999999929e+00 2.998887509449111449e-02
3.430000000000000160e+00 2.998885422862680034e-02
3.439999999999999947e+00 2.998883337795789361e-02
3.450000000000000178e+00 2.998881254198640725e-02
3.459999999999999964e+00 2.998879172021499603e-02
3.470000000000000195e+00 2.998877091214045831e-02
3.479999999999999982e+00 2.998875011726710033e-02
3.490000000000000213e+00 2.998872933509520375e-02
3.500000000000000000e+00 2.998870856512715274e-02
3.510000000000000231e+00 2.998868780686777397e-02
3.520000000000000018e+00 2.998866705981770645e-02
3.530000000000000249e+00 2.998864632348346992e-02
3.540000000000000036e+00 2.998862559736722999e-02
3.550000000000000266e+00 2.998860488097505536e-02
3.560000000000000053e+00 2.998858417381332353e-02
3.570000000000000284e+00 2.998856347538973385e-02
3.580000000000000071e+00 2.998854278521006708e-02
3.589999999999999858e+00 2.998852210278428812e-02
3.600000000000000089e+00 2.998850142762141124e-02
3.609999999999999876e+00 2.998848075923220280e-02
3.620000000000000107e+00 2.998846009712870936e-02
3.629999999999999893e+00 2.998843944082142318e-02
3.640000000000000124e+00 2.998841878982624887e-02
3.649999999999999911e+00 2.998839814365756445e-02
3.660000000000000142e+00 2.998837750183062575e-02
3.669999999999999929e+00 2.998835686386389088e-02
3.680000000000000160e+00 2.998833622927411097e-02
3.689999999999999947e+00 2.998831559758385890e-02
3.700000000000000178e+00 2.998829496831305688e-02
3.709999999999999964e+00 2.998827434098416678e-02
3.720000000000000195e+00 2.998825371512155169e-02
3.729999999999999982e+00 2.998823309025265560e-02
3.740000000000000213e+00 2.998821246590306633e-02
3.750000000000000000e+00 2.998819184160186543e-02
3.760000000000000231e+00 2.998817121688026818e-02
3.770000000000000018e+00 2.998815059127093313e-02
3.780000000000000249e+00 2.998812996430810784e-02
3.790000000000000036e+00 2.998810933552536334e-02
3.800000000000000266e+00 2.998808870446281055e-02
3.810000000000000053e+00 2.998806807065974162e-02
3.820000000000000284e+00 2.998804743365653808e-02
3.830000000000000071e+00 2.998802679299755747e-02
3.839999999999999858e+00 2.998800614822764651e-02
3.850000000000000089e+00 2.998798549889394177e-02
3.859999999999999876e+00 2.998796484454665026e-02
3.870000000000000107e+00 2.998794418473738760e-02
3.879999999999999893e+00 2.998792351901919187e-02
3.890000000000000124e+00 2.998790284694876837e-02
3.899999999999999911e+00 2.998788216808390486e-02
3.910000000000000142e+00 2.998786148198523752e-02
3.919999999999999929e+00 2.998784078821616766e-02
3.930000000000000160e+00 2.998782008634067950e-02
3.939999999999999947e+00 2.998779937592691014e-02
3.950000000000000178e+00 2.998777865654457531e-02
3.959999999999999964e+00 2.998775792776669363e-02
3.970000000000000195e+00 2.998773718916770276e-02
3.979999999999999982e+00 2.998771644032549241e-02
3.990000000000000213e+00 2.998769568082013809e-02
4.000000000000000000e+00 2.998767491023395654e-02
4.009999999999999787e+00 2.998765412815298376e-02
4.020000000000000462e+00 2.998763333416403290e-02
4.030000000000000249e+00 2.998761252785896170e-02
4.040000000000000036e+00 2.998759170883182057e-02
4.049999999999999822e+00 2.998757087667783608e-02
4.060000000000000497e+00 2.998755003099689426e-02
4.070000000000000284e+00 2.998752917139024810e-02
4.080000000000000071e+00 2.998750829746364699e-02
4.089999999999999858e+00 2.998748740882539038e-02
4.099999999999999645e+00 2.998746650508479078e-02
4.110000000000000320e+00 2.998744558585784981e-02
4.120000000000000107e+00 2.998742465075927149e-02
4.129999999999999893e+00 2.998740369941112899e-02
4.139999999999999680e+00 2.998738273143559258e-02
4.150000000000000355e+00 2.998736174645926303e-02
4.160000000000000142e+00 2.998734074411125300e-02
4.169999999999999929e+00 2.998731972402444296e-02
4.179999999999999716e+00 2.998729868583446811e-02
4.190000000000000391e+00 2.998727762918082518e-02
4.200000000000000178e+00 2.998725655370611254e-02
4.209999999999999964e+00 2.998723545905503107e-02
4.219999999999999751e+00 2.998721434487849544e-02
4.230000000000000426e+00 2.998719321082774641e-02
4.240000000000000213e+00 2.998717205655931917e-02
4.250000000000000000e+00 2.998715088173269788e-02
4.259999999999999787e+00 2.998712968601003476e-02
4.270000000000000462e+00 2.998710846905843982e-02
4.280000000000000249e+00 2.998708723054750031e-02
4.290000000000000036e+00 2.998706597015111594e-02
4.299999999999999822e+00 2.998704468754587876e-02
4.310000000000000497e+00 2.998702338241236720e-02
4.320000000000000284e+00 2.998700205443548608e-02
4.330000000000000071e+00 2.998698070330275273e-02
4.339999999999999858e+00 2.998695932870613923e-02
4.350000000000000533e+00 2.998693793034074712e-02
4.360000000000000320e+00 2.998691650790615698e-02
4.370000000000000107e+00 2.998689506110438149e-02
4.379999999999999893e+00 2.998687358964304342e-02
4.389999999999999680e+00 2.998685209323235373e-02
4.400000000000000355e+00 2.998683057158661736e-02
4.410000000000000142e+00 2.998680902442379947e-02
4.419999999999999929e+00 2.998678745146655250e-02
4.429999999999999716e+00 2.998676585243973194e-02
4.440000000000000391e+00 2.998674422707500384e-02
4.450000000000000178e+00 2.998672257510490505e-02
4.459999999999999964e+00 2.998670089626732579e-02
4.469999999999999751e+00 2.998667919030485393e-02
4.480000000000000426e+00 2.998665745696283552e-02
4.490000000000000213e+00 2.998663569599108181e-02
4.500000000000000000e+00 2.998661390714357083e-02
4.509999999999999787e+00 2.998659209017853766e-02
4.520000000000000462e+00 2.998657024485798864e-02
4.530000000000000249e+00 2.998654837094772221e-02
4.540000000000000036e+00 2.998652646821842183e-02
4.549999999999999822e+00 2.998650453644442077e-02
4.560000000000000497e+00 2.998648257540450016e-02
4.570000000000000284e+00 2.998646058488129568e-02
4.580000000000000071e+00 2.998643856466197063e-02
4.589999999999999858e+00 2.998641651453757759e-02
4.600000000000000533e+00 2.998639443430349549e-02
4.610000000000000320e+00 2.998637232375952338e-02
4.620000000000000107e+00 2.998635018270954383e-02
4.629999999999999893e+00 2.998632801096183520e-02
4.639999999999999680e+00 2.998630580832870388e-02
4.650000000000000355e+00 2.998628357462711572e-02
4.660000000000000142e+00 2.998626130967808195e-02
4.669999999999999929e+00 2.998623901330705471e-02
4.679999999999999716e+00 2.998621668534375700e-02
4.690000000000000391e+00 2.998619432562247070e-02
4.700000000000000178e+00 2.998617193398142589e-02
4.709999999999999964e+00 2.998614951026352601e-02
4.719999999999999751e+00 2.998612705431612929e-02
4.730000000000000426e+00 2.998610456599095156e-02
4.740000000000000213e+00 2.998608204514358055e-02
4.750000000000000000e+00 2.998605949163493656e-02
4.759999999999999787e+00 2.998603690532971114e-02
4.770000000000000462e+00 2.998601428609726921e-02
4.780000000000000249e+00 2.998599163381127780e-02
4.790000000000000036e+00 2.998596894835001136e-02
4.799999999999999822e+00 2.998594622959621994e-02
4.810000000000000497e+00 2.998592347743683773e-02
4.820000000000000284e+00 2.998590069176373246e-02
4.830000000000000071e+00 2.998587787247272360e-02
4.839999999999999858e+00 2.998585501946461271e-02
4.850000000000000533e+00 2.998583213264433001e-02
4.860000000000000320e+00 2.998580921192156579e-02
4.870000000000000107e+00 2.998578625721036103e-02
4.879999999999999893e+00 2.998576326842929130e-02
4.889999999999999680e+00 2.998574024550143546e-02
4.900000000000000355e+00 2.998571718835447986e-02
4.910000000000000142e+00 2.998569409692049270e-02
4.919999999999999929e+00 2.998567097113622598e-02
4.929999999999999716e+00 2.998564781094283441e-02
4.940000000000000391e+00 2.998562461628605236e-02
4.950000000000000178e+00 2.998560138711618001e-02
4.959999999999999964e+00 2.998557812338798617e-02
4.969999999999999751e+00 2.998555482506080894e-02
4.980000000000000426e+00 2.998553149209853483e-02
4.990000000000000213e+00 2.998550812446957800e-02
5.000000000000000000e+00 2.998548472214687330e-02
5.009999999999999787e+00 2.998546128510789707e-02
5.020000000000000462e+00 2.998543781333472963e-02
5.030000000000000249e+00 2.998541430681391645e-02
5.040000000000000036e+00 2.998539076553655147e-02
5.049999999999999822e+00 2.998536718949826665e-02
5.060000000000000497e+00 2.998534357869926670e-02
5.070000000000000284e+00 2.998531993314420760e-02
5.080000000000000071e+00 2.998529625284234931e-02
5.089999999999999858e+00 2.998527253780745860e-02
5.100000000000000533e+00 2.998524878805776395e-02
5.110000000000000320e+00 2.998522500361611165e-02
5.120000000000000107e+00 2.998520118450980973e-02
5.129999999999999893e+00 2.998517733077065220e-02
5.139999999999999680e+00 2.998515344243491906e-02
5.150000000000000355e+00 2.998512951954349082e-02
5.160000000000000142e+00 2.998510556214169925e-02
5.169999999999999929e+00 2.998508157027928930e-02
5.179999999999999716e+00 2.998505754401057516e-02
5.190000000000000391e+00 2.998503348339430150e-02
5.200000000000000178e+00 2.998500938849370939e-02
5.209999999999999964e+00 2.998498525937648776e-02
5.219999999999999751e+00 2.998496109611477334e-02
5.230000000000000426e+00 2.998493689878516111e-02
5.240000000000000213e+00 2.998491266746861061e-02
5.250000000000000000e+00 2.998488840225063679e-02
5.259999999999999787e+00 2.998486410322109136e-02
5.270000000000000462e+00 2.998483977047420798e-02
5.280000000000000249e+00 2.998481540410873059e-02
5.290000000000000036e+00 2.998479100422764276e-02
5.299999999999999822e+00 2.998476657093839676e-02
5.310000000000000497e+00 2.998474210435295162e-02
5.320000000000000284e+00 2.998471760458724239e-02
5.330000000000000071e+00 2.998469307176187398e-02
5.339999999999999858e+00 2.998466850600171180e-02
5.350000000000000533e+00 2.998464390743591640e-02
5.360000000000000320e+00 2.998461927619790537e-02
5.370000000000000107e+00 2.998459461242556842e-02
5.379999999999999893e+00 2.998456991626079204e-02
5.389999999999999680e+00 2.998454518784996609e-02
5.400000000000000355e+00 2.998452042734373046e-02
5.410000000000000142e+00 2.998449563489665598e-02
5.419999999999999929e+00 2.998447081066803535e-02
5.429999999999999716e+00 2.998444595482099156e-02
5.440000000000000391e+00 2.998442106752300870e-02
5.450000000000000178e+00 2.998439614894566480e-02
5.459999999999999964e+00 2.998437119926478794e-02
5.469999999999999751e+00 2.998434621866032102e-02
5.480000000000000426e+00 2.998432120731620715e-02
5.490000000000000213e+00 2.998429616542086160e-02
5.500000000000000000e+00 2.998427109316625233e-02
5.509999999999999787e+00 2.998424599074909699e-02
5.520000000000000462e+00 2.998422085836952716e-02
5.530000000000000249e+00 2.998419569623206674e-02
5.540000000000000036e+00 2.998417050454532315e-02
5.549999999999999822e+00 2.998414528352153288e-02
5.560000000000000497e+00 2.998412003337756759e-02
5.570000000000000284e+00 2.998409475433348390e-02
5.580000000000000071e+00 2.998406944661371337e-02
5.589999999999999858e+00 2.998404411044691686e-02
5.600000000000000533e+00 2.998401874606533221e-02
5.610000000000000320e+00 2.998399335370438568e-02
5.620000000000000107e+00 2.998396793360504423e-02
5.629999999999999893e+00 2.998394248601057854e-02
5.639999999999999680e+00 2.998391701116869326e-02
5.650000000000000355e+00 2.998389150933095451e-02
5.660000000000000142e+00 2.998386598075241521e-02
5.669999999999999929e+00 2.998384042569230898e-02
5.679999999999999716e+00 2.998381484441360947e-02
5.690000000000000391e+00 2.998378923718225675e-02
5.700000000000000178e+00 2.998376360426843745e-02
5.709999999999999964e+00 2.998373794594641831e-02
5.719999999999999751e+00 2.998371226249318261e-02
5.730000000000000426e+00 2.998368655418992557e-02
5.740000000000000213e+00 2.998366082132166918e-02
5.750000000000000000e+00 2.998363506417637409e-02
5.759999999999999787e+00 2.998360928304560219e-02
5.770000000000000462e+00 2.998358347822455833e-02
5.780000000000000249e+00 2.998355765001308598e-02
5.790000000000000036e+00 2.998353179871221519e-02
5.799999999999999822e+00 2.998350592462820791e-02
5.810000000000000497e+00 2.998348002806970267e-02
5.820000000000000284e+00 2.998345410935018135e-02
5.830000000000000071e+00 2.998342816878503056e-02
5.839999999999999858e+00 2.998340220669293288e-02
5.850000000000000533e+00 2.998337622339707076e-02
5.860000000000000320e+00 2.998335021922286792e-02
5.870000000000000107e+00 2.998332419449957487e-02
5.879999999999999893e+00 2.998329814955908931e-02
5.889999999999999680e+00 2.998327208473793026e-02
5.900000000000000355e+00 2.998324600037352225e-02
5.910000000000000142e+00 2.998321989680782784e-02
5.919999999999999929e+00 2.998319377438622702e-02
5.929999999999999716e+00 2.998316763345617447e-02
5.940000000000000391e+00 2.998314147436951377e-02
5.950000000000000178e+00 2.998311529747907378e-02
5.959999999999999964e+00 2.998308910314378267e-02
5.969999999999999751e+00 2.998306289172099348e-02
5.980000000000000426e+00 2.998303666357574060e-02
5.990000000000000213e+00 2.998301041907226044e-02
6.000000000000000000e+00 2.998298415858107607e-02
6.009999999999999787e+00 2.998295788247200278e-02
6.020000000000000462e+00 2.998293159112031328e-02
6.030000000000000249e+00 2.998290528490169665e-02
6.040000000000000036e+00 2.998287896419826043e-02
6.049999999999999822e+00 2.998285262939176174e-02
6.060000000000000497e+00 2.998282628086542875e-02
6.070000000000000284e+00 2.998279991900976854e-02
6.080000000000000071e+00 2.998277354421362978e-02
6.089999999999999858e+00 2.998274715687097164e-02
6.100000000000000533e+00 2.998272075737746373e-02
6.110000000000000320e+00 2.998269434612937240e-02
6.120000000000000107e+00 2.998266792352910839e-02
6.129999999999999893e+00 2.998264148997943288e-02
6.140000000000000568e+00 2.998261504588536214e-02
6.150000000000000355e+00 2.998258859165476783e-02
6.160000000000000142e+00 2.998256212769771778e-02
6.169999999999999929e+00 2.998253565442613594e-02
6.179999999999999716e+00 2.998250917225640799e-02
6.190000000000000391e+00 2.998248268160345897e-02
6.200000000000000178e+00 2.998245618288798361e-02
6.209999999999999964e+00 2.998242967653026378e-02
6.219999999999999751e+00 2.998240316295291974e-02
6.230000000000000426e+00 2.998237664258368573e-02
6.240000000000000213e+00 2.998235011584856127e-02
6.250000000000000000e+00 2.998232358317763288e-02
6.259999999999999787e+00 2.998229704500203485e-02
6.270000000000000462e+00 2.998227050175634664e-02
6.280000000000000249e+00 2.998224395387403401e-02
6.290000000000000036e+00 2.998221740179425610e-02
6.299999999999999822e+00 2.998219084595433667e-02
6.310000000000000497e+00 2.998216428679729983e-02
6.320000000000000284e+00 2.998213772476456679e-02
6.330000000000000071e+00 2.998211116029888754e-02
6.339999999999999858e+00 2.998208459384983995e-02
6.350000000000000533e+00 2.998205802586194346e-02
6.360000000000000320e+00 2.998203145678619841e-02
6.370000000000000107e+00 2.998200488707280023e-02
6.379999999999999893e+00 2.998197831717470951e-02
6.390000000000000568e+00 2.998195174754431439e-02
6.400000000000000355e+00 2.998192517863958878e-02
6.410000000000000142e+00 2.998189861091485678e-02
6.419999999999999929e+00 2.998187204482775925e-02
6.429999999999999716e+00 2.998184548083955570e-02
6.440000000000000391e+00 2.998181891941236257e-02
6.450000000000000178e+00 2.998179236100360218e-02
6.459999999999999964e+00 2.998176580608019615e-02
6.469999999999999751e+00 2.998173925510427135e-02
6.480000000000000426e+00 2.998171270854322126e-02
6.490000000000000213e+00 2.998168616686152504e-02
6.500000000000000000e+00 2.998165963052816171e-02
6.509999999999999787e+00 2.998163310001114232e-02
6.520000000000000462e+00 2.998160657578073651e-02
6.530000000000000249e+00 2.998158005830680456e-02
6.540000000000000036e+00 2.998155354806007061e-02
6.549999999999999822e+00 2.998152704551554706e-02
6.560000000000000497e+00 2.998150055114225804e-02
6.570000000000000284e+00 2.998147406541738780e-02
6.580000000000000071e+00 2.998144758881306909e-02
6.589999999999999858e+00 2.998142112180636476e-02
6.600000000000000533e+00 2.998139466487184657e-02
6.610000000000000320e+00 2.998136821848582448e-02
6.620000000000000107e+00 2.998134178312578113e-02
6.629999999999999893e+00 2.998131535926926161e-02
6.640000000000000568e+00 2.998128894739386305e-02
6.650000000000000355e+00 2.998126254797959384e-02
6.660000000000000142e+00 2.998123616150309353e-02
6.669999999999999929e+00 2.998120978844309031e-02
6.679999999999999716e+00 2.998118342928008523e-02
6.690000000000000391e+00 2.998115708449446831e-02
6.700000000000000178e+00 2.998113075456692103e-02
6.709999999999999964e+00 2.998110443997354518e-02
6.719999999999999751e+00 2.998107814119638920e-02
6.730000000000000426e+00 2.998105185871774436e-02
6.740000000000000213e+00 2.998102559301593639e-02
6.750000000000000000e+00 2.998099934457060939e-02
6.759999999999999787e+00 2.998097311386557079e-02
6.770000000000000462e+00 2.998094690137771690e-02
6.780000000000000249e+00 2.998092070758697630e-02
6.790000000000000036e+00 2.998089453297332618e-02
6.799999999999999822e+00 2.998086837801877333e-02
6.810000000000000497e+00 2.998084224320123059e-02
6.820000000000000284e+00 2.998081612899862469e-02
6.830000000000000071e+00 2.998079003589134567e-02
6.839999999999999858e+00 2.998076396435816679e-02
6.850000000000000533e+00 2.998073791487486026e-02
6.860000000000000320e+00 2.998071188791754521e-02
6.870000000000000107e+00 2.998068588396946010e-02
6.879999999999999893e+00 2.998065990350261625e-02
6.890000000000000568e+00 2.998063394699305995e-02
6.900000000000000355e+00 2.998060801491741340e-02
6.910000000000000142e+00 2.998058210774666443e-02
6.919999999999999929e+00 2.998055622595714384e-02
6.929999999999999716e+00 2.998053037002227153e-02
6.940000000000000391e+00 2.998050454041256349e-02
6.950000000000000178e+00 2.998047873760121759e-02
6.959999999999999964e+00 2.998045296205575569e-02
6.969999999999999751e+00 2.998042721424804338e-02
6.980000000000000426e+00 2.998040149464387821e-02
6.990000000000000213e+00 2.998037580371351943e-02
7.000000000000000000e+00 2.998035014192065167e-02
7.009999999999999787e+00 2.998032450973193291e-02
7.020000000000000462e+00 2.998029890761248414e-02
7.030000000000000249e+00 2.998027333602139299e-02
7.040000000000000036e+00 2.998024779542297208e-02
7.049999999999999822e+00 2.998022228627782865e-02
7.060000000000000497e+00 2.998019680904218456e-02
7.070000000000000284e+00 2.998017136417517603e-02
7.080000000000000071e+00 2.998014595213283756e-02
7.089999999999999858e+00 2.998012057336970487e-02
7.100000000000000533e+00 2.998009522833770812e-02
7.110000000000000320e+00 2.998006991748906544e-02
7.120000000000000107e+00 2.998004464127542942e-02
7.129999999999999893e+00 2.998001940014098643e-02
7.140000000000000568e+00 2.997999419453502984e-02
7.150000000000000355e+00 2.997996902490352236e-02
7.160000000000000142e+00 2.997994389168587639e-02
7.169999999999999929e+00 2.997991879532660789e-02
7.179999999999999716e+00 2.997989373626322104e-02
7.190000000000000391e+00 2.997986871493565214e-02
7.200000000000000178e+00 2.997984373177520895e-02
7.209999999999999964e+00 2.997981878721869831e-02
7.219999999999999751e+00 2.997979388169660572e-02
7.230000000000000426e+00 2.997976901563877139e-02
7.240000000000000213e+00 2.997974418947198239e-02
7.250000000000000000e+00 2.997971940362113147e-02
7.259999999999999787e+00 2.997969465851226673e-02
7.270000000000000462e+00 2.997966995456320671e-02
7.280000000000000249e+00 2.997964529219314042e-02
7.290000000000000036e+00 2.997962067181708656e-02
7.299999999999999822e+00 2.997959609385061897e-02
7.310000000000000497e+00 2.997957155870342727e-02
7.320000000000000284e+00 2.997954706678658543e-02
7.330000000000000071e+00 2.997952261850573077e-02
7.339999999999999858e+00 2.997949821426333650e-02
7.350000000000000533e+00 2.997947385446478319e-02
7.360000000000000320e+00 2.997944953950423472e-02
7.370000000000000107e+00 2.997942526978308528e-02
7.379999999999999893e+00 2.997940104568898312e-02
7.390000000000000568e+00 2.997937686761787887e-02
7.400000000000000355e+00 2.997935273595524197e-02
7.410000000000000142e+00 2.997932865108614287e-02
7.419999999999999929e+00 2.997930461339336217e-02
7.429999999999999716e+00 2.997928062325730045e-02
7.440000000000000391e+00 2.997925668105412902e-02
7.450000000000000178e+00 2.997923278715651854e-02
7.459999999999999964e+00 2.997920894193901314e-02
7.469999999999999751e+00 2.997918514576294879e-02
7.480000000000000426e+00 2.997916139900066307e-02
7.490000000000000213e+00 2.997913770200730590e-02
7.500000000000000000e+00 2.997911405514142036e-02
7.509999999999999787e+00 2.997909045876358952e-02
7.520000000000000462e+00 2.997906691322165668e-02
7.530000000000000249e+00 2.997904341886577922e-02
7.540000000000000036e+00 2.997901997603880792e-02
7.549999999999999822e+00 2.997899658508532128e-02
7.560000000000000497e+00 2.997897324634655331e-02
7.570000000000000284e+00 2.997894996015280228e-02
7.580000000000000071e+00 2.997892672683852983e-02
7.589999999999999858e+00 2.997890354673326749e-02
7.600000000000000533e+00 2.997888042016111365e-02
7.610000000000000320e+00 2.997885734744313441e-02
7.620000000000000107e+00 2.997883432889789090e-02
7.629999999999999893e+00 2.997881136483680764e-02
7.640000000000000568e+00 2.997878845557598246e-02
7.650000000000000355e+00 2.997876560141723989e-02
7.660000000000000142e+00 2.997874280266814295e-02
7.669999999999999929e+00 2.997872005962506914e-02
7.679999999999999716e+00 2.997869737258506903e-02
7.690000000000000391e+00 2.997867474184146702e-02
7.700000000000000178e+00 2.997865216768085331e-02
7.709999999999999964e+00 2.997862965038691763e-02
7.719999999999999751e+00 2.997860719024136866e-02
7.730000000000000426e+00 2.997858478752203279e-02
7.740000000000000213e+00 2.997856244249944707e-02
7.750000000000000000e+00 2.997854015544241385e-02
7.759999999999999787e+00 2.997851792661360842e-02
7.770000000000000462e+00 2.997849575627671570e-02
7.780000000000000249e+00 2.997847364468983478e-02
7.790000000000000036e+00 2.997845159209848107e-02
7.799999999999999822e+00 2.997842959875790525e-02
7.810000000000000497e+00 2.997840766490821041e-02
7.820000000000000284e+00 2.997838579079003390e-02
7.830000000000000071e+00 2.997836397663729280e-02
7.839999999999999858e+00 2.997834222268629806e-02
7.850000000000000533e+00 2.997832052916216128e-02
7.860000000000000320e+00 2.997829889628240291e-02
7.870000000000000107e+00 2.997827732427307476e-02
7.879999999999999893e+00 2.997825581334512268e-02
7.890000000000000568e+00 2.997823436370670655e-02
7.900000000000000355e+00 2.997821297556473377e-02
7.910000000000000142e+00 2.997819164912120943e-02
7.919999999999999929e+00 2.997817038457092909e-02
7.930000000000000604e+00 2.997814918210594051e-02
7.940000000000000391e+00 2.997812804191503019e-02
7.950000000000000178e+00 2.997810696418225923e-02
7.959999999999999964e+00 2.997808594908240101e-02
7.969999999999999751e+00 2.997806499679172426e-02
7.980000000000000426e+00 2.997804410747757081e-02
7.990000000000000213e+00 2.997802328130917682e-02
8.000000000000000000e+00 2.997800251844288943e-02
8.009999999999999787e+00 2.997798181903437581e-02
8.019999999999999574e+00 2.997796118323413361e-02
8.029999999999999361e+00 2.997794061118960740e-02
8.040000000000000924e+00 2.997792010304236796e-02
8.050000000000000711e+00 2.997789965892827535e-02
8.060000000000000497e+00 2.997787927897791610e-02
8.070000000000000284e+00 2.997785896331928851e-02
8.080000000000000071e+00 2.997783871207593265e-02
8.089999999999999858e+00 2.997781852536286762e-02
8.099999999999999645e+00 2.997779840329636847e-02
8.109999999999999432e+00 2.997777834598216312e-02
8.120000000000000995e+00 2.997775835351985940e-02
8.130000000000000782e+00 2.997773842601308622e-02
8.140000000000000568e+00 2.997771856355545272e-02
8.150000000000000355e+00 2.997769876622911195e-02
8.160000000000000142e+00 2.997767903412216703e-02
8.169999999999999929e+00 2.997765936731278461e-02
8.179999999999999716e+00 2.997763976587246304e-02
8.189999999999999503e+00 2.997762022987173619e-02
8.199999999999999289e+00 2.997760075937478536e-02
8.210000000000000853e+00 2.997758135443799252e-02
8.220000000000000639e+00 2.997756201511583146e-02
8.230000000000000426e+00 2.997754274145781467e-02
8.240000000000000213e+00 2.997752353350725818e-02
8.250000000000000000e+00 2.997750439130249245e-02
8.259999999999999787e+00 2.997748531487804194e-02
8.269999999999999574e+00 2.997746630426036812e-02
8.279999999999999361e+00 2.997744735947625513e-02
8.290000000000000924e+00 2.997742848054030934e-02
8.300000000000000711e+00 2.997740966747017288e-02
8.310000000000000497e+00 2.997739092026900642e-02
8.320000000000000284e+00 2.997737223894404376e-02
8.330000000000000071e+00 2.997735362349267935e-02
8.339999999999999858e+00 2.997733507390731161e-02
8.349999999999999645e+00 2.997731659017501341e-02
8.359999999999999432e+00 2.997729817228214286e-02
8.370000000000000995e+00 2.997727982020430282e-02
8.380000000000000782e+00 2.997726153390996295e-02
8.390000000000000568e+00 2.997724331337432019e-02
8.400000000000000355e+00 2.997722515855447134e-02
8.410000000000000142e+00 2.997720706940797120e-02
8.419999999999999929e+00 2.997718904589006736e-02
8.429999999999999716e+00 2.997717108794849261e-02
8.439999999999999503e+00 2.997715319551946117e-02
8.449999999999999289e+00 2.997713536854341998e-02
8.460000000000000853e+00 2.997711760695267319e-02
8.470000000000000639e+00 2.997709991067392180e-02
8.480000000000000426e+00 2.997708227962642830e-02
8.490000000000000213e+00 2.997706471372940315e-02
8.500000000000000000e+00 2.997704721288793270e-02
8.509999999999999787e+00 2.997702977701618976e-02
8.519999999999999574e+00 2.997701240601007358e-02
8.529999999999999361e+00 2.997699509976717996e-02
8.540000000000000924e+00 2.997697785817694804e-02
8.550000000000000711e+00 2.997696068112788714e-02
8.560000000000000497e+00 2.997694356849691169e-02
8.570000000000000284e+00 2.997692652016250431e-02
8.580000000000000071e+00 2.997690953599387031e-02
8.589999999999999858e+00 2.997689261585475412e-02
8.599999999999999645e+00 2.997687575960526415e-02
8.609999999999999432e+00 2.997685896710727826e-02
8.620000000000000995e+00 2.997684223820202068e-02
8.630000000000000782e+00 2.997682557273852536e-02
8.640000000000000568e+00 2.997680897055736426e-02
8.650000000000000355e+00 2.997679243149355827e-02
8.660000000000000142e+00 2.997677595537609485e-02
8.669999999999999929e+00 2.997675954202947551e-02
8.679999999999999716e+00 2.997674319127485720e-02
8.689999999999999503e+00 2.997672690292620817e-02
8.700000000000001066e+00 2.997671067679322232e-02
8.710000000000000853e+00 2.997669451268418495e-02
8.720000000000000639e+00 2.997667841039854120e-02
8.730000000000000426e+00 2.997666236972806181e-02
8.740000000000000213e+00 2.997664639046183563e-02
8.750000000000000000e+00 2.997663047239119277e-02
8.759999999999999787e+00 2.997661461529391516e-02
8.769999999999999574e+00 2.997659881894651490e-02
8.779999999999999361e+00 2.997658308311710457e-02
8.790000000000000924e+00 2.997656740757118077e-02
8.800000000000000711e+00 2.997655179207393827e-02
8.810000000000000497e+00 2.997653623638041678e-02
8.820000000000000284e+00 2.997652074023958793e-02
8.830000000000000071e+00 2.997650530340181113e-02
8.839999999999999858e+00 2.997648992560525763e-02
8.849999999999999645e+00 2.997647460658810908e-02
8.859999999999999432e+00 2.997645934608345747e-02
8.870000000000000995e+00 2.997644414382119593e-02
8.880000000000000782e+00 2.997642899952028192e-02
8.890000000000000568e+00 2.997641391290586238e-02
8.900000000000000355e+00 2.997639888368445332e-02
8.910000000000000142e+00 2.997638391156660920e-02
8.919999999999999929e+00 2.997636899626029278e-02
8.929999999999999716e+00 2.997635413746453301e-02
8.939999999999999503e+00 2.997633933487397345e-02
8.950000000000001066e+00 2.997632458818356299e-02
8.960000000000000853e+00 2.997630989707199961e-02
8.970000000000000639e+00 2.997629526123028049e-02
8.980000000000000426e+00 2.997628068032858265e-02
8.990000000000000213e+00 2.997626615404064623e-02
9.000000000000000000e+00 2.997625168204258450e-02
9.009999999999999787e+00 2.997623726399212610e-02
9.019999999999999574e+00 2.997622289955290467e-02
9.029999999999999361e+00 2.997620858837949168e-02
9.040000000000000924e+00 2.997619433012232992e-02
9.050000000000000711e+00 2.997618012442969382e-02
9.060000000000000497e+00 2.997616597094567709e-02
9.070000000000000284e+00 2.997615186930951622e-02
9.080000000000000071e+00 2.997613781915385578e-02
9.089999999999999858e+00 2.997612382011097601e-02
9.099999999999999645e+00 2.997610987180864689e-02
9.109999999999999432e+00 2.997609597386403577e-02
9.120000000000000995e+00 2.997608212590229318e-02
9.130000000000000782e+00 2.997606832753611436e-02
9.140000000000000568e+00 2.997605457836969092e-02
9.150000000000000355e+00 2.997604087801980510e-02
9.160000000000000142e+00 2.997602722608185000e-02
9.169999999999999929e+00 2.997601362215625287e-02
9.179999999999999716e+00 2.997600006583927071e-02
9.189999999999999503e+00 2.997598655671833076e-02
9.200000000000001066e+00 2.997597309438413890e-02
9.210000000000000853e+00 2.997595967841876555e-02
9.220000000000000639e+00 2.997594630840529420e-02
9.230000000000000426e+00 2.997593298391616756e-02
9.240000000000000213e+00 2.997591970452532714e-02
9.250000000000000000e+00 2.997590646979940432e-02
9.259999999999999787e+00 2.997589327930577988e-02
9.269999999999999574e+00 2.997588013260744227e-02
9.279999999999999361e+00 2.997586702926396257e-02
9.290000000000000924e+00 2.997585396882992276e-02
9.300000000000000711e+00 2.997584095085170652e-02
9.310000000000000497e+00 2.997582797487890680e-02
9.320000000000000284e+00 2.997581504046244877e-02
9.330000000000000071e+00 2.997580214713641694e-02
9.339999999999999858e+00 2.997578929444673010e-02
9.349999999999999645e+00 2.997577648192579700e-02
9.359999999999999432e+00 2.997576370909530927e-02
9.370000000000000995e+00 2.997575097549928097e-02
9.380000000000000782e+00 2.997573828065491081e-02
9.390000000000000568e+00 2.997572562408815089e-02
9.400000000000000355e+00 2.997571300531582869e-02
9.410000000000000142e+00 2.997570042385507699e-02
9.419999999999999929e+00 2.997568787922327838e-02
9.429999999999999716e+00 2.997567537092574175e-02
9.439999999999999503e+00 2.997566289847562737e-02
9.450000000000001066e+00 2.997565046137469838e-02
9.460000000000000853e+00 2.997563805912547771e-02
9.470000000000000639e+00 2.997562569122554088e-02
9.480000000000000426e+00 2.997561335718247622e-02
9.490000000000000213e+00 2.997560105647499237e-02
9.500000000000000000e+00 2.997558878860999074e-02
9.509999999999999787e+00 2.997557655306603425e-02
9.519999999999999574e+00 2.997556434933316971e-02
9.529999999999999361e+00 2.997555217689948023e-02
9.540000000000000924e+00 2.997554003523825866e-02
9.550000000000000711e+00 2.997552792384004100e-02
9.560000000000000497e+00 2.997551584216772563e-02
9.570000000000000284e+00 2.997550378971311838e-02
9.580000000000000071e+00 2.997549176593800740e-02
9.589999999999999858e+00 2.997547977031692415e-02
9.599999999999999645e+00 2.997546780231323538e-02
9.609999999999999432e+00 2.997545586139694490e-02
9.620000000000000995e+00 2.997544394703547180e-02
9.630000000000000782e+00 2.997543205868765173e-02
9.640000000000000568e+00 2.997542019581333345e-02
9.650000000000000355e+00 2.997540835787062402e-02
9.660000000000000142e+00 2.997539654431539968e-02
9.669999999999999929e+00 2.997538475460309951e-02
9.679999999999999716e+00 2.997537298819197282e-02
9.689999999999999503e+00 2.997536124452295989e-02
9.700000000000001066e+00 2.997534952305962175e-02
9.710000000000000853e+00 2.997533782323801022e-02
9.720000000000000639e+00 2.997532614450501565e-02
9.730000000000000426e+00 2.997531448631212542e-02
9.740000000000000213e+00 2.997530284809988427e-02
9.750000000000000000e+00 2.997529122930738671e-02
9.759999999999999787e+00 2.997527962937820284e-02
9.769999999999999574e+00 2.997526804774952591e-02
9.779999999999999361e+00 2.997525648385978084e-02
9.790000000000000924e+00 2.997524493715075095e-02
9.800000000000000711e+00 2.997523340705023423e-02
9.810000000000000497e+00 2.997522189299770337e-02
9.820000000000000284e+00 2.997521039441819121e-02
9.830000000000000071e+00 2.997519891075777973e-02
9.839999999999999858e+00 2.997518744144238648e-02
9.849999999999999645e+00 2.997517598589167012e-02
9.859999999999999432e+00 2.997516454355020690e-02
9.870000000000000995e+00 2.997515311383846040e-02
9.880000000000000782e+00 2.997514169618461025e-02
9.890000000000000568e+00 2.997513029001937224e-02
9.900000000000000355e+00 2.997511889476531938e-02
9.910000000000000142e+00 2.997510750984500039e-02
9.919999999999999929e+00 2.997509613469608036e-02
9.929999999999999716e+00 2.997508476872902741e-02
9.939999999999999503e+00 2.997507341137656614e-02
9.950000000000001066e+00 2.997506206205634641e-02
9.960000000000000853e+00 2.997505072019860523e-02
9.970000000000000639e+00 2.997503938521773464e-02
