time H
0.000000000000000000e+00 3.000062161210688416e-02
1.000000000000000021e-02 3.000062161210751560e-02
2.000000000000000042e-02 3.000062161107926173e-02
2.999999999999999889e-02 3.000062160903537931e-02
4.000000000000000083e-02 3.000062160597959104e-02
5.000000000000000278e-02 3.000062160192674618e-02
5.999999999999999778e-02 3.000062159678840157e-02
7.000000000000000666e-02 3.000062159074307760e-02
8.000000000000000167e-02 3.000062158373134960e-02
8.999999999999999667e-02 3.000062157559679754e-02
1.000000000000000056e-01 3.000062156647429965e-02
1.100000000000000006e-01 3.000062155633359193e-02
1.199999999999999956e-01 3.000062154510740875e-02
1.300000000000000044e-01 3.000062153276290833e-02
1.400000000000000133e-01 3.000062151943656136e-02
1.499999999999999944e-01 3.000062150531909722e-02
1.600000000000000033e-01 3.000062148985891894e-02
1.700000000000000122e-01 3.000062147345900973e-02
1.799999999999999933e-01 3.000062145583764703e-02
1.900000000000000022e-01 3.000062143730231751e-02
2.000000000000000111e-01 3.000062141782324984e-02
2.099999999999999922e-01 3.000062139723225565e-02
2.200000000000000011e-01 3.000062137552208033e-02
2.300000000000000100e-01 3.000062135289564141e-02
2.399999999999999911e-01 3.000062132927542452e-02
2.500000000000000000e-01 3.000062130452419568e-02
2.600000000000000089e-01 3.000062127900131326e-02
2.700000000000000178e-01 3.000062125261083665e-02
2.800000000000000266e-01 3.000062122435324247e-02
2.899999999999999800e-01 3.000062119525273574e-02
2.999999999999999889e-01 3.000062116521494404e-02
3.099999999999999978e-01 3.000062113423910409e-02
3.200000000000000067e-01 3.000062110221566117e-02
3.300000000000000155e-01 3.000062106849893037e-02
3.400000000000000244e-01 3.000062103432619975e-02
3.500000000000000333e-01 3.000062099937887694e-02
3.599999999999999867e-01 3.000062096271222806e-02
3.699999999999999956e-01 3.000062092523007873e-02
3.800000000000000044e-01 3.000062088689614895e-02
3.900000000000000133e-01 3.000062084744595584e-02
4.000000000000000222e-01 3.000062080688863791e-02
4.100000000000000311e-01 3.000062076510637277e-02
4.199999999999999845e-01 3.000062072228300292e-02
4.299999999999999933e-01 3.000062067866191354e-02
4.400000000000000022e-01 3.000062063370138865e-02
4.500000000000000111e-01 3.000062058772106494e-02
4.600000000000000200e-01 3.000062054046054305e-02
4.700000000000000289e-01 3.000062049225438870e-02
4.799999999999999822e-01 3.000062044213868545e-02
4.899999999999999911e-01 3.000062039201301795e-02
5.000000000000000000e-01 3.000062034039821177e-02
5.100000000000000089e-01 3.000062028686451693e-02
5.200000000000000178e-01 3.000062023296039618e-02
5.300000000000000266e-01 3.000062017761103914e-02
5.400000000000000355e-01 3.000062012154028346e-02
5.500000000000000444e-01 3.000062006427559741e-02
5.600000000000000533e-01 3.000062000558621766e-02
5.700000000000000622e-01 3.000061994603031926e-02
5.799999999999999600e-01 3.000061988501075486e-02
5.899999999999999689e-01 3.000061982339469885e-02
5.999999999999999778e-01 3.000061975967990152e-02
6.099999999999999867e-01 3.000061969566123615e-02
6.199999999999999956e-01 3.000061962971002638e-02
6.300000000000000044e-01 3.000061956327555387e-02
6.400000000000000133e-01 3.000061949639025796e-02
6.500000000000000222e-01 3.000061942840033177e-02
6.600000000000000311e-01 3.000061935951284231e-02
6.700000000000000400e-01 3.000061928716134946e-02
6.800000000000000488e-01 3.000061921493536732e-02
6.900000000000000577e-01 3.000061914064647978e-02
7.000000000000000666e-01 3.000061906506130971e-02
7.099999999999999645e-01 3.000061898786533093e-02
7.199999999999999734e-01 3.000061890991321742e-02
7.299999999999999822e-01 3.000061883120702655e-02
7.399999999999999911e-01 3.000061875262850439e-02
7.500000000000000000e-01 3.000061867038023716e-02
7.600000000000000089e-01 3.000061858707919402e-02
7.700000000000000178e-01 3.000061850315568351e-02
7.800000000000000266e-01 3.000061841955502240e-02
7.900000000000000355e-01 3.000061833331439665e-02
8.000000000000000444e-01 3.000061824696580171e-02
8.100000000000000533e-01 3.000061815995854614e-02
8.200000000000000622e-01 3.000061806916433024e-02
8.300000000000000711e-01 3.000061797839364414e-02
8.399999999999999689e-01 3.000061788621308234e-02
8.499999999999999778e-01 3.000061779116848515e-02
8.599999999999999867e-01 3.000061769622773891e-02
8.699999999999999956e-01 3.000061759988587734e-02
8.800000000000000044e-01 3.000061750124097606e-02
8.900000000000000133e-01 3.000061740145498063e-02
9.000000000000000222e-01 3.000061730217580547e-02
9.100000000000000311e-01 3.000061719925124076e-02
9.200000000000000400e-01 3.000061709394836323e-02
9.300000000000000488e-01 3.000061698920657161e-02
9.400000000000000577e-01 3.000061688402334142e-02
9.500000000000000666e-01 3.000061677668196952e-02
9.599999999999999645e-01 3.000061666806241867e-02
9.699999999999999734e-01 3.000061655742392377e-02
9.799999999999999822e-01 3.000061644631855234e-02
9.899999999999999911e-01 3.000061633353544657e-02
1.000000000000000000e+00 3.000061622228174588e-02
1.010000000000000009e+00 3.000061610698840156e-02
1.020000000000000018e+00 3.000061598958140077e-02
1.030000000000000027e+00 3.000061587177458439e-02
1.040000000000000036e+00 3.000061575120786458e-02
1.050000000000000044e+00 3.000061563180758673e-02
1.060000000000000053e+00 3.000061550855356862e-02
1.070000000000000062e+00 3.000061538389020566e-02
1.080000000000000071e+00 3.000061526091170327e-02
1.090000000000000080e+00 3.000061513486135950e-02
1.100000000000000089e+00 3.000061500561328198e-02
1.110000000000000098e+00 3.000061487563246074e-02
1.120000000000000107e+00 3.000061474482976567e-02
1.130000000000000115e+00 3.000061461474785515e-02
1.140000000000000124e+00 3.000061448015437643e-02
1.150000000000000133e+00 3.000061434414091899e-02
1.159999999999999920e+00 3.000061420787543398e-02
1.169999999999999929e+00 3.000061407060214402e-02
1.179999999999999938e+00 3.000061393151326819e-02
1.189999999999999947e+00 3.000061379224175026e-02
1.199999999999999956e+00 3.000061364692702126e-02
1.209999999999999964e+00 3.000061350373510460e-02
1.219999999999999973e+00 3.000061335693592762e-02
1.229999999999999982e+00 3.000061320964329120e-02
1.239999999999999991e+00 3.000061306307866965e-02
1.250000000000000000e+00 3.000061291385978240e-02
1.260000000000000009e+00 3.000061276161560680e-02
1.270000000000000018e+00 3.000061260949422881e-02
1.280000000000000027e+00 3.000061245428481752e-02
1.290000000000000036e+00 3.000061229921851050e-02
1.300000000000000044e+00 3.000061214239595209e-02
1.310000000000000053e+00 3.000061198345656266e-02
1.320000000000000062e+00 3.000061182044913913e-02
1.330000000000000071e+00 3.000061165892428661e-02
1.340000000000000080e+00 3.000061149635829816e-02
1.350000000000000089e+00 3.000061133175144223e-02
1.360000000000000098e+00 3.000061116277009596e-02
1.370000000000000107e+00 3.000061099710772672e-02
1.380000000000000115e+00 3.000061082520306260e-02
1.390000000000000124e+00 3.000061065539932903e-02
1.400000000000000133e+00 3.000061048442117725e-02
1.409999999999999920e+00 3.000061031002420470e-02
1.419999999999999929e+00 3.000061013436662594e-02
1.429999999999999938e+00 3.000060995717574244e-02
1.439999999999999947e+00 3.000060977800786399e-02
1.449999999999999956e+00 3.000060959489991158e-02
1.459999999999999964e+00 3.000060941178950280e-02
1.469999999999999973e+00 3.000060922787267659e-02
1.479999999999999982e+00 3.000060904222134200e-02
1.489999999999999991e+00 3.000060885490703211e-02
1.500000000000000000e+00 3.000060866676711180e-02
1.510000000000000009e+00 3.000060847464256636e-02
1.520000000000000018e+00 3.000060828515770106e-02
1.530000000000000027e+00 3.000060808898021708e-02
1.540000000000000036e+00 3.000060789170677297e-02
1.550000000000000044e+00 3.000060769261674032e-02
1.560000000000000053e+00 3.000060749475363941e-02
1.570000000000000062e+00 3.000060729426447595e-02
1.580000000000000071e+00 3.000060709255423369e-02
1.590000000000000080e+00 3.000060688726910452e-02
1.600000000000000089e+00 3.000060668108775475e-02
1.610000000000000098e+00 3.000060647593876667e-02
1.620000000000000107e+00 3.000060626684650927e-02
1.630000000000000115e+00 3.000060605653244797e-02
1.640000000000000124e+00 3.000060584276965925e-02
1.650000000000000133e+00 3.000060562832205374e-02
1.660000000000000142e+00 3.000060540988609345e-02
1.669999999999999929e+00 3.000060519470443277e-02
1.679999999999999938e+00 3.000060497411422000e-02
1.689999999999999947e+00 3.000060474968662544e-02
1.699999999999999956e+00 3.000060452798620353e-02
1.709999999999999964e+00 3.000060430363062774e-02
1.719999999999999973e+00 3.000060407512663424e-02
1.729999999999999982e+00 3.000060384910543596e-02
1.739999999999999991e+00 3.000060361585787233e-02
1.750000000000000000e+00 3.000060338569433133e-02
1.760000000000000009e+00 3.000060314952352619e-02
1.770000000000000018e+00 3.000060291207277963e-02
1.780000000000000027e+00 3.000060267414401960e-02
1.790000000000000036e+00 3.000060243681814190e-02
1.800000000000000044e+00 3.000060219570976905e-02
1.810000000000000053e+00 3.000060195017272696e-02
1.820000000000000062e+00 3.000060170284105099e-02
1.830000000000000071e+00 3.000060145257844174e-02
1.840000000000000080e+00 3.000060120435758121e-02
1.850000000000000089e+00 3.000060095331861382e-02
1.860000000000000098e+00 3.000060069982660171e-02
1.870000000000000107e+00 3.000060044232585876e-02
1.880000000000000115e+00 3.000060018489692643e-02
1.890000000000000124e+00 3.000059992295741468e-02
1.900000000000000133e+00 3.000059966069913708e-02
1.910000000000000142e+00 3.000059939806950376e-02
1.919999999999999929e+00 3.000059913310940823e-02
1.929999999999999938e+00 3.000059886779007923e-02
1.939999999999999947e+00 3.000059859619834055e-02
1.949999999999999956e+00 3.000059832385766623e-02
1.959999999999999964e+00 3.000059804929651464e-02
1.969999999999999973e+00 3.000059777522150195e-02
1.979999999999999982e+00 3.000059749311239504e-02
1.989999999999999991e+00 3.000059721348107000e-02
2.000000000000000000e+00 3.000059693073458753e-02
2.010000000000000231e+00 3.000059664255361191e-02
2.020000000000000018e+00 3.000059635402386321e-02
2.030000000000000249e+00 3.000059606126338416e-02
2.040000000000000036e+00 3.000059576780409604e-02
2.049999999999999822e+00 3.000059547123887227e-02
2.060000000000000053e+00 3.000059517375739879e-02
2.069999999999999840e+00 3.000059487275476278e-02
2.080000000000000071e+00 3.000059457151548967e-02
2.089999999999999858e+00 3.000059426730310869e-02
2.100000000000000089e+00 3.000059395962438591e-02
2.109999999999999876e+00 3.000059364986124022e-02
2.120000000000000107e+00 3.000059333963045471e-02
2.129999999999999893e+00 3.000059302574506828e-02
2.140000000000000124e+00 3.000059271059967586e-02
2.149999999999999911e+00 3.000059239291582788e-02
2.160000000000000142e+00 3.000059207463701486e-02
2.169999999999999929e+00 3.000059174973423309e-02
2.180000000000000160e+00 3.000059142344329438e-02
2.189999999999999947e+00 3.000059109619656120e-02
2.200000000000000178e+00 3.000059076798241436e-02
2.209999999999999964e+00 3.000059043216699722e-02
2.220000000000000195e+00 3.000059009454826564e-02
2.229999999999999982e+00 3.000058975298745129e-02
2.240000000000000213e+00 3.000058941255002304e-02
2.250000000000000000e+00 3.000058906893926167e-02
2.260000000000000231e+00 3.000058872266678570e-02
2.270000000000000018e+00 3.000058837545661189e-02
2.280000000000000249e+00 3.000058802377380401e-02
2.290000000000000036e+00 3.000058766820110079e-02
2.300000000000000266e+00 3.000058731025700282e-02
2.310000000000000053e+00 3.000058695064843420e-02
2.319999999999999840e+00 3.000058658725755778e-02
2.330000000000000071e+00 3.000058621931651209e-02
2.339999999999999858e+00 3.000058584869193939e-02
2.350000000000000089e+00 3.000058547861299968e-02
2.359999999999999876e+00 3.000058510166486725e-02
2.370000000000000107e+00 3.000058472474355364e-02
2.379999999999999893e+00 3.000058434266899415e-02
2.390000000000000124e+00 3.000058396214025716e-02
2.399999999999999911e+00 3.000058357809962800e-02
2.410000000000000142e+00 3.000058318901903387e-02
2.419999999999999929e+00 3.000058279959096422e-02
2.430000000000000160e+00 3.000058240551867900e-02
2.439999999999999947e+00 3.000058200804074648e-02
2.450000000000000178e+00 3.000058160599219231e-02
2.459999999999999964e+00 3.000058120244637749e-02
2.470000000000000195e+00 3.000058079159118735e-02
2.479999999999999982e+00 3.000058038086365203e-02
2.490000000000000213e+00 3.000057996663854643e-02
2.500000000000000000e+00 3.000057955053057890e-02
2.510000000000000231e+00 3.000057912995939685e-02
2.520000000000000018e+00 3.000057870409460897e-02
2.530000000000000249e+00 3.000057827664701082e-02
2.540000000000000036e+00 3.000057784519022386e-02
2.550000000000000266e+00 3.000057741103884235e-02
2.560000000000000053e+00 3.000057697091048844e-02
2.569999999999999840e+00 3.000057653111673495e-02
2.580000000000000071e+00 3.000057608539603848e-02
2.589999999999999858e+00 3.000057563756523132e-02
2.600000000000000089e+00 3.000057518133984746e-02
2.609999999999999876e+00 3.000057472611789705e-02
2.620000000000000107e+00 3.000057426573884273e-02
2.629999999999999893e+00 3.000057379966963866e-02
2.640000000000000124e+00 3.000057333188897030e-02
2.649999999999999911e+00 3.000057286087848968e-02
2.660000000000000142e+00 3.000057238381872299e-02
2.669999999999999929e+00 3.000057190704247950e-02
2.680000000000000160e+00 3.000057142385354966e-02
2.689999999999999947e+00 3.000057093822331919e-02
2.700000000000000178e+00 3.000057045123161181e-02
2.709999999999999964e+00 3.000056995773149951e-02
2.720000000000000195e+00 3.000056946006076503e-02
2.729999999999999982e+00 3.000056896159209591e-02
2.740000000000000213e+00 3.000056845999127947e-02
2.750000000000000000e+00 3.000056795186557823e-02
2.760000000000000231e+00 3.000056743889324695e-02
2.770000000000000018e+00 3.000056692158703520e-02
2.780000000000000249e+00 3.000056639642440653e-02
2.790000000000000036e+00 3.000056586930971436e-02
2.800000000000000266e+00 3.000056534035134420e-02
2.810000000000000053e+00 3.000056480886803198e-02
2.819999999999999840e+00 3.000056426820020550e-02
2.830000000000000071e+00 3.000056373246102678e-02
2.839999999999999858e+00 3.000056318250688206e-02
2.850000000000000089e+00 3.000056263347007299e-02
2.859999999999999876e+00 3.000056207668907668e-02
2.870000000000000107e+00 3.000056151916204866e-02
2.879999999999999893e+00 3.000056095359594777e-02
2.890000000000000124e+00 3.000056038681336509e-02
2.899999999999999911e+00 3.000055981411982320e-02
2.910000000000000142e+00 3.000055923684654888e-02
2.919999999999999929e+00 3.000055865821305706e-02
2.930000000000000160e+00 3.000055807411854819e-02
2.939999999999999947e+00 3.000055748500770128e-02
2.950000000000000178e+00 3.000055689334127362e-02
2.959999999999999964e+00 3.000055629545415534e-02
2.970000000000000195e+00 3.000055569671251574e-02
2.979999999999999982e+00 3.000055508915297486e-02
2.990000000000000213e+00 3.000055447268075784e-02
3.000000000000000000e+00 3.000055385805142777e-02
3.010000000000000231e+00 3.000055323488805270e-02
3.020000000000000018e+00 3.000055260624917911e-02
3.030000000000000249e+00 3.000055197538473509e-02
3.040000000000000036e+00 3.000055134121824146e-02
3.050000000000000266e+00 3.000055069654920803e-02
3.060000000000000053e+00 3.000055004889288016e-02
3.070000000000000284e+00 3.000054939493049244e-02
3.080000000000000071e+00 3.000054874222571333e-02
3.089999999999999858e+00 3.000054808480649357e-02
3.100000000000000089e+00 3.000054741923671026e-02
3.109999999999999876e+00 3.000054674915036967e-02
3.120000000000000107e+00 3.000054606957674314e-02
3.129999999999999893e+00 3.000054539127788855e-02
3.140000000000000124e+00 3.000054470458158457e-02
3.149999999999999911e+00 3.000054401022230616e-02
3.160000000000000142e+00 3.000054331543376349e-02
3.169999999999999929e+00 3.000054261472240302e-02
3.180000000000000160e+00 3.000054190917685049e-02
3.189999999999999947e+00 3.000054119513523992e-02
3.200000000000000178e+00 3.000054047744241809e-02
3.209999999999999964e+00 3.000053975134658879e-02
3.220000000000000195e+00 3.000053902094308722e-02
3.229999999999999982e+00 3.000053828664281386e-02
3.240000000000000213e+00 3.000053754229684705e-02
3.250000000000000000e+00 3.000053679503155574e-02
3.260000000000000231e+00 3.000053604538106822e-02
3.270000000000000018e+00 3.000053528663620614e-02
3.280000000000000249e+00 3.000053452458724401e-02
3.290000000000000036e+00 3.000053375492480606e-02
3.300000000000000266e+00 3.000053297917828349e-02
3.310000000000000053e+00 3.000053219679133659e-02
3.320000000000000284e+00 3.000053140979752619e-02
3.330000000000000071e+00 3.000053062000818810e-02
3.339999999999999858e+00 3.000052982131259580e-02
3.350000000000000089e+00 3.000052902089449247e-02
3.359999999999999876e+00 3.000052821046660795e-02
3.370000000000000107e+00 3.000052739743446634e-02
3.379999999999999893e+00 3.000052657580345658e-02
3.390000000000000124e+00 3.000052574586399221e-02
3.399999999999999911e+00 3.000052491489896625e-02
3.410000000000000142e+00 3.000052407689282608e-02
3.419999999999999929e+00 3.000052323050116099e-02
3.430000000000000160e+00 3.000052238225606183e-02
3.439999999999999947e+00 3.000052152696123728e-02
3.450000000000000178e+00 3.000052066277163199e-02
3.459999999999999964e+00 3.000051979245313069e-02
3.470000000000000195e+00 3.000051892210266538e-02
3.479999999999999982e+00 3.000051803909888418e-02
3.490000000000000213e+00 3.000051715086713561e-02
3.500000000000000000e+00 3.000051625693703206e-02
3.510000000000000231e+00 3.000051536148152717e-02
3.520000000000000018e+00 3.000051446035847252e-02
3.530000000000000249e+00 3.000051354903256196e-02
3.540000000000000036e+00 3.000051262731671942e-02
3.550000000000000266e+00 3.000051170614816479e-02
3.560000000000000053e+00 3.000051077277822789e-02
3.570000000000000284e+00 3.000050983608351998e-02
3.580000000000000071e+00 3.000050888882541122e-02
3.589999999999999858e+00 3.000050794378588542e-02
3.600000000000000089e+00 3.000050698884856523e-02
3.609999999999999876e+00 3.000050602903709535e-02
3.620000000000000107e+00 3.000050506021529825e-02
3.629999999999999893e+00 3.000050408802793639e-02
3.640000000000000124e+00 3.000050310806898560e-02
3.649999999999999911e+00 3.000050212002346867e-02
3.660000000000000142e+00 3.000050112748445935e-02
3.669999999999999929e+00 3.000050012740827776e-02
3.680000000000000160e+00 3.000049912315009421e-02
3.689999999999999947e+00 3.000049811247636894e-02
3.700000000000000178e+00 3.000049709283312410e-02
3.709999999999999964e+00 3.000049607183535513e-02
3.720000000000000195e+00 3.000049504249700447e-02
3.729999999999999982e+00 3.000049400849207765e-02
3.740000000000000213e+00 3.000049295944707747e-02
3.750000000000000000e+00 3.000049190821945516e-02
3.760000000000000231e+00 3.000049085001957327e-02
3.770000000000000018e+00 3.000048978744224853e-02
3.780000000000000249e+00 3.000048871940559289e-02
3.790000000000000036e+00 3.000048764279054578e-02
3.800000000000000266e+00 3.000048655921382090e-02
3.810000000000000053e+00 3.000048546505355851e-02
3.820000000000000284e+00 3.000048437094844644e-02
3.830000000000000071e+00 3.000048327052119712e-02
3.839999999999999858e+00 3.000048215746850197e-02
3.850000000000000089e+00 3.000048103567510074e-02
3.859999999999999876e+00 3.000047990905517492e-02
3.870000000000000107e+00 3.000047877721689210e-02
3.879999999999999893e+00 3.000047763972802164e-02
3.890000000000000124e+00 3.000047649564793750e-02
3.899999999999999911e+00 3.000047534028092017e-02
3.910000000000000142e+00 3.000047418686806883e-02
3.919999999999999929e+00 3.000047301902962482e-02
3.930000000000000160e+00 3.000047184937928296e-02
3.939999999999999947e+00 3.000047067137295159e-02
3.950000000000000178e+00 3.000046948480306758e-02
3.959999999999999964e+00 3.000046829284752636e-02
3.970000000000000195e+00 3.000046709135262973e-02
3.979999999999999982e+00 3.000046589217217341e-02
3.990000000000000213e+00 3.000046467908843578e-02
4.000000000000000000e+00 3.000046346278806286e-02
4.009999999999999787e+00 3.000046224067653283e-02
4.020000000000000462e+00 3.000046101555833844e-02
4.030000000000000249e+00 3.000045977284278992e-02
4.040000000000000036e+00 3.000045852992013623e-02
4.049999999999999822e+00 3.000045727751940450e-02
4.060000000000000497e+00 3.000045601848121829e-02
4.070000000000000284e+00 3.000045475416087543e-02
4.080000000000000071e+00 3.000045348432535744e-02
4.089999999999999858e+00 3.000045220457004530e-02
4.099999999999999645e+00 3.000045092097986671e-02
4.110000000000000320e+00 3.000044963215875438e-02
4.120000000000000107e+00 3.000044833405664246e-02
4.129999999999999893e+00 3.000044702863663426e-02
4.139999999999999680e+00 3.000044572135122586e-02
4.150000000000000355e+00 3.000044440499036180e-02
4.160000000000000142e+00 3.000044308115105279e-02
4.169999999999999929e+00 3.000044175048469444e-02
4.179999999999999716e+00 3.000044041127174210e-02
4.190000000000000391e+00 3.000043906651728848e-02
4.200000000000000178e+00 3.000043771723848174e-02
4.209999999999999964e+00 3.000043636189919302e-02
4.219999999999999751e+00 3.000043500365441942e-02
4.230000000000000426e+00 3.000043363529392854e-02
4.240000000000000213e+00 3.000043225777692529e-02
4.250000000000000000e+00 3.000043087263075739e-02
4.259999999999999787e+00 3.000042948574549451e-02
4.270000000000000462e+00 3.000042808672633357e-02
4.280000000000000249e+00 3.000042667916436728e-02
4.290000000000000036e+00 3.000042527227129302e-02
4.299999999999999822e+00 3.000042385748161178e-02
4.310000000000000497e+00 3.000042243909749329e-02
4.320000000000000284e+00 3.000042100777589038e-02
4.330000000000000071e+00 3.000041957540616755e-02
4.339999999999999858e+00 3.000041813394581369e-02
4.350000000000000533e+00 3.000041669500199196e-02
4.360000000000000320e+00 3.000041524424422110e-02
4.370000000000000107e+00 3.000041379115530454e-02
4.379999999999999893e+00 3.000041232769287691e-02
4.389999999999999680e+00 3.000041086357767631e-02
4.400000000000000355e+00 3.000040939054021000e-02
4.410000000000000142e+00 3.000040791154686554e-02
4.419999999999999929e+00 3.000040642134881030e-02
4.429999999999999716e+00 3.000040492972276887e-02
4.440000000000000391e+00 3.000040342566828028e-02
4.450000000000000178e+00 3.000040192000002701e-02
4.459999999999999964e+00 3.000040040995883422e-02
4.469999999999999751e+00 3.000039889040443872e-02
4.480000000000000426e+00 3.000039736320315314e-02
4.490000000000000213e+00 3.000039583181582717e-02
4.500000000000000000e+00 3.000039429499037902e-02
4.509999999999999787e+00 3.000039275577974507e-02
4.520000000000000462e+00 3.000039120640467585e-02
4.530000000000000249e+00 3.000038964858503521e-02
4.540000000000000036e+00 3.000038809057530703e-02
4.549999999999999822e+00 3.000038652385000545e-02
4.560000000000000497e+00 3.000038494821448409e-02
4.570000000000000284e+00 3.000038337546134457e-02
4.580000000000000071e+00 3.000038179403695035e-02
4.589999999999999858e+00 3.000038021013561734e-02
4.600000000000000533e+00 3.000037862281489803e-02
4.610000000000000320e+00 3.000037703339267225e-02
4.620000000000000107e+00 3.000037542684436120e-02
4.629999999999999893e+00 3.000037382287989995e-02
4.639999999999999680e+00 3.000037221480209015e-02
4.650000000000000355e+00 3.000037060129570957e-02
4.660000000000000142e+00 3.000036897673613936e-02
4.669999999999999929e+00 3.000036735442493385e-02
4.679999999999999716e+00 3.000036572233078652e-02
4.690000000000000391e+00 3.000036408870935742e-02
4.700000000000000178e+00 3.000036245102689902e-02
4.709999999999999964e+00 3.000036081199377799e-02
4.719999999999999751e+00 3.000035916194004199e-02
4.730000000000000426e+00 3.000035750905738485e-02
4.740000000000000213e+00 3.000035585424695381e-02
4.750000000000000000e+00 3.000035418751453506e-02
4.759999999999999787e+00 3.000035251526479360e-02
4.770000000000000462e+00 3.000035083985734888e-02
4.780000000000000249e+00 3.000034916255550979e-02
4.790000000000000036e+00 3.000034747945544422e-02
4.799999999999999822e+00 3.000034578912772268e-02
4.810000000000000497e+00 3.000034410452186162e-02
4.820000000000000284e+00 3.000034241143131192e-02
4.830000000000000071e+00 3.000034071677010541e-02
4.839999999999999858e+00 3.000033900909108292e-02
4.850000000000000533e+00 3.000033730561731116e-02
4.860000000000000320e+00 3.000033559408344513e-02
4.870000000000000107e+00 3.000033387765780463e-02
4.879999999999999893e+00 3.000033215748365220e-02
4.889999999999999680e+00 3.000033044204381688e-02
4.900000000000000355e+00 3.000032872002499421e-02
4.910000000000000142e+00 3.000032699188562649e-02
4.919999999999999929e+00 3.000032526615683051e-02
4.929999999999999716e+00 3.000032353085197584e-02
4.940000000000000391e+00 3.000032178984282649e-02
4.950000000000000178e+00 3.000032004833937463e-02
4.959999999999999964e+00 3.000031829624556431e-02
4.969999999999999751e+00 3.000031654841544063e-02
4.980000000000000426e+00 3.000031479581515004e-02
4.990000000000000213e+00 3.000031303783318518e-02
5.000000000000000000e+00 3.000031128148165568e-02
5.009999999999999787e+00 3.000030952333472556e-02
5.020000000000000462e+00 3.000030775458926643e-02
5.030000000000000249e+00 3.000030598328267545e-02
5.040000000000000036e+00 3.000030421447156051e-02
5.049999999999999822e+00 3.000030244156396894e-02
5.060000000000000497e+00 3.000030066909167847e-02
5.070000000000000284e+00 3.000029888768112121e-02
5.080000000000000071e+00 3.000029710705669553e-02
5.089999999999999858e+00 3.000029532719973233e-02
5.100000000000000533e+00 3.000029353434388937e-02
5.110000000000000320e+00 3.000029174505347562e-02
5.120000000000000107e+00 3.000028995113900726e-02
5.129999999999999893e+00 3.000028815652320754e-02
5.139999999999999680e+00 3.000028635604564883e-02
5.150000000000000355e+00 3.000028456085845896e-02
5.160000000000000142e+00 3.000028275750811838e-02
5.169999999999999929e+00 3.000028095394445538e-02
5.179999999999999716e+00 3.000027915160232220e-02
5.190000000000000391e+00 3.000027734490188364e-02
5.200000000000000178e+00 3.000027554161217858e-02
5.209999999999999964e+00 3.000027374055948964e-02
5.219999999999999751e+00 3.000027193726638799e-02
5.230000000000000426e+00 3.000027013053488054e-02
5.240000000000000213e+00 3.000026832170922184e-02
5.250000000000000000e+00 3.000026651253290266e-02
5.259999999999999787e+00 3.000026470026410583e-02
5.270000000000000462e+00 3.000026288710327602e-02
5.280000000000000249e+00 3.000026106966722714e-02
5.290000000000000036e+00 3.000025924801788535e-02
5.299999999999999822e+00 3.000025743370600059e-02
5.310000000000000497e+00 3.000025561697089796e-02
5.320000000000000284e+00 3.000025379736308631e-02
5.330000000000000071e+00 3.000025198281535549e-02
5.339999999999999858e+00 3.000025015923884000e-02
5.350000000000000533e+00 3.000024833964117302e-02
5.360000000000000320e+00 3.000024651569595247e-02
5.370000000000000107e+00 3.000024468889159884e-02
5.379999999999999893e+00 3.000024286872329457e-02
5.389999999999999680e+00 3.000024104100270164e-02
5.400000000000000355e+00 3.000023921758820239e-02
5.410000000000000142e+00 3.000023739846843784e-02
5.419999999999999929e+00 3.000023557840968136e-02
5.429999999999999716e+00 3.000023376078801707e-02
5.440000000000000391e+00 3.000023193383321435e-02
5.450000000000000178e+00 3.000023011430918637e-02
5.459999999999999964e+00 3.000022829481886755e-02
5.469999999999999751e+00 3.000022647643712376e-02
5.480000000000000426e+00 3.000022465554832984e-02
5.490000000000000213e+00 3.000022284088185720e-02
5.500000000000000000e+00 3.000022102044551039e-02
5.509999999999999787e+00 3.000021920398616981e-02
5.520000000000000462e+00 3.000021738341786606e-02
5.530000000000000249e+00 3.000021556627049946e-02
5.540000000000000036e+00 3.000021375509366595e-02
5.549999999999999822e+00 3.000021194416200437e-02
5.560000000000000497e+00 3.000021012991935243e-02
5.570000000000000284e+00 3.000020831385521655e-02
5.580000000000000071e+00 3.000020650508015974e-02
5.589999999999999858e+00 3.000020469705717840e-02
5.600000000000000533e+00 3.000020289298613307e-02
5.610000000000000320e+00 3.000020109263788065e-02
5.620000000000000107e+00 3.000019928598743335e-02
5.629999999999999893e+00 3.000019748528005847e-02
5.639999999999999680e+00 3.000019568046198570e-02
5.650000000000000355e+00 3.000019388076185026e-02
5.660000000000000142e+00 3.000019208584607522e-02
5.669999999999999929e+00 3.000019029667522902e-02
5.679999999999999716e+00 3.000018850426441203e-02
5.690000000000000391e+00 3.000018671604205017e-02
5.700000000000000178e+00 3.000018492419197214e-02
5.709999999999999964e+00 3.000018313463384198e-02
5.719999999999999751e+00 3.000018135367708838e-02
5.730000000000000426e+00 3.000017956942331587e-02
5.740000000000000213e+00 3.000017778328066195e-02
5.750000000000000000e+00 3.000017600912877752e-02
5.759999999999999787e+00 3.000017423755262092e-02
5.770000000000000462e+00 3.000017246653891370e-02
5.780000000000000249e+00 3.000017069994318636e-02
5.790000000000000036e+00 3.000016893539487334e-02
5.799999999999999822e+00 3.000016718014126421e-02
5.810000000000000497e+00 3.000016541678274251e-02
5.820000000000000284e+00 3.000016366313386709e-02
5.830000000000000071e+00 3.000016191332277593e-02
5.839999999999999858e+00 3.000016016864865201e-02
5.850000000000000533e+00 3.000015842075427763e-02
5.860000000000000320e+00 3.000015667177445555e-02
5.870000000000000107e+00 3.000015492628316238e-02
5.879999999999999893e+00 3.000015318606723269e-02
5.889999999999999680e+00 3.000015145183769147e-02
5.900000000000000355e+00 3.000014972119930193e-02
5.910000000000000142e+00 3.000014799196515369e-02
5.919999999999999929e+00 3.000014626764086617e-02
5.929999999999999716e+00 3.000014454695022412e-02
5.940000000000000391e+00 3.000014283467661302e-02
5.950000000000000178e+00 3.000014112788532833e-02
5.959999999999999964e+00 3.000013942500969963e-02
5.969999999999999751e+00 3.000013772202474865e-02
5.980000000000000426e+00 3.000013602121549827e-02
5.990000000000000213e+00 3.000013432253872264e-02
6.000000000000000000e+00 3.000013263140788311e-02
6.009999999999999787e+00 3.000013094383415652e-02
6.020000000000000462e+00 3.000012926403750058e-02
6.030000000000000249e+00 3.000012758946193903e-02
6.040000000000000036e+00 3.000012591061099881e-02
6.049999999999999822e+00 3.000012424255869142e-02
6.060000000000000497e+00 3.000012257953541678e-02
6.070000000000000284e+00 3.000012091463019615e-02
6.080000000000000071e+00 3.000011925615643851e-02
6.089999999999999858e+00 3.000011760636182162e-02
6.100000000000000533e+00 3.000011596234143652e-02
6.110000000000000320e+00 3.000011432441518355e-02
6.120000000000000107e+00 3.000011268313904078e-02
6.129999999999999893e+00 3.000011104860141747e-02
6.140000000000000568e+00 3.000010941894295374e-02
6.150000000000000355e+00 3.000010779454520896e-02
6.160000000000000142e+00 3.000010618033865928e-02
6.169999999999999929e+00 3.000010456379834795e-02
6.179999999999999716e+00 3.000010295326635545e-02
6.190000000000000391e+00 3.000010134868920375e-02
6.200000000000000178e+00 3.000009974679640479e-02
6.209999999999999964e+00 3.000009815649432379e-02
6.219999999999999751e+00 3.000009656958534110e-02
6.230000000000000426e+00 3.000009498208899839e-02
6.240000000000000213e+00 3.000009340407391520e-02
6.250000000000000000e+00 3.000009183222786258e-02
6.259999999999999787e+00 3.000009026511366722e-02
6.270000000000000462e+00 3.000008870737621777e-02
6.280000000000000249e+00 3.000008715353858976e-02
6.290000000000000036e+00 3.000008560009124331e-02
6.299999999999999822e+00 3.000008405245559173e-02
6.310000000000000497e+00 3.000008250537197427e-02
6.320000000000000284e+00 3.000008097223703235e-02
6.330000000000000071e+00 3.000007944011728184e-02
6.339999999999999858e+00 3.000007792238388454e-02
6.350000000000000533e+00 3.000007640508826900e-02
6.360000000000000320e+00 3.000007489196625243e-02
6.370000000000000107e+00 3.000007338485473699e-02
6.379999999999999893e+00 3.000007188485116771e-02
6.390000000000000568e+00 3.000007038711656124e-02
6.400000000000000355e+00 3.000006889994957793e-02
6.410000000000000142e+00 3.000006741521049625e-02
6.419999999999999929e+00 3.000006593888358483e-02
6.429999999999999716e+00 3.000006446189840831e-02
6.440000000000000391e+00 3.000006299074959443e-02
6.450000000000000178e+00 3.000006152670331439e-02
6.459999999999999964e+00 3.000006007039528882e-02
6.469999999999999751e+00 3.000005862359961598e-02
6.480000000000000426e+00 3.000005717797148835e-02
6.490000000000000213e+00 3.000005573472753345e-02
6.500000000000000000e+00 3.000005430187772937e-02
6.509999999999999787e+00 3.000005287515896193e-02
6.520000000000000462e+00 3.000005145643627052e-02
6.530000000000000249e+00 3.000005004346290027e-02
6.540000000000000036e+00 3.000004863323588178e-02
6.549999999999999822e+00 3.000004723142452728e-02
6.560000000000000497e+00 3.000004583190608518e-02
6.570000000000000284e+00 3.000004444282008964e-02
6.580000000000000071e+00 3.000004305901440155e-02
6.589999999999999858e+00 3.000004168173495828e-02
6.600000000000000533e+00 3.000004030802014623e-02
6.610000000000000320e+00 3.000003894163206369e-02
6.620000000000000107e+00 3.000003757828567652e-02
6.629999999999999893e+00 3.000003621944116738e-02
6.640000000000000568e+00 3.000003487382576356e-02
6.650000000000000355e+00 3.000003353122991656e-02
6.660000000000000142e+00 3.000003219789691353e-02
6.669999999999999929e+00 3.000003086217437401e-02
6.679999999999999716e+00 3.000002954261924565e-02
6.690000000000000391e+00 3.000002822166005639e-02
6.700000000000000178e+00 3.000002691260188203e-02
6.709999999999999964e+00 3.000002560453349926e-02
6.719999999999999751e+00 3.000002430695496158e-02
6.730000000000000426e+00 3.000002301308770866e-02
6.740000000000000213e+00 3.000002172389002950e-02
6.750000000000000000e+00 3.000002043801023796e-02
6.759999999999999787e+00 3.000001916243694514e-02
6.770000000000000462e+00 3.000001789080683490e-02
6.780000000000000249e+00 3.000001662789244378e-02
6.790000000000000036e+00 3.000001537150345093e-02
6.799999999999999822e+00 3.000001411954658637e-02
6.810000000000000497e+00 3.000001287495019167e-02
6.820000000000000284e+00 3.000001163212091121e-02
6.830000000000000071e+00 3.000001039604781664e-02
6.839999999999999858e+00 3.000000916386133185e-02
6.850000000000000533e+00 3.000000793796689033e-02
6.860000000000000320e+00 3.000000672655238690e-02
6.870000000000000107e+00 3.000000551514549890e-02
6.879999999999999893e+00 3.000000431488498293e-02
6.890000000000000568e+00 3.000000311189612509e-02
6.900000000000000355e+00 3.000000191860184573e-02
6.910000000000000142e+00 3.000000073174236698e-02
6.919999999999999929e+00 2.999999955252666273e-02
6.929999999999999716e+00 2.999999837908548864e-02
6.940000000000000391e+00 2.999999720234625480e-02
6.950000000000000178e+00 2.999999604106507942e-02
6.959999999999999964e+00 2.999999487856746735e-02
6.969999999999999751e+00 2.999999372590804458e-02
6.980000000000000426e+00 2.999999257736806271e-02
6.990000000000000213e+00 2.999999143185799744e-02
7.000000000000000000e+00 2.999999029529935857e-02
7.009999999999999787e+00 2.999998916521468689e-02
7.020000000000000462e+00 2.999998804340706787e-02
7.030000000000000249e+00 2.999998692173939940e-02
7.040000000000000036e+00 2.999998580940186135e-02
7.049999999999999822e+00 2.999998470037154238e-02
7.060000000000000497e+00 2.999998359890813579e-02
7.070000000000000284e+00 2.999998249966599750e-02
7.080000000000000071e+00 2.999998141264183932e-02
7.089999999999999858e+00 2.999998032564450343e-02
7.100000000000000533e+00 2.999997924561095472e-02
7.110000000000000320e+00 2.999997816749586793e-02
7.120000000000000107e+00 2.999997709699540882e-02
7.129999999999999893e+00 2.999997602797385352e-02
7.140000000000000568e+00 2.999997496738872685e-02
7.150000000000000355e+00 2.999997390828394034e-02
7.160000000000000142e+00 2.999997286533662502e-02
7.169999999999999929e+00 2.999997181488949644e-02
7.179999999999999716e+00 2.999997077528687717e-02
7.190000000000000391e+00 2.999996974998163368e-02
7.200000000000000178e+00 2.999996872181914104e-02
7.209999999999999964e+00 2.999996770391063355e-02
7.219999999999999751e+00 2.999996668839201644e-02
7.230000000000000426e+00 2.999996567942332312e-02
7.240000000000000213e+00 2.999996467853863896e-02
7.250000000000000000e+00 2.999996366946261137e-02
7.259999999999999787e+00 2.999996267956971802e-02
7.270000000000000462e+00 2.999996168527123766e-02
7.280000000000000249e+00 2.999996069793014683e-02
7.290000000000000036e+00 2.999995971691804542e-02
7.299999999999999822e+00 2.999995873953847231e-02
7.310000000000000497e+00 2.999995776599783184e-02
7.320000000000000284e+00 2.999995680158437650e-02
7.330000000000000071e+00 2.999995583313970135e-02
7.339999999999999858e+00 2.999995487056404675e-02
7.350000000000000533e+00 2.999995392684777148e-02
7.360000000000000320e+00 2.999995297736192043e-02
7.370000000000000107e+00 2.999995203462798438e-02
7.379999999999999893e+00 2.999995109122911494e-02
7.390000000000000568e+00 2.999995015171699059e-02
7.400000000000000355e+00 2.999994922515886175e-02
7.410000000000000142e+00 2.999994830122157050e-02
7.419999999999999929e+00 2.999994737874347658e-02
7.429999999999999716e+00 2.999994646698815950e-02
7.440000000000000391e+00 2.999994556499208445e-02
7.450000000000000178e+00 2.999994466913162225e-02
7.459999999999999964e+00 2.999994376075386729e-02
7.469999999999999751e+00 2.999994285427969726e-02
7.480000000000000426e+00 2.999994196285711567e-02
7.490000000000000213e+00 2.999994107110627237e-02
7.500000000000000000e+00 2.999994018670663204e-02
7.509999999999999787e+00 2.999993931123216828e-02
7.520000000000000462e+00 2.999993843010270722e-02
7.530000000000000249e+00 2.999993756099379044e-02
7.540000000000000036e+00 2.999993669433348789e-02
7.549999999999999822e+00 2.999993581940074011e-02
7.560000000000000497e+00 2.999993495348996647e-02
7.570000000000000284e+00 2.999993409442873460e-02
7.580000000000000071e+00 2.999993324681375639e-02
7.589999999999999858e+00 2.999993240429808805e-02
7.600000000000000533e+00 2.999993155470578876e-02
7.610000000000000320e+00 2.999993071609749831e-02
7.620000000000000107e+00 2.999992988900052754e-02
7.629999999999999893e+00 2.999992905088452733e-02
7.640000000000000568e+00 2.999992822219731126e-02
7.650000000000000355e+00 2.999992739343210202e-02
7.660000000000000142e+00 2.999992657782796918e-02
7.669999999999999929e+00 2.999992575573758036e-02
7.679999999999999716e+00 2.999992494838697038e-02
7.690000000000000391e+00 2.999992413333040994e-02
7.700000000000000178e+00 2.999992333400068947e-02
7.709999999999999964e+00 2.999992252612804916e-02
7.719999999999999751e+00 2.999992172675546714e-02
7.730000000000000426e+00 2.999992092433981239e-02
7.740000000000000213e+00 2.999992014550093358e-02
7.750000000000000000e+00 2.999991936247769359e-02
7.759999999999999787e+00 2.999991857047057744e-02
7.770000000000000462e+00 2.999991778540259807e-02
7.780000000000000249e+00 2.999991700334439168e-02
7.790000000000000036e+00 2.999991623173770341e-02
7.799999999999999822e+00 2.999991544951410155e-02
7.810000000000000497e+00 2.999991466670295925e-02
7.820000000000000284e+00 2.999991390198641222e-02
7.830000000000000071e+00 2.999991312689793965e-02
7.839999999999999858e+00 2.999991236897938535e-02
7.850000000000000533e+00 2.999991161172221518e-02
7.860000000000000320e+00 2.999991086568962878e-02
7.870000000000000107e+00 2.999991011010570002e-02
7.879999999999999893e+00 2.999990936416414844e-02
7.890000000000000568e+00 2.999990862610212722e-02
7.900000000000000355e+00 2.999990787993467994e-02
7.910000000000000142e+00 2.999990714594930746e-02
7.919999999999999929e+00 2.999990642287322234e-02
7.930000000000000604e+00 2.999990570637970505e-02
7.940000000000000391e+00 2.999990497773232304e-02
7.950000000000000178e+00 2.999990426225471879e-02
7.959999999999999964e+00 2.999990353752109845e-02
7.969999999999999751e+00 2.999990282047696952e-02
7.980000000000000426e+00 2.999990211157928244e-02
7.990000000000000213e+00 2.999990139664472991e-02
8.000000000000000000e+00 2.999990068248619551e-02
8.009999999999999787e+00 2.999989996957681121e-02
8.019999999999999574e+00 2.999989926781976984e-02
8.029999999999999361e+00 2.999989855628037300e-02
8.040000000000000924e+00 2.999989785520753433e-02
8.050000000000000711e+00 2.999989716082352570e-02
8.060000000000000497e+00 2.999989646327506226e-02
8.070000000000000284e+00 2.999989576490906182e-02
8.080000000000000071e+00 2.999989508478859146e-02
8.089999999999999858e+00 2.999989439949908576e-02
8.099999999999999645e+00 2.999989371930820298e-02
8.109999999999999432e+00 2.999989303430756690e-02
8.120000000000000995e+00 2.999989235828949552e-02
8.130000000000000782e+00 2.999989167902192277e-02
8.140000000000000568e+00 2.999989101164746153e-02
8.150000000000000355e+00 2.999989035034331120e-02
8.160000000000000142e+00 2.999988968478925488e-02
8.169999999999999929e+00 2.999988901163147537e-02
8.179999999999999716e+00 2.999988834473878152e-02
8.189999999999999503e+00 2.999988767838612791e-02
8.199999999999999289e+00 2.999988700961921106e-02
8.210000000000000853e+00 2.999988636453406604e-02
8.220000000000000639e+00 2.999988570391479148e-02
8.230000000000000426e+00 2.999988504620841254e-02
8.240000000000000213e+00 2.999988438848674374e-02
8.250000000000000000e+00 2.999988374548885617e-02
8.259999999999999787e+00 2.999988309815303927e-02
8.269999999999999574e+00 2.999988246373292561e-02
8.279999999999999361e+00 2.999988182686354893e-02
8.290000000000000924e+00 2.999988118513589874e-02
8.300000000000000711e+00 2.999988055601581979e-02
8.310000000000000497e+00 2.999987993437519193e-02
8.320000000000000284e+00 2.999987930736940783e-02
8.330000000000000071e+00 2.999987869241740532e-02
8.339999999999999858e+00 2.999987807030557452e-02
8.349999999999999645e+00 2.999987744878915980e-02
8.359999999999999432e+00 2.999987681294603165e-02
8.370000000000000995e+00 2.999987620147957085e-02
8.380000000000000782e+00 2.999987557454582981e-02
8.390000000000000568e+00 2.999987495647055136e-02
8.400000000000000355e+00 2.999987434918122142e-02
8.410000000000000142e+00 2.999987374056338127e-02
8.419999999999999929e+00 2.999987313752516122e-02
8.429999999999999716e+00 2.999987253502908735e-02
8.439999999999999503e+00 2.999987193266942520e-02
8.449999999999999289e+00 2.999987134569258307e-02
8.460000000000000853e+00 2.999987075120722976e-02
8.470000000000000639e+00 2.999987015213088914e-02
8.480000000000000426e+00 2.999986955774712472e-02
8.490000000000000213e+00 2.999986895916180452e-02
8.500000000000000000e+00 2.999986837315552629e-02
8.509999999999999787e+00 2.999986778281582556e-02
8.519999999999999574e+00 2.999986719605923779e-02
8.529999999999999361e+00 2.999986662207684146e-02
8.540000000000000924e+00 2.999986604139607410e-02
8.550000000000000711e+00 2.999986546257290068e-02
8.560000000000000497e+00 2.999986487499553545e-02
8.570000000000000284e+00 2.999986430257553516e-02
8.580000000000000071e+00 2.999986373113807531e-02
8.589999999999999858e+00 2.999986315976692700e-02
8.599999999999999645e+00 2.999986258519379487e-02
8.609999999999999432e+00 2.999986202428582896e-02
8.620000000000000995e+00 2.999986147544215012e-02
8.630000000000000782e+00 2.999986091540440478e-02
8.640000000000000568e+00 2.999986036495991618e-02
8.650000000000000355e+00 2.999985981757965006e-02
8.660000000000000142e+00 2.999985927970592187e-02
8.669999999999999929e+00 2.999985872136324422e-02
8.679999999999999716e+00 2.999985819425483174e-02
8.689999999999999503e+00 2.999985764091767440e-02
8.700000000000001066e+00 2.999985710859722279e-02
8.710000000000000853e+00 2.999985658292268070e-02
8.720000000000000639e+00 2.999985604410537743e-02
8.730000000000000426e+00 2.999985550360058373e-02
8.740000000000000213e+00 2.999985497746386620e-02
8.750000000000000000e+00 2.999985445802846526e-02
8.759999999999999787e+00 2.999985393301705938e-02
8.769999999999999574e+00 2.999985342143091094e-02
8.779999999999999361e+00 2.999985291024147988e-02
8.790000000000000924e+00 2.999985239656736968e-02
8.800000000000000711e+00 2.999985188836269689e-02
8.810000000000000497e+00 2.999985137789395323e-02
8.820000000000000284e+00 2.999985087129417721e-02
8.830000000000000071e+00 2.999985037022579251e-02
8.839999999999999858e+00 2.999984987304978729e-02
8.849999999999999645e+00 2.999984937299295801e-02
8.859999999999999432e+00 2.999984887942525394e-02
8.870000000000000995e+00 2.999984838681602622e-02
8.880000000000000782e+00 2.999984790198902823e-02
8.890000000000000568e+00 2.999984740700659819e-02
8.900000000000000355e+00 2.999984693460159765e-02
8.910000000000000142e+00 2.999984646423935197e-02
8.919999999999999929e+00 2.999984599128384388e-02
8.929999999999999716e+00 2.999984551256190332e-02
8.939999999999999503e+00 2.999984503800246644e-02
8.950000000000001066e+00 2.999984458126388198e-02
8.960000000000000853e+00 2.999984411614144836e-02
8.970000000000000639e+00 2.999984366217757839e-02
8.980000000000000426e+00 2.999984320062109439e-02
8.990000000000000213e+00 2.999984275438788428e-02
9.000000000000000000e+00 2.999984230898003826e-02
9.009999999999999787e+00 2.999984186765971075e-02
9.019999999999999574e+00 2.999984143359393091e-02
9.029999999999999361e+00 2.999984099054240488e-02
9.040000000000000924e+00 2.999984055654946954e-02
9.050000000000000711e+00 2.999984013020199833e-02
9.060000000000000497e+00 2.999983970150325863e-02
9.070000000000000284e+00 2.999983926900450654e-02
9.080000000000000071e+00 2.999983884966030828e-02
9.089999999999999858e+00 2.999983843738441777e-02
9.099999999999999645e+00 2.999983802869224045e-02
9.109999999999999432e+00 2.999983762708810855e-02
9.120000000000000995e+00 2.999983722834806410e-02
9.130000000000000782e+00 2.999983682818190348e-02
9.140000000000000568e+00 2.999983643431834712e-02
9.150000000000000355e+00 2.999983604420515537e-02
9.160000000000000142e+00 2.999983565059809176e-02
9.169999999999999929e+00 2.999983526619337537e-02
9.179999999999999716e+00 2.999983487356878281e-02
9.189999999999999503e+00 2.999983449193283774e-02
9.200000000000001066e+00 2.999983412118890219e-02
9.210000000000000853e+00 2.999983375827115079e-02
9.220000000000000639e+00 2.999983338477670014e-02
9.230000000000000426e+00 2.999983302331375723e-02
9.240000000000000213e+00 2.999983267675136386e-02
9.250000000000000000e+00 2.999983231656602051e-02
9.259999999999999787e+00 2.999983195969122343e-02
9.269999999999999574e+00 2.999983161509273133e-02
9.279999999999999361e+00 2.999983127640329372e-02
9.290000000000000924e+00 2.999983094624738417e-02
9.300000000000000711e+00 2.999983061153693037e-02
9.310000000000000497e+00 2.999983027976685715e-02
9.320000000000000284e+00 2.999982995534411848e-02
9.330000000000000071e+00 2.999982963686918455e-02
9.339999999999999858e+00 2.999982931557907545e-02
9.349999999999999645e+00 2.999982900244161504e-02
9.359999999999999432e+00 2.999982868957352944e-02
9.370000000000000995e+00 2.999982838993978454e-02
9.380000000000000782e+00 2.999982809027307989e-02
9.390000000000000568e+00 2.999982779085817383e-02
9.400000000000000355e+00 2.999982750252449398e-02
9.410000000000000142e+00 2.999982722113708061e-02
9.419999999999999929e+00 2.999982693584413163e-02
9.429999999999999716e+00 2.999982666459683270e-02
9.439999999999999503e+00 2.999982638799003620e-02
9.450000000000001066e+00 2.999982612073753829e-02
9.460000000000000853e+00 2.999982586364941667e-02
9.470000000000000639e+00 2.999982560778594043e-02
9.480000000000000426e+00 2.999982535095526565e-02
9.490000000000000213e+00 2.999982509794203722e-02
9.500000000000000000e+00 2.999982484642160080e-02
9.509999999999999787e+00 2.999982460471150095e-02
9.519999999999999574e+00 2.999982437489134152e-02
9.529999999999999361e+00 2.999982414779556877e-02
9.540000000000000924e+00 2.999982392577411894e-02
9.550000000000000711e+00 2.999982370408254412e-02
9.560000000000000497e+00 2.999982349606851798e-02
9.570000000000000284e+00 2.999982328172927371e-02
9.580000000000000071e+00 2.999982308041959991e-02
9.589999999999999858e+00 2.999982288314150328e-02
9.599999999999999645e+00 2.999982269035088994e-02
9.609999999999999432e+00 2.999982250401577594e-02
9.620000000000000995e+00 2.999982231547752842e-02
9.630000000000000782e+00 2.999982213836631037e-02
9.640000000000000568e+00 2.999982196819159924e-02
9.650000000000000355e+00 2.999982180616139749e-02
9.660000000000000142e+00 2.999982164812181260e-02
9.669999999999999929e+00 2.999982149298753911e-02
9.679999999999999716e+00 2.999982134224146724e-02
9.689999999999999503e+00 2.999982119447528600e-02
9.700000000000001066e+00 2.999982105687093795e-02
9.710000000000000853e+00 2.999982091900935122e-02
9.720000000000000639e+00 2.999982078996927745e-02
9.730000000000000426e+00 2.999982066436461536e-02
9.740000000000000213e+00 2.999982054766580503e-02
9.750000000000000000e+00 2.999982043072052171e-02
9.759999999999999787e+00 2.999982032143138147e-02
9.769999999999999574e+00 2.999982021347519581e-02
9.779999999999999361e+00 2.999982011151297243e-02
9.790000000000000924e+00 2.999982001844144625e-02
9.800000000000000711e+00 2.999981993065408553e-02
9.810000000000000497e+00 2.999981984495853071e-02
9.820000000000000284e+00 2.999981976586352933e-02
9.830000000000000071e+00 2.999981969414956817e-02
9.839999999999999858e+00 2.999981962587331200e-02
9.849999999999999645e+00 2.999981956606157657e-02
9.859999999999999432e+00 2.999981951058272242e-02
9.870000000000000995e+00 2.999981946381920575e-02
9.880000000000000782e+00 2.999981942126169962e-02
9.890000000000000568e+00 2.999981938343570381e-02
9.900000000000000355e+00 2.999981934928945895e-02
9.910000000000000142e+00 2.999981932265937540e-02
9.919999999999999929e+00 2.999981929929299365e-02
9.929999999999999716e+00 2.999981928240092952e-02
9.939999999999999503e+00 2.999981927060198922e-02
9.950000000000001066e+00 2.999981926460163970e-02
9.960000000000000853e+00 2.999981926585694111e-02
9.970000000000000639e+00 2.999981927228963230e-02
