time H
0.000000000000000000e+00 2.999934216363310535e-02
1.000000000000000021e-02 2.999933566550048655e-02
2.000000000000000042e-02 2.999932917982680441e-02
2.999999999999999889e-02 2.999932270677412027e-02
4.000000000000000083e-02 2.999931624567905505e-02
5.000000000000000278e-02 2.999930979627204314e-02
5.999999999999999778e-02 2.999930336056269922e-02
7.000000000000000666e-02 2.999929693797244099e-02
8.000000000000000167e-02 2.999929052903398466e-02
8.999999999999999667e-02 2.999928413378664255e-02
1.000000000000000056e-01 2.999927775110187989e-02
1.100000000000000006e-01 2.999927138112481670e-02
1.199999999999999956e-01 2.999926502766775416e-02
1.300000000000000044e-01 2.999925868724614975e-02
1.400000000000000133e-01 2.999925236091003852e-02
1.499999999999999944e-01 2.999924604848321769e-02
1.600000000000000033e-01 2.999923974924507269e-02
1.700000000000000122e-01 2.999923346414257522e-02
1.799999999999999933e-01 2.999922719177652158e-02
1.900000000000000022e-01 2.999922093655855992e-02
2.000000000000000111e-01 2.999921469637695584e-02
2.099999999999999922e-01 2.999920846931704993e-02
2.200000000000000011e-01 2.999920225808488938e-02
2.300000000000000100e-01 2.999919606228334742e-02
2.399999999999999911e-01 2.999918988239377166e-02
2.500000000000000000e-01 2.999918371818519752e-02
2.600000000000000089e-01 2.999917757100016222e-02
2.700000000000000178e-01 2.999917143706774120e-02
2.800000000000000266e-01 2.999916532294142485e-02
2.899999999999999800e-01 2.999915922110287653e-02
2.999999999999999889e-01 2.999915313378009180e-02
3.099999999999999978e-01 2.999914706146280044e-02
3.200000000000000067e-01 2.999914100747614470e-02
3.300000000000000155e-01 2.999913496848134742e-02
3.400000000000000244e-01 2.999912894625652096e-02
3.500000000000000333e-01 2.999912294325090406e-02
3.599999999999999867e-01 2.999911695564689423e-02
3.699999999999999956e-01 2.999911098187662759e-02
3.800000000000000044e-01 2.999910502532495901e-02
3.900000000000000133e-01 2.999909908666036767e-02
4.000000000000000222e-01 2.999909316610525206e-02
4.100000000000000311e-01 2.999908726127380187e-02
4.199999999999999845e-01 2.999908137309712647e-02
4.299999999999999933e-01 2.999907550397188163e-02
4.400000000000000022e-01 2.999906965056133717e-02
4.500000000000000111e-01 2.999906381470535816e-02
4.600000000000000200e-01 2.999905799421477906e-02
4.700000000000000289e-01 2.999905219214647062e-02
4.799999999999999822e-01 2.999904640655790683e-02
4.899999999999999911e-01 2.999904063903957238e-02
5.000000000000000000e-01 2.999903488978414648e-02
5.100000000000000089e-01 2.999902915965279443e-02
5.200000000000000178e-01 2.999902344630147114e-02
5.300000000000000266e-01 2.999901774941302057e-02
5.400000000000000355e-01 2.999901207221774072e-02
5.500000000000000444e-01 2.999900641252805158e-02
5.600000000000000533e-01 2.999900077103173635e-02
5.700000000000000622e-01 2.999899514602675371e-02
5.799999999999999600e-01 2.999898953991282646e-02
5.899999999999999689e-01 2.999898395388576888e-02
5.999999999999999778e-01 2.999897838341314751e-02
6.099999999999999867e-01 2.999897283257386277e-02
6.199999999999999956e-01 2.999896729776336396e-02
6.300000000000000044e-01 2.999896178136364153e-02
6.400000000000000133e-01 2.999895628568157238e-02
6.500000000000000222e-01 2.999895080694378949e-02
6.600000000000000311e-01 2.999894534639303140e-02
6.700000000000000400e-01 2.999893990199825264e-02
6.800000000000000488e-01 2.999893447875854463e-02
6.900000000000000577e-01 2.999892907458753810e-02
7.000000000000000666e-01 2.999892368807594370e-02
7.099999999999999645e-01 2.999891832074419451e-02
7.199999999999999734e-01 2.999891297153009159e-02
7.299999999999999822e-01 2.999890763911656696e-02
7.399999999999999911e-01 2.999890232648585314e-02
7.500000000000000000e-01 2.999889703078032280e-02
7.600000000000000089e-01 2.999889175382356582e-02
7.700000000000000178e-01 2.999888649642859159e-02
7.800000000000000266e-01 2.999888125338700043e-02
7.900000000000000355e-01 2.999887603380133050e-02
8.000000000000000444e-01 2.999887083424599560e-02
8.100000000000000533e-01 2.999886565030117011e-02
8.200000000000000622e-01 2.999886048811125500e-02
8.300000000000000711e-01 2.999885534449004201e-02
8.399999999999999689e-01 2.999885021919155778e-02
8.499999999999999778e-01 2.999884511191588249e-02
8.599999999999999867e-01 2.999884001950662779e-02
8.699999999999999956e-01 2.999883494555711030e-02
8.800000000000000044e-01 2.999882989324956575e-02
8.900000000000000133e-01 2.999882486114828148e-02
9.000000000000000222e-01 2.999881984252775191e-02
9.100000000000000311e-01 2.999881484621250149e-02
9.200000000000000400e-01 2.999880986753008030e-02
9.300000000000000488e-01 2.999880490649828313e-02
9.400000000000000577e-01 2.999879996368974219e-02
9.500000000000000666e-01 2.999879503847759088e-02
9.599999999999999645e-01 2.999879013215227264e-02
9.699999999999999734e-01 2.999878524398996368e-02
9.799999999999999822e-01 2.999878037257127858e-02
9.899999999999999911e-01 2.999877552066359740e-02
1.000000000000000000e+00 2.999877068659021623e-02
1.010000000000000009e+00 2.999876587258207619e-02
1.020000000000000018e+00 2.999876107537141623e-02
1.030000000000000027e+00 2.999875629574985311e-02
1.040000000000000036e+00 2.999875153409188241e-02
1.050000000000000044e+00 2.999874679134391375e-02
1.060000000000000053e+00 2.999874206377060870e-02
1.070000000000000062e+00 2.999873735747965453e-02
1.080000000000000071e+00 2.999873266579392017e-02
1.090000000000000080e+00 2.999872799252210204e-02
1.100000000000000089e+00 2.999872333823074694e-02
1.110000000000000098e+00 2.999871870315927447e-02
1.120000000000000107e+00 2.999871408385081789e-02
1.130000000000000115e+00 2.999870948134671783e-02
1.140000000000000124e+00 2.999870489596648260e-02
1.150000000000000133e+00 2.999870032909832118e-02
1.159999999999999920e+00 2.999869577872939230e-02
1.169999999999999929e+00 2.999869124481237270e-02
1.179999999999999938e+00 2.999868672832673583e-02
1.189999999999999947e+00 2.999868223037641807e-02
1.199999999999999956e+00 2.999867774824221608e-02
1.209999999999999964e+00 2.999867328293335383e-02
1.219999999999999973e+00 2.999866883445836963e-02
1.229999999999999982e+00 2.999866440424810154e-02
1.239999999999999991e+00 2.999865999043448833e-02
1.250000000000000000e+00 2.999865559099292381e-02
1.260000000000000009e+00 2.999865121116990913e-02
1.270000000000000018e+00 2.999864684732312520e-02
1.280000000000000027e+00 2.999864250047466763e-02
1.290000000000000036e+00 2.999863816998440957e-02
1.300000000000000044e+00 2.999863385442290420e-02
1.310000000000000053e+00 2.999862955331109374e-02
1.320000000000000062e+00 2.999862526969414994e-02
1.330000000000000071e+00 2.999862100239033408e-02
1.340000000000000080e+00 2.999861675039960235e-02
1.350000000000000089e+00 2.999861251377602261e-02
1.360000000000000098e+00 2.999860829250773631e-02
1.370000000000000107e+00 2.999860408937639333e-02
1.380000000000000115e+00 2.999859990229624199e-02
1.390000000000000124e+00 2.999859573229488735e-02
1.400000000000000133e+00 2.999859157631265538e-02
1.409999999999999920e+00 2.999858743340138786e-02
1.419999999999999929e+00 2.999858330651453825e-02
1.429999999999999938e+00 2.999857919503427089e-02
1.439999999999999947e+00 2.999857509809647840e-02
1.449999999999999956e+00 2.999857101702661788e-02
1.459999999999999964e+00 2.999856694841255417e-02
1.469999999999999973e+00 2.999856289526076081e-02
1.479999999999999982e+00 2.999855885645020398e-02
1.489999999999999991e+00 2.999855483361100680e-02
1.500000000000000000e+00 2.999855082400779832e-02
1.510000000000000009e+00 2.999854682871418848e-02
1.520000000000000018e+00 2.999854284696291951e-02
1.530000000000000027e+00 2.999853887711472974e-02
1.540000000000000036e+00 2.999853492078801559e-02
1.550000000000000044e+00 2.999853097846180358e-02
1.560000000000000053e+00 2.999852705148883109e-02
1.570000000000000062e+00 2.999852313730216880e-02
1.580000000000000071e+00 2.999851924029420941e-02
1.590000000000000080e+00 2.999851535385131621e-02
1.600000000000000089e+00 2.999851148310342733e-02
1.610000000000000098e+00 2.999850762339022550e-02
1.620000000000000107e+00 2.999850377702008297e-02
1.630000000000000115e+00 2.999849994342681375e-02
1.640000000000000124e+00 2.999849612225462953e-02
1.650000000000000133e+00 2.999849231325747018e-02
1.660000000000000142e+00 2.999848851566732158e-02
1.669999999999999929e+00 2.999848473049456649e-02
1.679999999999999938e+00 2.999848095975591461e-02
1.689999999999999947e+00 2.999847719946937760e-02
1.699999999999999956e+00 2.999847345033237328e-02
1.709999999999999964e+00 2.999846971566617893e-02
1.719999999999999973e+00 2.999846598975179288e-02
1.729999999999999982e+00 2.999846227590169390e-02
1.739999999999999991e+00 2.999845857437587887e-02
1.750000000000000000e+00 2.999845488426474555e-02
1.760000000000000009e+00 2.999845120659767189e-02
1.770000000000000018e+00 2.999844753937157965e-02
1.780000000000000027e+00 2.999844388037988668e-02
1.790000000000000036e+00 2.999844023376537633e-02
1.800000000000000044e+00 2.999843659900316289e-02
1.810000000000000053e+00 2.999843297206461479e-02
1.820000000000000062e+00 2.999842935848279560e-02
1.830000000000000071e+00 2.999842575561333449e-02
1.840000000000000080e+00 2.999842216004487694e-02
1.850000000000000089e+00 2.999841857494145447e-02
1.860000000000000098e+00 2.999841499729694397e-02
1.870000000000000107e+00 2.999841143182453013e-02
1.880000000000000115e+00 2.999840787815552523e-02
1.890000000000000124e+00 2.999840432961081715e-02
1.900000000000000133e+00 2.999840079157117118e-02
1.910000000000000142e+00 2.999839726222740949e-02
1.919999999999999929e+00 2.999839374469590730e-02
1.929999999999999938e+00 2.999839023337970770e-02
1.939999999999999947e+00 2.999838673393010607e-02
1.949999999999999956e+00 2.999838323968935516e-02
1.959999999999999964e+00 2.999837975742343857e-02
1.969999999999999973e+00 2.999837628193743194e-02
1.979999999999999982e+00 2.999837281581723553e-02
1.989999999999999991e+00 2.999836935430342730e-02
2.000000000000000000e+00 2.999836590187717617e-02
2.010000000000000231e+00 2.999836245899240375e-02
2.020000000000000018e+00 2.999835902371824140e-02
2.030000000000000249e+00 2.999835559537145785e-02
2.040000000000000036e+00 2.999835217501551493e-02
2.049999999999999822e+00 2.999834876043734957e-02
2.060000000000000053e+00 2.999834535206758607e-02
2.069999999999999840e+00 2.999834195101394596e-02
2.080000000000000071e+00 2.999833856238908608e-02
2.089999999999999858e+00 2.999833517624770837e-02
2.100000000000000089e+00 2.999833179986983317e-02
2.109999999999999876e+00 2.999832842775429498e-02
2.120000000000000107e+00 2.999832506257374756e-02
2.129999999999999893e+00 2.999832170451489227e-02
2.140000000000000124e+00 2.999831835167833527e-02
2.149999999999999911e+00 2.999831500379509033e-02
2.160000000000000142e+00 2.999831166190884690e-02
2.169999999999999929e+00 2.999830832422536314e-02
2.180000000000000160e+00 2.999830499423828539e-02
2.189999999999999947e+00 2.999830166835550094e-02
2.200000000000000178e+00 2.999829834828917838e-02
2.209999999999999964e+00 2.999829503370681633e-02
2.220000000000000195e+00 2.999829172629427804e-02
2.229999999999999982e+00 2.999828842365251380e-02
2.240000000000000213e+00 2.999828512348472892e-02
2.250000000000000000e+00 2.999828182915560693e-02
2.260000000000000231e+00 2.999827853828403515e-02
2.270000000000000018e+00 2.999827525136392406e-02
2.280000000000000249e+00 2.999827197122174882e-02
2.290000000000000036e+00 2.999826869264498805e-02
2.300000000000000266e+00 2.999826541973713012e-02
2.310000000000000053e+00 2.999826215136435631e-02
2.319999999999999840e+00 2.999825888492787390e-02
2.330000000000000071e+00 2.999825562361419298e-02
2.339999999999999858e+00 2.999825236420914157e-02
2.350000000000000089e+00 2.999824911011443607e-02
2.359999999999999876e+00 2.999824585911806119e-02
2.370000000000000107e+00 2.999824261111100343e-02
2.379999999999999893e+00 2.999823936691490417e-02
2.390000000000000124e+00 2.999823612601959164e-02
2.399999999999999911e+00 2.999823288706975413e-02
2.410000000000000142e+00 2.999822965158122773e-02
2.419999999999999929e+00 2.999822641752828561e-02
2.430000000000000160e+00 2.999822318530287815e-02
2.439999999999999947e+00 2.999821995614074255e-02
2.450000000000000178e+00 2.999821672936457684e-02
2.459999999999999964e+00 2.999821350690617255e-02
2.470000000000000195e+00 2.999821028645540885e-02
2.479999999999999982e+00 2.999820706795994218e-02
2.490000000000000213e+00 2.999820385056661820e-02
2.500000000000000000e+00 2.999820063259075326e-02
2.510000000000000231e+00 2.999819742010090967e-02
2.520000000000000018e+00 2.999819420565491557e-02
2.530000000000000249e+00 2.999819099426105640e-02
2.540000000000000036e+00 2.999818778650029799e-02
2.550000000000000266e+00 2.999818457907384509e-02
2.560000000000000053e+00 2.999818137394431525e-02
2.569999999999999840e+00 2.999817817080216442e-02
2.580000000000000071e+00 2.999817496791202381e-02
2.589999999999999858e+00 2.999817176417162584e-02
2.600000000000000089e+00 2.999816856150095898e-02
2.609999999999999876e+00 2.999816535910946463e-02
2.620000000000000107e+00 2.999816215551943943e-02
2.629999999999999893e+00 2.999815895504992849e-02
2.640000000000000124e+00 2.999815575651489097e-02
2.649999999999999911e+00 2.999815255855980273e-02
2.660000000000000142e+00 2.999814935978819749e-02
2.669999999999999929e+00 2.999814616080199309e-02
2.680000000000000160e+00 2.999814296329153529e-02
2.689999999999999947e+00 2.999813976404133026e-02
2.700000000000000178e+00 2.999813656643841170e-02
2.709999999999999964e+00 2.999813336733990130e-02
2.720000000000000195e+00 2.999813017027292208e-02
2.729999999999999982e+00 2.999812696874135445e-02
2.740000000000000213e+00 2.999812377003154701e-02
2.750000000000000000e+00 2.999812057252024267e-02
2.760000000000000231e+00 2.999811737250892424e-02
2.770000000000000018e+00 2.999811417395037080e-02
2.780000000000000249e+00 2.999811097183543648e-02
2.790000000000000036e+00 2.999810777253997598e-02
2.800000000000000266e+00 2.999810457200392799e-02
2.810000000000000053e+00 2.999810137288258863e-02
2.819999999999999840e+00 2.999809817183372862e-02
2.830000000000000071e+00 2.999809497002849101e-02
2.839999999999999858e+00 2.999809176740805827e-02
2.850000000000000089e+00 2.999808856446123037e-02
2.859999999999999876e+00 2.999808536020405481e-02
2.870000000000000107e+00 2.999808215465048916e-02
2.879999999999999893e+00 2.999807894832276500e-02
2.890000000000000124e+00 2.999807574250529935e-02
2.899999999999999911e+00 2.999807253413136476e-02
2.910000000000000142e+00 2.999806932624571321e-02
2.919999999999999929e+00 2.999806611661701150e-02
2.930000000000000160e+00 2.999806290561067568e-02
2.939999999999999947e+00 2.999805969301035449e-02
2.950000000000000178e+00 2.999805648106162667e-02
2.959999999999999964e+00 2.999805326737700270e-02
2.970000000000000195e+00 2.999805004974596262e-02
2.979999999999999982e+00 2.999804683310686171e-02
2.990000000000000213e+00 2.999804361421676974e-02
3.000000000000000000e+00 2.999804039592781496e-02
3.010000000000000231e+00 2.999803717661570987e-02
3.020000000000000018e+00 2.999803395276771228e-02
3.030000000000000249e+00 2.999803072829515527e-02
3.040000000000000036e+00 2.999802750330753803e-02
3.050000000000000266e+00 2.999802427562001106e-02
3.060000000000000053e+00 2.999802104584443213e-02
3.070000000000000284e+00 2.999801781766050363e-02
3.080000000000000071e+00 2.999801458609917260e-02
3.089999999999999858e+00 2.999801135338943728e-02
3.100000000000000089e+00 2.999800811987059224e-02
3.109999999999999876e+00 2.999800488410961016e-02
3.120000000000000107e+00 2.999800164959471813e-02
3.129999999999999893e+00 2.999799841278410692e-02
3.140000000000000124e+00 2.999799517255889378e-02
3.149999999999999911e+00 2.999799193143558307e-02
3.160000000000000142e+00 2.999798868896291423e-02
3.169999999999999929e+00 2.999798544538721107e-02
3.180000000000000160e+00 2.999798220100893115e-02
3.189999999999999947e+00 2.999797895474021203e-02
3.200000000000000178e+00 2.999797570891817380e-02
3.209999999999999964e+00 2.999797245994065276e-02
3.220000000000000195e+00 2.999796921160578084e-02
3.229999999999999982e+00 2.999796596143862459e-02
3.240000000000000213e+00 2.999796270796285802e-02
3.250000000000000000e+00 2.999795945465801375e-02
3.260000000000000231e+00 2.999795619992066259e-02
3.270000000000000018e+00 2.999795294591756090e-02
3.280000000000000249e+00 2.999794968979709389e-02
3.290000000000000036e+00 2.999794643118833259e-02
3.300000000000000266e+00 2.999794317187949588e-02
3.310000000000000053e+00 2.999793991209501534e-02
3.320000000000000284e+00 2.999793665112070878e-02
3.330000000000000071e+00 2.999793338983763186e-02
3.339999999999999858e+00 2.999793012686253341e-02
3.350000000000000089e+00 2.999792686324597585e-02
3.359999999999999876e+00 2.999792359931175920e-02
3.370000000000000107e+00 2.999792033333624486e-02
3.379999999999999893e+00 2.999791706609629752e-02
3.390000000000000124e+00 2.999791379959500931e-02
3.399999999999999911e+00 2.999791053143786509e-02
3.410000000000000142e+00 2.999790726347045106e-02
3.419999999999999929e+00 2.999790399304459385e-02
3.430000000000000160e+00 2.999790072336585428e-02
3.439999999999999947e+00 2.999789745278116579e-02
3.450000000000000178e+00 2.999789418325215021e-02
3.459999999999999964e+00 2.999789091152186768e-02
3.470000000000000195e+00 2.999788763963346858e-02
3.479999999999999982e+00 2.999788436837659555e-02
3.490000000000000213e+00 2.999788109539464759e-02
3.500000000000000000e+00 2.999787782265051633e-02
3.510000000000000231e+00 2.999787454894634747e-02
3.520000000000000018e+00 2.999787127490029931e-02
3.530000000000000249e+00 2.999786800169469692e-02
3.540000000000000036e+00 2.999786472803568638e-02
3.550000000000000266e+00 2.999786145478645222e-02
3.560000000000000053e+00 2.999785818250951669e-02
3.570000000000000284e+00 2.999785490828052112e-02
3.580000000000000071e+00 2.999785163555119052e-02
3.589999999999999858e+00 2.999784836191903697e-02
3.600000000000000089e+00 2.999784508826249668e-02
3.609999999999999876e+00 2.999784181674235856e-02
3.620000000000000107e+00 2.999783854619390150e-02
3.629999999999999893e+00 2.999783527559816976e-02
3.640000000000000124e+00 2.999783200478112893e-02
3.649999999999999911e+00 2.999782873474634431e-02
3.660000000000000142e+00 2.999782546543397835e-02
3.669999999999999929e+00 2.999782219568079139e-02
3.680000000000000160e+00 2.999781892723250160e-02
3.689999999999999947e+00 2.999781566160226315e-02
3.700000000000000178e+00 2.999781239440191261e-02
3.709999999999999964e+00 2.999780912924051787e-02
3.720000000000000195e+00 2.999780586639943375e-02
3.729999999999999982e+00 2.999780260464612186e-02
3.740000000000000213e+00 2.999779934307942111e-02
3.750000000000000000e+00 2.999779608292101052e-02
3.760000000000000231e+00 2.999779282450687132e-02
3.770000000000000018e+00 2.999778956853867140e-02
3.780000000000000249e+00 2.999778631333585577e-02
3.790000000000000036e+00 2.999778306068499878e-02
3.800000000000000266e+00 2.999777981045211733e-02
3.810000000000000053e+00 2.999777656043733226e-02
3.820000000000000284e+00 2.999777331212103576e-02
3.830000000000000071e+00 2.999777006550480296e-02
3.839999999999999858e+00 2.999776682169183473e-02
3.850000000000000089e+00 2.999776357922169165e-02
3.859999999999999876e+00 2.999776033960633442e-02
3.870000000000000107e+00 2.999775710247311322e-02
3.879999999999999893e+00 2.999775386713394304e-02
3.890000000000000124e+00 2.999775063373864153e-02
3.899999999999999911e+00 2.999774740363407577e-02
3.910000000000000142e+00 2.999774417668418791e-02
3.919999999999999929e+00 2.999774095218759457e-02
3.930000000000000160e+00 2.999773772937743346e-02
3.939999999999999947e+00 2.999773450958197890e-02
3.950000000000000178e+00 2.999773129220085349e-02
3.959999999999999964e+00 2.999772808080038503e-02
3.970000000000000195e+00 2.999772486959078471e-02
3.979999999999999982e+00 2.999772166203527185e-02
3.990000000000000213e+00 2.999771845644881238e-02
4.000000000000000000e+00 2.999771525624960605e-02
4.009999999999999787e+00 2.999771205705068292e-02
4.020000000000000462e+00 2.999770886306032947e-02
4.030000000000000249e+00 2.999770567216053507e-02
4.040000000000000036e+00 2.999770248414402457e-02
4.049999999999999822e+00 2.999769929970767801e-02
4.060000000000000497e+00 2.999769612002861977e-02
4.070000000000000284e+00 2.999769294404798850e-02
4.080000000000000071e+00 2.999768977167099199e-02
4.089999999999999858e+00 2.999768660313349364e-02
4.099999999999999645e+00 2.999768343813191684e-02
4.110000000000000320e+00 2.999768027691775835e-02
4.120000000000000107e+00 2.999767711999027503e-02
4.129999999999999893e+00 2.999767396650067364e-02
4.139999999999999680e+00 2.999767081902609406e-02
4.150000000000000355e+00 2.999766767485095853e-02
4.160000000000000142e+00 2.999766453588441004e-02
4.169999999999999929e+00 2.999766140096738268e-02
4.179999999999999716e+00 2.999765827115778022e-02
4.190000000000000391e+00 2.999765514547639289e-02
4.200000000000000178e+00 2.999765202530060154e-02
4.209999999999999964e+00 2.999764890978231374e-02
4.219999999999999751e+00 2.999764579888450355e-02
4.230000000000000426e+00 2.999764269232990666e-02
4.240000000000000213e+00 2.999763959083125847e-02
4.250000000000000000e+00 2.999763649564886683e-02
4.259999999999999787e+00 2.999763340565465841e-02
4.270000000000000462e+00 2.999763031979263070e-02
4.280000000000000249e+00 2.999762723921897689e-02
4.290000000000000036e+00 2.999762416387100408e-02
4.299999999999999822e+00 2.999762109448881123e-02
4.310000000000000497e+00 2.999761802881359407e-02
4.320000000000000284e+00 2.999761496864120081e-02
4.330000000000000071e+00 2.999761191505453950e-02
4.339999999999999858e+00 2.999760886694612105e-02
4.350000000000000533e+00 2.999760582485690857e-02
4.360000000000000320e+00 2.999760278661829302e-02
4.370000000000000107e+00 2.999759975510326443e-02
4.379999999999999893e+00 2.999759673006669250e-02
4.389999999999999680e+00 2.999759371028658944e-02
4.400000000000000355e+00 2.999759069672469636e-02
4.410000000000000142e+00 2.999758768947757143e-02
4.419999999999999929e+00 2.999758468808769174e-02
4.429999999999999716e+00 2.999758169303772329e-02
4.440000000000000391e+00 2.999757870335855586e-02
4.450000000000000178e+00 2.999757572057013683e-02
4.459999999999999964e+00 2.999757274352565437e-02
4.469999999999999751e+00 2.999756977265092411e-02
4.480000000000000426e+00 2.999756680773808457e-02
4.490000000000000213e+00 2.999756384927721939e-02
4.500000000000000000e+00 2.999756089697465031e-02
4.509999999999999787e+00 2.999755795100672584e-02
4.520000000000000462e+00 2.999755501162757604e-02
4.530000000000000249e+00 2.999755207895064835e-02
4.540000000000000036e+00 2.999754915245170239e-02
4.549999999999999822e+00 2.999754623238309534e-02
4.560000000000000497e+00 2.999754331928166859e-02
4.570000000000000284e+00 2.999754041260472084e-02
4.580000000000000071e+00 2.999753751194474821e-02
4.589999999999999858e+00 2.999753461832569551e-02
4.600000000000000533e+00 2.999753173169356080e-02
4.610000000000000320e+00 2.999752885163907770e-02
4.620000000000000107e+00 2.999752597788738276e-02
4.629999999999999893e+00 2.999752311141998598e-02
4.639999999999999680e+00 2.999752025168879108e-02
4.650000000000000355e+00 2.999751739849133153e-02
4.660000000000000142e+00 2.999751455220816057e-02
4.669999999999999929e+00 2.999751171307413200e-02
4.679999999999999716e+00 2.999750888114923603e-02
4.690000000000000391e+00 2.999750605505260501e-02
4.700000000000000178e+00 2.999750323748999470e-02
4.709999999999999964e+00 2.999750042576679668e-02
4.719999999999999751e+00 2.999749762080240051e-02
4.730000000000000426e+00 2.999749482285733390e-02
4.740000000000000213e+00 2.999749203221062019e-02
4.750000000000000000e+00 2.999748924863296362e-02
4.759999999999999787e+00 2.999748647221153058e-02
4.770000000000000462e+00 2.999748370255568564e-02
4.780000000000000249e+00 2.999748094040657551e-02
4.790000000000000036e+00 2.999747818439727626e-02
4.799999999999999822e+00 2.999747543576478104e-02
4.810000000000000497e+00 2.999747269377528447e-02
4.820000000000000284e+00 2.999746995933128685e-02
4.830000000000000071e+00 2.999746723239626531e-02
4.839999999999999858e+00 2.999746451115560195e-02
4.850000000000000533e+00 2.999746179774842939e-02
4.860000000000000320e+00 2.999745909125548990e-02
4.870000000000000107e+00 2.999745639264827374e-02
4.879999999999999893e+00 2.999745370036189032e-02
4.889999999999999680e+00 2.999745101512523576e-02
4.900000000000000355e+00 2.999744833678625808e-02
4.910000000000000142e+00 2.999744566637696161e-02
4.919999999999999929e+00 2.999744300165134436e-02
4.929999999999999716e+00 2.999744034465239712e-02
4.940000000000000391e+00 2.999743769435926286e-02
4.950000000000000178e+00 2.999743505092888549e-02
4.959999999999999964e+00 2.999743241513803602e-02
4.969999999999999751e+00 2.999742978593420220e-02
4.980000000000000426e+00 2.999742716427335198e-02
4.990000000000000213e+00 2.999742454934086963e-02
5.000000000000000000e+00 2.999742194074023552e-02
5.009999999999999787e+00 2.999741933947027567e-02
5.020000000000000462e+00 2.999741674466097421e-02
5.030000000000000249e+00 2.999741415678592107e-02
5.040000000000000036e+00 2.999741157594278118e-02
5.049999999999999822e+00 2.999740900175101171e-02
5.060000000000000497e+00 2.999740643429281081e-02
5.070000000000000284e+00 2.999740387404809666e-02
5.080000000000000071e+00 2.999740131979408003e-02
5.089999999999999858e+00 2.999739877249763681e-02
5.100000000000000533e+00 2.999739623108219067e-02
5.110000000000000320e+00 2.999739369688210130e-02
5.120000000000000107e+00 2.999739117030679122e-02
5.129999999999999893e+00 2.999738864995367751e-02
5.139999999999999680e+00 2.999738613581590801e-02
5.150000000000000355e+00 2.999738362861471830e-02
5.160000000000000142e+00 2.999738112740682125e-02
5.169999999999999929e+00 2.999737863285126954e-02
5.179999999999999716e+00 2.999737614352699505e-02
5.190000000000000391e+00 2.999737366112585277e-02
5.200000000000000178e+00 2.999737118451104023e-02
5.209999999999999964e+00 2.999736871507174135e-02
5.219999999999999751e+00 2.999736625180056404e-02
5.230000000000000426e+00 2.999736379429665881e-02
5.240000000000000213e+00 2.999736134378627045e-02
5.250000000000000000e+00 2.999735889921259502e-02
5.259999999999999787e+00 2.999735646032704664e-02
5.270000000000000462e+00 2.999735402736134621e-02
5.280000000000000249e+00 2.999735160095155437e-02
5.290000000000000036e+00 2.999734917968752135e-02
5.299999999999999822e+00 2.999734676475078812e-02
5.310000000000000497e+00 2.999734435599740734e-02
5.320000000000000284e+00 2.999734195284629867e-02
5.330000000000000071e+00 2.999733955527297477e-02
5.339999999999999858e+00 2.999733716296063349e-02
5.350000000000000533e+00 2.999733477617898270e-02
5.360000000000000320e+00 2.999733239571829302e-02
5.370000000000000107e+00 2.999733002038700372e-02
5.379999999999999893e+00 2.999732764999780629e-02
5.389999999999999680e+00 2.999732528532073755e-02
5.400000000000000355e+00 2.999732292599163047e-02
5.410000000000000142e+00 2.999732057223376824e-02
5.419999999999999929e+00 2.999731822351247440e-02
5.429999999999999716e+00 2.999731587909330172e-02
5.440000000000000391e+00 2.999731354073597797e-02
5.450000000000000178e+00 2.999731120739555432e-02
5.459999999999999964e+00 2.999730887933283949e-02
5.469999999999999751e+00 2.999730655586768310e-02
5.480000000000000426e+00 2.999730423758788928e-02
5.490000000000000213e+00 2.999730192383085262e-02
5.500000000000000000e+00 2.999729961464353556e-02
5.509999999999999787e+00 2.999729730979304107e-02
5.520000000000000462e+00 2.999729500962455137e-02
5.530000000000000249e+00 2.999729271415153831e-02
5.540000000000000036e+00 2.999729042328742878e-02
5.549999999999999822e+00 2.999728813650704914e-02
5.560000000000000497e+00 2.999728585355838223e-02
5.570000000000000284e+00 2.999728357464705869e-02
5.580000000000000071e+00 2.999728130087438160e-02
5.589999999999999858e+00 2.999727903137000551e-02
5.600000000000000533e+00 2.999727676508554333e-02
5.610000000000000320e+00 2.999727450244012855e-02
5.620000000000000107e+00 2.999727224451800844e-02
5.629999999999999893e+00 2.999726999054076054e-02
5.639999999999999680e+00 2.999726773956559386e-02
5.650000000000000355e+00 2.999726549208971832e-02
5.660000000000000142e+00 2.999726324840914365e-02
5.669999999999999929e+00 2.999726100882363355e-02
5.679999999999999716e+00 2.999725877276620406e-02
5.690000000000000391e+00 2.999725653980579720e-02
5.700000000000000178e+00 2.999725430977179252e-02
5.709999999999999964e+00 2.999725208325981773e-02
5.719999999999999751e+00 2.999724985927007884e-02
5.730000000000000426e+00 2.999724763995703647e-02
5.740000000000000213e+00 2.999724542335388197e-02
5.750000000000000000e+00 2.999724320935472782e-02
5.759999999999999787e+00 2.999724099801799604e-02
5.770000000000000462e+00 2.999723878844851727e-02
5.780000000000000249e+00 2.999723658266111037e-02
5.790000000000000036e+00 2.999723437830971451e-02
5.799999999999999822e+00 2.999723217800900205e-02
5.810000000000000497e+00 2.999722998014054537e-02
5.820000000000000284e+00 2.999722778216466768e-02
5.830000000000000071e+00 2.999722558813768675e-02
5.839999999999999858e+00 2.999722339631424178e-02
5.850000000000000533e+00 2.999722120655568328e-02
5.860000000000000320e+00 2.999721901921828873e-02
5.870000000000000107e+00 2.999721683323167132e-02
5.879999999999999893e+00 2.999721464982386260e-02
5.889999999999999680e+00 2.999721246834385902e-02
5.900000000000000355e+00 2.999721028923900412e-02
5.910000000000000142e+00 2.999720810935902274e-02
5.919999999999999929e+00 2.999720593305319274e-02
5.929999999999999716e+00 2.999720375885697732e-02
5.940000000000000391e+00 2.999720158579719659e-02
5.950000000000000178e+00 2.999719941364816650e-02
5.959999999999999964e+00 2.999719724339857188e-02
5.969999999999999751e+00 2.999719507402520691e-02
5.980000000000000426e+00 2.999719290559516027e-02
5.990000000000000213e+00 2.999719073841693520e-02
6.000000000000000000e+00 2.999718857302828209e-02
6.009999999999999787e+00 2.999718640746877607e-02
6.020000000000000462e+00 2.999718424301622832e-02
6.030000000000000249e+00 2.999718207964148856e-02
6.040000000000000036e+00 2.999717991622515012e-02
6.049999999999999822e+00 2.999717775463878536e-02
6.060000000000000497e+00 2.999717559315893955e-02
6.070000000000000284e+00 2.999717343193761959e-02
6.080000000000000071e+00 2.999717127164357178e-02
6.089999999999999858e+00 2.999716911176111833e-02
6.100000000000000533e+00 2.999716695291989449e-02
6.110000000000000320e+00 2.999716479228076854e-02
6.120000000000000107e+00 2.999716263323291832e-02
6.129999999999999893e+00 2.999716047423733184e-02
6.140000000000000568e+00 2.999715831453445350e-02
6.150000000000000355e+00 2.999715615507465502e-02
6.160000000000000142e+00 2.999715399708674513e-02
6.169999999999999929e+00 2.999715183754652140e-02
6.179999999999999716e+00 2.999714967856799419e-02
6.190000000000000391e+00 2.999714751800843307e-02
6.200000000000000178e+00 2.999714535869265480e-02
6.209999999999999964e+00 2.999714319682241295e-02
6.219999999999999751e+00 2.999714103564285472e-02
6.230000000000000426e+00 2.999713887331147133e-02
6.240000000000000213e+00 2.999713671032336326e-02
6.250000000000000000e+00 2.999713454682367483e-02
6.259999999999999787e+00 2.999713238280216077e-02
6.270000000000000462e+00 2.999713021725726458e-02
6.280000000000000249e+00 2.999712805141953320e-02
6.290000000000000036e+00 2.999712588439699262e-02
6.299999999999999822e+00 2.999712371737664821e-02
6.310000000000000497e+00 2.999712154953676491e-02
6.320000000000000284e+00 2.999711938016053764e-02
6.330000000000000071e+00 2.999711720969495260e-02
6.339999999999999858e+00 2.999711503825515033e-02
6.350000000000000533e+00 2.999711286585088343e-02
6.360000000000000320e+00 2.999711069350367160e-02
6.370000000000000107e+00 2.999710851773354156e-02
6.379999999999999893e+00 2.999710634108192567e-02
6.390000000000000568e+00 2.999710416361490301e-02
6.400000000000000355e+00 2.999710198403431408e-02
6.410000000000000142e+00 2.999709980397751927e-02
6.419999999999999929e+00 2.999709762207236272e-02
6.429999999999999716e+00 2.999709543798089600e-02
6.440000000000000391e+00 2.999709325221330478e-02
6.450000000000000178e+00 2.999709106566594494e-02
6.459999999999999964e+00 2.999708887809271127e-02
6.469999999999999751e+00 2.999708668922997784e-02
6.480000000000000426e+00 2.999708449750158878e-02
6.490000000000000213e+00 2.999708230294713743e-02
6.500000000000000000e+00 2.999708010904813746e-02
6.509999999999999787e+00 2.999707791183526748e-02
6.520000000000000462e+00 2.999707571364815945e-02
6.530000000000000249e+00 2.999707351219592713e-02
6.540000000000000036e+00 2.999707130873380950e-02
6.549999999999999822e+00 2.999706910271991364e-02
6.560000000000000497e+00 2.999706689613854810e-02
6.570000000000000284e+00 2.999706468810787313e-02
6.580000000000000071e+00 2.999706247727418687e-02
6.589999999999999858e+00 2.999706026617674631e-02
6.600000000000000533e+00 2.999705805175444454e-02
6.610000000000000320e+00 2.999705583447313806e-02
6.620000000000000107e+00 2.999705361569334275e-02
6.629999999999999893e+00 2.999705139528061754e-02
6.640000000000000568e+00 2.999704917303755436e-02
6.650000000000000355e+00 2.999704694842284317e-02
6.660000000000000142e+00 2.999704472234344943e-02
6.669999999999999929e+00 2.999704249302250977e-02
6.679999999999999716e+00 2.999704026033268162e-02
6.690000000000000391e+00 2.999703802685389775e-02
6.700000000000000178e+00 2.999703579032832190e-02
6.709999999999999964e+00 2.999703355254687565e-02
6.719999999999999751e+00 2.999703131296482805e-02
6.730000000000000426e+00 2.999702907080015191e-02
6.740000000000000213e+00 2.999702682752940219e-02
6.750000000000000000e+00 2.999702458121333848e-02
6.759999999999999787e+00 2.999702233494565273e-02
6.770000000000000462e+00 2.999702008332982145e-02
6.780000000000000249e+00 2.999701782951042298e-02
6.790000000000000036e+00 2.999701557488172396e-02
6.799999999999999822e+00 2.999701331868316265e-02
6.810000000000000497e+00 2.999701106031154793e-02
6.820000000000000284e+00 2.999700879939526735e-02
6.830000000000000071e+00 2.999700653617562787e-02
6.839999999999999858e+00 2.999700427292331661e-02
6.850000000000000533e+00 2.999700200629047686e-02
6.860000000000000320e+00 2.999699973737947681e-02
6.870000000000000107e+00 2.999699746623157165e-02
6.879999999999999893e+00 2.999699519244576271e-02
6.890000000000000568e+00 2.999699291724364225e-02
6.900000000000000355e+00 2.999699064321904862e-02
6.910000000000000142e+00 2.999698836342022668e-02
6.919999999999999929e+00 2.999698608294167068e-02
6.929999999999999716e+00 2.999698380079729096e-02
6.940000000000000391e+00 2.999698151658423961e-02
6.950000000000000178e+00 2.999697923204861644e-02
6.959999999999999964e+00 2.999697694546217888e-02
6.969999999999999751e+00 2.999697465580681774e-02
6.980000000000000426e+00 2.999697236520727436e-02
6.990000000000000213e+00 2.999697007554694497e-02
7.000000000000000000e+00 2.999696778157240687e-02
7.009999999999999787e+00 2.999696548866497350e-02
7.020000000000000462e+00 2.999696319275099374e-02
7.030000000000000249e+00 2.999696089562774518e-02
7.040000000000000036e+00 2.999695859658760635e-02
7.049999999999999822e+00 2.999695629831981153e-02
7.060000000000000497e+00 2.999695399470571344e-02
7.070000000000000284e+00 2.999695169327459832e-02
7.080000000000000071e+00 2.999694939009718564e-02
7.089999999999999858e+00 2.999694708680288729e-02
7.100000000000000533e+00 2.999694477903884493e-02
7.110000000000000320e+00 2.999694247377697812e-02
7.120000000000000107e+00 2.999694016475551797e-02
7.129999999999999893e+00 2.999693785555161002e-02
7.140000000000000568e+00 2.999693554575726812e-02
7.150000000000000355e+00 2.999693323374098830e-02
7.160000000000000142e+00 2.999693092310089931e-02
7.169999999999999929e+00 2.999692861066426131e-02
7.179999999999999716e+00 2.999692629725042581e-02
7.190000000000000391e+00 2.999692398337552857e-02
7.200000000000000178e+00 2.999692166871466628e-02
7.209999999999999964e+00 2.999691935316065039e-02
7.219999999999999751e+00 2.999691703800007325e-02
7.230000000000000426e+00 2.999691472384072299e-02
7.240000000000000213e+00 2.999691240914267171e-02
7.250000000000000000e+00 2.999691009518929558e-02
7.259999999999999787e+00 2.999690778089342605e-02
7.270000000000000462e+00 2.999690546706386407e-02
7.280000000000000249e+00 2.999690315452198733e-02
7.290000000000000036e+00 2.999690084157072278e-02
7.299999999999999822e+00 2.999689852851000066e-02
7.310000000000000497e+00 2.999689621543860651e-02
7.320000000000000284e+00 2.999689390361219912e-02
7.330000000000000071e+00 2.999689159061358704e-02
7.339999999999999858e+00 2.999688927803118715e-02
7.350000000000000533e+00 2.999688696778963007e-02
7.360000000000000320e+00 2.999688465637662810e-02
7.370000000000000107e+00 2.999688234724711550e-02
7.379999999999999893e+00 2.999688003744747922e-02
7.390000000000000568e+00 2.999687773051749884e-02
7.400000000000000355e+00 2.999687542371970786e-02
7.410000000000000142e+00 2.999687311761266295e-02
7.419999999999999929e+00 2.999687081438402042e-02
7.429999999999999716e+00 2.999686851266450405e-02
7.440000000000000391e+00 2.999686621093505812e-02
7.450000000000000178e+00 2.999686390893761823e-02
7.459999999999999964e+00 2.999686160886749775e-02
7.469999999999999751e+00 2.999685930912822374e-02
7.480000000000000426e+00 2.999685701377811931e-02
7.490000000000000213e+00 2.999685471878954859e-02
7.500000000000000000e+00 2.999685242870311908e-02
7.509999999999999787e+00 2.999685014132684457e-02
7.520000000000000462e+00 2.999684785496830458e-02
7.530000000000000249e+00 2.999684556957009016e-02
7.540000000000000036e+00 2.999684328782121351e-02
7.549999999999999822e+00 2.999684100814876964e-02
7.560000000000000497e+00 2.999683873103002954e-02
7.570000000000000284e+00 2.999683645802193876e-02
7.580000000000000071e+00 2.999683418383499930e-02
7.589999999999999858e+00 2.999683191546603095e-02
7.600000000000000533e+00 2.999682965002552215e-02
7.610000000000000320e+00 2.999682738936648718e-02
7.620000000000000107e+00 2.999682512868839801e-02
7.629999999999999893e+00 2.999682287375697240e-02
7.640000000000000568e+00 2.999682061942456415e-02
7.650000000000000355e+00 2.999681836718440936e-02
7.660000000000000142e+00 2.999681611973066542e-02
7.669999999999999929e+00 2.999681387865087839e-02
7.679999999999999716e+00 2.999681163917545385e-02
7.690000000000000391e+00 2.999680940266863036e-02
7.700000000000000178e+00 2.999680717042382122e-02
7.709999999999999964e+00 2.999680494275989290e-02
7.719999999999999751e+00 2.999680271768793635e-02
7.730000000000000426e+00 2.999680049834870313e-02
7.740000000000000213e+00 2.999679828513072619e-02
7.750000000000000000e+00 2.999679607461494188e-02
7.759999999999999787e+00 2.999679387011921355e-02
7.770000000000000462e+00 2.999679166992321594e-02
7.780000000000000249e+00 2.999678947257783043e-02
7.790000000000000036e+00 2.999678728070191702e-02
7.799999999999999822e+00 2.999678509349568839e-02
7.810000000000000497e+00 2.999678290994137186e-02
7.820000000000000284e+00 2.999678073276635520e-02
7.830000000000000071e+00 2.999677855866782553e-02
7.839999999999999858e+00 2.999677639219030384e-02
7.850000000000000533e+00 2.999677423259618225e-02
7.860000000000000320e+00 2.999677207545591723e-02
7.870000000000000107e+00 2.999676992509999959e-02
7.879999999999999893e+00 2.999676778016619610e-02
7.890000000000000568e+00 2.999676564041739435e-02
7.900000000000000355e+00 2.999676350901306701e-02
7.910000000000000142e+00 2.999676138022766558e-02
7.919999999999999929e+00 2.999675926236400336e-02
7.930000000000000604e+00 2.999675714541474164e-02
7.940000000000000391e+00 2.999675503565320950e-02
7.950000000000000178e+00 2.999675293211872748e-02
7.959999999999999964e+00 2.999675083471270431e-02
7.969999999999999751e+00 2.999674874412496667e-02
7.980000000000000426e+00 2.999674666218311164e-02
7.990000000000000213e+00 2.999674458695784224e-02
8.000000000000000000e+00 2.999674251528507141e-02
8.009999999999999787e+00 2.999674045346163026e-02
8.019999999999999574e+00 2.999673839569792777e-02
8.029999999999999361e+00 2.999673634410211093e-02
8.040000000000000924e+00 2.999673430187352677e-02
8.050000000000000711e+00 2.999673226495696426e-02
8.060000000000000497e+00 2.999673023302839095e-02
8.070000000000000284e+00 2.999672821016926769e-02
8.080000000000000071e+00 2.999672619723696421e-02
8.089999999999999858e+00 2.999672419059443151e-02
8.099999999999999645e+00 2.999672218958804315e-02
8.109999999999999432e+00 2.999672019790991517e-02
8.120000000000000995e+00 2.999671821477745137e-02
8.130000000000000782e+00 2.999671623774424756e-02
8.140000000000000568e+00 2.999671426869509119e-02
8.150000000000000355e+00 2.999671231019397644e-02
8.160000000000000142e+00 2.999671035728165153e-02
8.169999999999999929e+00 2.999670841285244707e-02
8.179999999999999716e+00 2.999670647824321384e-02
8.189999999999999503e+00 2.999670454851156159e-02
8.199999999999999289e+00 2.999670262656640995e-02
8.210000000000000853e+00 2.999670071412940606e-02
8.220000000000000639e+00 2.999669881128001758e-02
8.230000000000000426e+00 2.999669691795379955e-02
8.240000000000000213e+00 2.999669503157752562e-02
8.250000000000000000e+00 2.999669315195595612e-02
8.259999999999999787e+00 2.999669128348202152e-02
8.269999999999999574e+00 2.999668942293019780e-02
8.279999999999999361e+00 2.999668757101914274e-02
8.290000000000000924e+00 2.999668572846274361e-02
8.300000000000000711e+00 2.999668389501309804e-02
8.310000000000000497e+00 2.999668206955471289e-02
8.320000000000000284e+00 2.999668025456904419e-02
8.330000000000000071e+00 2.999667844557623447e-02
8.339999999999999858e+00 2.999667664886428511e-02
8.349999999999999645e+00 2.999667486103238523e-02
8.359999999999999432e+00 2.999667308091638618e-02
8.370000000000000995e+00 2.999667131161348754e-02
8.380000000000000782e+00 2.999666954901018812e-02
8.390000000000000568e+00 2.999666779521759086e-02
8.400000000000000355e+00 2.999666605386127477e-02
8.410000000000000142e+00 2.999666432042996655e-02
8.419999999999999929e+00 2.999666259485658792e-02
8.429999999999999716e+00 2.999666087985354904e-02
8.439999999999999503e+00 2.999665917241038995e-02
8.449999999999999289e+00 2.999665747872998570e-02
8.460000000000000853e+00 2.999665579335804647e-02
8.470000000000000639e+00 2.999665411694105860e-02
8.480000000000000426e+00 2.999665244957930646e-02
8.490000000000000213e+00 2.999665079248236069e-02
8.500000000000000000e+00 2.999664914318431880e-02
8.509999999999999787e+00 2.999664750702392413e-02
8.519999999999999574e+00 2.999664588046292019e-02
8.529999999999999361e+00 2.999664426556557933e-02
8.540000000000000924e+00 2.999664265625431522e-02
8.550000000000000711e+00 2.999664105792825691e-02
8.560000000000000497e+00 2.999663946756840963e-02
8.570000000000000284e+00 2.999663788927245389e-02
8.580000000000000071e+00 2.999663632178467543e-02
8.589999999999999858e+00 2.999663476260708977e-02
8.599999999999999645e+00 2.999663321450719150e-02
8.609999999999999432e+00 2.999663167885786852e-02
8.620000000000000995e+00 2.999663015061060020e-02
8.630000000000000782e+00 2.999662863213579250e-02
8.640000000000000568e+00 2.999662712501052070e-02
8.650000000000000355e+00 2.999662562860578099e-02
8.660000000000000142e+00 2.999662414344862055e-02
8.669999999999999929e+00 2.999662266705578270e-02
8.679999999999999716e+00 2.999662120087785017e-02
8.689999999999999503e+00 2.999661974661951142e-02
8.700000000000001066e+00 2.999661830183726619e-02
8.710000000000000853e+00 2.999661686755326906e-02
8.720000000000000639e+00 2.999661544270970301e-02
8.730000000000000426e+00 2.999661402902289997e-02
8.740000000000000213e+00 2.999661262527532346e-02
8.750000000000000000e+00 2.999661123026242660e-02
8.759999999999999787e+00 2.999660984481539172e-02
8.769999999999999574e+00 2.999660847128016519e-02
8.779999999999999361e+00 2.999660710634802219e-02
8.790000000000000924e+00 2.999660574973644217e-02
8.800000000000000711e+00 2.999660440584617227e-02
8.810000000000000497e+00 2.999660307129892178e-02
8.820000000000000284e+00 2.999660174998466239e-02
8.830000000000000071e+00 2.999660043468091453e-02
8.839999999999999858e+00 2.999659913424045782e-02
8.849999999999999645e+00 2.999659784116524841e-02
8.859999999999999432e+00 2.999659655803020575e-02
8.870000000000000995e+00 2.999659528534708020e-02
8.880000000000000782e+00 2.999659402248603529e-02
8.890000000000000568e+00 2.999659277093067594e-02
8.900000000000000355e+00 2.999659152913581456e-02
8.910000000000000142e+00 2.999659029773595748e-02
8.919999999999999929e+00 2.999658907431939497e-02
8.929999999999999716e+00 2.999658786363123414e-02
8.939999999999999503e+00 2.999658666426411463e-02
8.950000000000001066e+00 2.999658547388867752e-02
8.960000000000000853e+00 2.999658429163159362e-02
8.970000000000000639e+00 2.999658311989530923e-02
8.980000000000000426e+00 2.999658195714434428e-02
8.990000000000000213e+00 2.999658080462135057e-02
9.000000000000000000e+00 2.999657966255885391e-02
9.009999999999999787e+00 2.999657852810255071e-02
9.019999999999999574e+00 2.999657740776776396e-02
9.029999999999999361e+00 2.999657629531943606e-02
9.040000000000000924e+00 2.999657519308296036e-02
9.050000000000000711e+00 2.999657409896750587e-02
9.060000000000000497e+00 2.999657301651181829e-02
9.070000000000000284e+00 2.999657194138705824e-02
9.080000000000000071e+00 2.999657087824252055e-02
9.089999999999999858e+00 2.999656982196472962e-02
9.099999999999999645e+00 2.999656877597275950e-02
9.109999999999999432e+00 2.999656773993748804e-02
9.120000000000000995e+00 2.999656671334493402e-02
9.130000000000000782e+00 2.999656569888590682e-02
9.140000000000000568e+00 2.999656469161366204e-02
9.150000000000000355e+00 2.999656369357102045e-02
9.160000000000000142e+00 2.999656270371854963e-02
9.169999999999999929e+00 2.999656172165190288e-02
9.179999999999999716e+00 2.999656075103925360e-02
9.189999999999999503e+00 2.999655979043221871e-02
9.200000000000001066e+00 2.999655883717543617e-02
9.210000000000000853e+00 2.999655789467241956e-02
9.220000000000000639e+00 2.999655695934858035e-02
9.230000000000000426e+00 2.999655603321451161e-02
9.240000000000000213e+00 2.999655511610747893e-02
9.250000000000000000e+00 2.999655420766718025e-02
9.259999999999999787e+00 2.999655330769725875e-02
9.269999999999999574e+00 2.999655241495441035e-02
9.279999999999999361e+00 2.999655153051823328e-02
9.290000000000000924e+00 2.999655065524912956e-02
9.300000000000000711e+00 2.999654978986507001e-02
9.310000000000000497e+00 2.999654893284526419e-02
9.320000000000000284e+00 2.999654808285995289e-02
9.330000000000000071e+00 2.999654724209724344e-02
9.339999999999999858e+00 2.999654640810837242e-02
9.349999999999999645e+00 2.999654558398185539e-02
9.359999999999999432e+00 2.999654476716671903e-02
9.370000000000000995e+00 2.999654395693442804e-02
9.380000000000000782e+00 2.999654315597864371e-02
9.390000000000000568e+00 2.999654236065967330e-02
9.400000000000000355e+00 2.999654157265934859e-02
9.410000000000000142e+00 2.999654079509735116e-02
9.419999999999999929e+00 2.999654002291127219e-02
9.429999999999999716e+00 2.999653925855779238e-02
9.439999999999999503e+00 2.999653850184875320e-02
9.450000000000001066e+00 2.999653775177943751e-02
9.460000000000000853e+00 2.999653700970790829e-02
9.470000000000000639e+00 2.999653627392821764e-02
9.480000000000000426e+00 2.999653554497272445e-02
9.490000000000000213e+00 2.999653482204686986e-02
9.500000000000000000e+00 2.999653410515706886e-02
9.509999999999999787e+00 2.999653339561707960e-02
9.519999999999999574e+00 2.999653269286959439e-02
9.529999999999999361e+00 2.999653199753343075e-02
9.540000000000000924e+00 2.999653130604990753e-02
9.550000000000000711e+00 2.999653062015407087e-02
9.560000000000000497e+00 2.999652994351006963e-02
9.570000000000000284e+00 2.999652927263765992e-02
9.580000000000000071e+00 2.999652860603876231e-02
9.589999999999999858e+00 2.999652794467924308e-02
9.599999999999999645e+00 2.999652729095299633e-02
9.609999999999999432e+00 2.999652664143773878e-02
9.620000000000000995e+00 2.999652599763315969e-02
9.630000000000000782e+00 2.999652535995898234e-02
9.640000000000000568e+00 2.999652472944258630e-02
9.650000000000000355e+00 2.999652410208476089e-02
9.660000000000000142e+00 2.999652348041074654e-02
9.669999999999999929e+00 2.999652286436109427e-02
9.679999999999999716e+00 2.999652225356825783e-02
9.689999999999999503e+00 2.999652164633628479e-02
9.700000000000001066e+00 2.999652104440854103e-02
9.710000000000000853e+00 2.999652044505455098e-02
9.720000000000000639e+00 2.999651985172417656e-02
9.730000000000000426e+00 2.999651926212675360e-02
9.740000000000000213e+00 2.999651867632615113e-02
9.750000000000000000e+00 2.999651809435291416e-02
9.759999999999999787e+00 2.999651751767293956e-02
9.769999999999999574e+00 2.999651694412378694e-02
9.779999999999999361e+00 2.999651637364179196e-02
9.790000000000000924e+00 2.999651580877468748e-02
9.800000000000000711e+00 2.999651524607122727e-02
9.810000000000000497e+00 2.999651468710471530e-02
9.820000000000000284e+00 2.999651413154322266e-02
9.830000000000000071e+00 2.999651357788705314e-02
9.839999999999999858e+00 2.999651302636802130e-02
9.849999999999999645e+00 2.999651247851606653e-02
9.859999999999999432e+00 2.999651193466119567e-02
9.870000000000000995e+00 2.999651139305967856e-02
9.880000000000000782e+00 2.999651085519201496e-02
9.890000000000000568e+00 2.999651031922578176e-02
9.900000000000000355e+00 2.999650978685575176e-02
9.910000000000000142e+00 2.999650925793637818e-02
9.919999999999999929e+00 2.999650872862610895e-02
9.929999999999999716e+00 2.999650820060053083e-02
9.939999999999999503e+00 2.999650767448831454e-02
9.950000000000001066e+00 2.999650714964765402e-02
9.960000000000000853e+00 2.999650662738093110e-02
9.970000000000000639e+00 2.999650610383964439e-02
