2.999928026393559530e-02
2.999927600921324655e-02
2.999927175611604574e-02
2.999926750479942061e-02
2.999926325541269964e-02
2.999925900811495696e-02
2.999925476305623229e-02
2.999925052039408707e-02
2.999924628028288048e-02
2.999924204287678087e-02
2.999923780832490505e-02
2.999923357678087321e-02
2.999922934839811470e-02
2.999922512333288993e-02
2.999922090173755274e-02
2.999921668375366696e-02
2.999921246954906362e-02
2.999920825925833992e-02
2.999920405304618704e-02
2.999919985105237163e-02
2.999919565344061692e-02
2.999919146033678055e-02
2.999918727191227402e-02
2.999918308830227739e-02
2.999917890965964756e-02
2.999917473613519792e-02
2.999917056786463934e-02
2.999916640500106119e-02
2.999916224768561790e-02
2.999915809606482076e-02
2.999915395028394938e-02
2.999914981047656706e-02
2.999914567679996119e-02
2.999914154937717570e-02
2.999913742837055988e-02
2.999913331389681900e-02
2.999912920610437600e-02
2.999912510513393776e-02
2.999912101111493895e-02
2.999911692419226020e-02
2.999911284448676663e-02
2.999910877213898819e-02
2.999910470728606171e-02
2.999910065005614163e-02
2.999909660057231697e-02
2.999909255897244623e-02
2.999908852537959761e-02
2.999908449992504111e-02
2.999908048273420072e-02
2.999907647392556845e-02
2.999907247362672974e-02
2.999906848195171838e-02
2.999906449903531197e-02
2.999906052498347436e-02
2.999905655991937092e-02
2.999905260395707707e-02
2.999904865721644831e-02
2.999904471980641835e-02
2.999904079184302977e-02
2.999903687343019598e-02
2.999903296468183975e-02
2.999902906570601352e-02
2.999902517660805318e-02
2.999902129749048435e-02
2.999901742845823699e-02
2.999901356961469021e-02
2.999900972105212088e-02
2.999900588287652062e-02
2.999900205518063467e-02
2.999899823805882507e-02
2.999899443160602280e-02
2.999899063591789788e-02
2.999898685107348084e-02
2.999898307716630450e-02
2.999897931428388911e-02
2.999897556250909897e-02
2.999897182192499956e-02
2.999896809261202307e-02
2.999896437464714613e-02
2.999896066811044704e-02
2.999895697307714340e-02
2.999895328961560415e-02
2.999894961780348243e-02
2.999894595770753736e-02
2.999894230939677622e-02
2.999893867293183802e-02
2.999893504838255925e-02
2.999893143580547802e-02
2.999892783526311377e-02
2.999892424681263256e-02
2.999892067051201233e-02
2.999891710641145598e-02
2.999891355456280398e-02
2.999891001502034277e-02
2.999890648782577163e-02
2.999890297302336764e-02
2.999889947066600865e-02
2.999889598078663705e-02
2.999889250342908584e-02
2.999888903862320266e-02
2.999888558641398972e-02
2.999888214683001098e-02
2.999887871990144714e-02
2.999887530565631746e-02
2.999887190412382082e-02
2.999886851532436102e-02
2.999886513928757409e-02
2.999886177602428122e-02
2.999885842556203330e-02
2.999885508791186317e-02
2.999885176308451223e-02
2.999884845109594689e-02
2.999884515195416074e-02
2.999884186567112684e-02
2.999883859224344168e-02
2.999883533168046235e-02
2.999883208398200843e-02
2.999882884914510661e-02
2.999882562716609663e-02
2.999882241804140842e-02
2.999881922176193469e-02
2.999881603832011551e-02
2.999881286770174349e-02
2.999880970989224696e-02
2.999880656487823732e-02
2.999880343263888055e-02
2.999880031315049073e-02
2.999879720640052233e-02
2.999879411235406579e-02
2.999879103098866684e-02
2.999878796227503641e-02
2.999878490618191479e-02
2.999878186267762939e-02
2.999877883172638593e-02
2.999877581329078030e-02
2.999877280733068141e-02
2.999876981380738064e-02
2.999876683267593824e-02
2.999876386389265306e-02
2.999876090740623974e-02
2.999875796317334753e-02
2.999875503113555095e-02
2.999875211124826760e-02
2.999874920345155238e-02
2.999874630769035211e-02
2.999874342390218551e-02
2.999874055202867568e-02
2.999873769201069282e-02
2.999873484377715838e-02
2.999873200726662845e-02
2.999872918241161535e-02
2.999872636913750862e-02
2.999872356737727508e-02
2.999872077705590528e-02
2.999871799809549280e-02
2.999871523042465030e-02
2.999871247395968776e-02
2.999870972862430513e-02
2.999870699433634935e-02
2.999870427100750220e-02
2.999870155855718923e-02
2.999869885689864651e-02
2.999869616594215416e-02
2.999869348559856819e-02
2.999869081577338087e-02
2.999868815637963398e-02
2.999868550731823319e-02
2.999868286849915675e-02
2.999868023981879309e-02
2.999867762118380715e-02
2.999867501249145474e-02
2.999867241363918940e-02
2.999866982452841641e-02
2.999866724505359517e-02
2.999866467510876877e-02
2.999866211458731419e-02
2.999865956338644904e-02
2.999865702139095647e-02
2.999865448849724225e-02
2.999865196459250427e-02
2.999864944956308691e-02
2.999864694329850215e-02
2.999864444568106289e-02
2.999864195659891417e-02
2.999863947593743585e-02
2.999863700357727203e-02
2.999863453939929925e-02
2.999863208328906045e-02
2.999862963512649194e-02
2.999862719478914655e-02
2.999862476215648874e-02
2.999862233711041160e-02
2.999861991952373214e-02
2.999861750927525911e-02
2.999861510624240654e-02
2.999861271030011128e-02
2.999861032131868888e-02
2.999860793918423391e-02
2.999860556375950546e-02
2.999860319492454047e-02
2.999860083255104573e-02
2.999859847650819533e-02
2.999859612667453782e-02
2.999859378291813358e-02
2.999859144511070330e-02
2.999858911312409948e-02
2.999858678683162139e-02
2.999858446610065982e-02
2.999858215080439955e-02
2.999857984081381185e-02
2.999857753599550342e-02
2.999857523622337374e-02
2.999857294137155128e-02
2.999857065130094591e-02
2.999856836588929779e-02
2.999856608500232544e-02
2.999856380851440713e-02
2.999856153629523736e-02
2.999855926821221042e-02
2.999855700413889964e-02
2.999855474394573160e-02
2.999855248750493003e-02
2.999855023468616516e-02
2.999854798536336770e-02
2.999854573940756441e-02
2.999854349668917841e-02
2.999854125708266428e-02
2.999853902046494686e-02
2.999853678670465901e-02
2.999853455567769167e-02
2.999853232726051866e-02
2.999853010132444084e-02
2.999852787774740306e-02
2.999852565640585139e-02
2.999852343717581554e-02
2.999852121993661080e-02
2.999851900456525916e-02
2.999851679094183571e-02
2.999851457894393836e-02
2.999851236845298835e-02
2.999851015935114940e-02
2.999850795151815658e-02
2.999850574483855364e-02
2.999850353919774476e-02
2.999850133447658912e-02
2.999849913056137907e-02
2.999849692734072454e-02
2.999849472470028644e-02
2.999849252252786286e-02
2.999849032071334048e-02
2.999848811914775440e-02
2.999848591772141110e-02
2.999848371632644548e-02
2.999848151485841330e-02
2.999847931320732269e-02
2.999847711127595282e-02
2.999847490895611243e-02
2.999847270614797168e-02
2.999847050274833879e-02
2.999846829866118642e-02
2.999846609378230625e-02
2.999846388802249186e-02
2.999846168128073032e-02
2.999845947346256939e-02
2.999845726447706099e-02
2.999845505423070352e-02
2.999845284263375628e-02
2.999845062959579853e-02
2.999844841502957715e-02
2.999844619884847047e-02
2.999844398096796275e-02
2.999844176130463461e-02
2.999843953977284275e-02
2.999843731629561056e-02
2.999843509079343218e-02
2.999843286318413724e-02
2.999843063339551613e-02
2.999842840135255248e-02
2.999842616697836334e-02
2.999842393020427100e-02
2.999842169095744485e-02
2.999841944916867981e-02
2.999841720477126883e-02
2.999841495770182512e-02
2.999841270789171607e-02
2.999841045528125333e-02
2.999840819980633538e-02
2.999840594140816552e-02
2.999840368002977889e-02
2.999840141561327736e-02
2.999839914810711536e-02
2.999839687745228800e-02
2.999839460360154142e-02
2.999839232650268819e-02
2.999839004610721852e-02
2.999838776236755239e-02
2.999838547524204951e-02
2.999838318468175252e-02
2.999838089064685298e-02
2.999837859309842716e-02
2.999837629199442190e-02
2.999837398730001090e-02
2.999837167897776921e-02
2.999836936699494180e-02
2.999836705131867995e-02
2.999836473191712372e-02
2.999836240876354448e-02
2.999836008182948932e-02
2.999835775108656774e-02
2.999835541651422327e-02
2.999835307808603607e-02
2.999835073578395461e-02
2.999834838958722119e-02
2.999834603947837408e-02
2.999834368543891766e-02
2.999834132745482843e-02
2.999833896551581600e-02
2.999833659960760013e-02
2.999833422972299560e-02
2.999833185584870748e-02
2.999832947798210595e-02
2.999832709611699108e-02
2.999832471024885955e-02
2.999832232037635826e-02
2.999831992649608370e-02
2.999831752861271961e-02
2.999831512672696682e-02
2.999831272084087924e-02
2.999831031096389725e-02
2.999830789709886925e-02
2.999830547925549581e-02
2.999830305744637104e-02
2.999830063167777464e-02
2.999829820196711974e-02
2.999829576832572023e-02
2.999829333076989291e-02
2.999829088931666235e-02
2.999828844398418765e-02
2.999828599479256383e-02
2.999828354176434231e-02
2.999828108491840381e-02
2.999827862428389169e-02
2.999827615988188284e-02
2.999827369174115632e-02
2.999827121988818401e-02
2.999826874435104415e-02
2.999826626516459774e-02
2.999826378235941060e-02
2.999826129596518468e-02
2.999825880601705852e-02
2.999825631255462199e-02
2.999825381561043933e-02
2.999825131522528693e-02
2.999824881143470581e-02
2.999824630428271632e-02
2.999824379380923445e-02
2.999824128005634111e-02
2.999823876307023546e-02
2.999823624289259943e-02
2.999823371957250490e-02
2.999823119315238318e-02
2.999822866368509477e-02
2.999822613121737661e-02
2.999822359580000056e-02
2.999822105748444281e-02
2.999821851632224201e-02
2.999821597236507556e-02
2.999821342567068547e-02
2.999821087629263999e-02
2.999820832428402861e-02
2.999820576970416847e-02
2.999820321261072176e-02
2.999820065306159703e-02
2.999819809111725979e-02
2.999819552683647556e-02
2.999819296028182619e-02
2.999819039151277109e-02
2.999818782059462952e-02
2.999818524758846375e-02
2.999818267256034940e-02
2.999818009557303489e-02
2.999817751669360891e-02
2.999817493598650950e-02
2.999817235352037967e-02
2.999816976936070176e-02
2.999816718357602510e-02
2.999816459623610987e-02
2.999816200740882191e-02
2.999815941716457365e-02
2.999815682557224056e-02
2.999815423270459080e-02
2.999815163863102374e-02
2.999814904342423469e-02
2.999814644715549303e-02
2.999814384989784102e-02
2.999814125172442156e-02
2.999813865270830118e-02
2.999813605292267135e-02
2.999813345244239232e-02
2.999813085133975349e-02
2.999812824969264047e-02
2.999812564757375899e-02
2.999812304505837871e-02
2.999812044222181090e-02
2.999811783914097668e-02
2.999811523588936241e-02
2.999811263254469756e-02
2.999811002918275141e-02
2.999810742587899481e-02
2.999810482271047726e-02
2.999810221975251351e-02
2.999809961708332223e-02
2.999809701477815227e-02
2.999809441291384493e-02
2.999809181156679050e-02
2.999808921081321966e-02
2.999808661072973434e-02
2.999808401139299890e-02
2.999808141287919547e-02
2.999807881526420431e-02
2.999807621862447815e-02
2.999807362303508196e-02
2.999807102857295071e-02
2.999806843531213282e-02
2.999806584332923021e-02
2.999806325269838148e-02
2.999806066349562650e-02
2.999805807579400407e-02
2.999805548966854793e-02
2.999805290519298034e-02
2.999805032244139830e-02
2.999804774148595587e-02
2.999804516239997984e-02
2.999804258525586367e-02
2.999804001012595228e-02
2.999803743708106402e-02
2.999803486619343276e-02
2.999803229753267297e-02
2.999802973116921789e-02
2.999802716717261952e-02
2.999802460561200312e-02
2.999802204655570986e-02
2.999801949007174784e-02
2.999801693622734106e-02
2.999801438508919310e-02
2.999801183672318183e-02
2.999800929119521287e-02
2.999800674856915872e-02
2.999800420890978009e-02
2.999800167227999539e-02
2.999799913874257387e-02
2.999799660835917453e-02
2.999799408119092209e-02
2.999799155729800104e-02
2.999798903673978057e-02
2.999798651957523432e-02
2.999798400586172961e-02
2.999798149565646374e-02
2.999797898901568685e-02
2.999797648599412947e-02
2.999797398664641457e-02
2.999797149102582244e-02
2.999796899918460297e-02
2.999796651117443702e-02
2.999796402704597506e-02
2.999796154684836874e-02
2.999795907063036726e-02
2.999795659843951592e-02
2.999795413032220123e-02
2.999795166632391458e-02
2.999794920648900590e-02
2.999794675086096818e-02
2.999794429948187194e-02
2.999794185239303829e-02
2.999793940963436240e-02
2.999793697124486166e-02
2.999793453726237041e-02
2.999793210772339763e-02
2.999792968266367169e-02
2.999792726211733540e-02
2.999792484611767118e-02
2.999792243469664998e-02
2.999792002788497988e-02
2.999791762571229689e-02
2.999791522820696374e-02
2.999791283539606293e-02
2.999791044730553205e-02
2.999790806396004580e-02
2.999790568538298133e-02
2.999790331159648410e-02
2.999790094262145754e-02
2.999789857847748667e-02
2.999789621918289712e-02
2.999789386475474814e-02
2.999789151520874247e-02
2.999788917055936505e-02
2.999788683081975119e-02
2.999788449600172477e-02
2.999788216611581210e-02
2.999787984117121067e-02
2.999787752117582737e-02
2.999787520613622985e-02
2.999787289605761187e-02
2.999787059094391126e-02
2.999786829079767805e-02
2.999786599562015085e-02
2.999786370541124639e-02
2.999786142016952831e-02
2.999785913989223146e-02
2.999785686457523762e-02
2.999785459421313444e-02
2.999785232879910793e-02
2.999785006832507775e-02
2.999784781278158965e-02
2.999784556215786060e-02
2.999784331644180652e-02
2.999784107561997981e-02
2.999783883967764922e-02
2.999783660859877202e-02
2.999783438236588995e-02
2.999783216096039290e-02
2.999782994436223094e-02
2.999782773255010512e-02
2.999782552550148140e-02
2.999782332319238590e-02
2.999782112559776573e-02
2.999781893269109351e-02
2.999781674444474897e-02
2.999781456082970324e-02
2.999781238181581031e-02
2.999781020737158493e-02
2.999780803746431024e-02
2.999780587206010360e-02
2.999780371112376054e-02
2.999780155461919534e-02
2.999779940250875410e-02
2.999779725475350961e-02
2.999779511131394835e-02
2.999779297214875268e-02
2.999779083721602554e-02
2.999778870647226703e-02
2.999778657987306474e-02
2.999778445737288565e-02
2.999778233892514551e-02
2.999778022448202838e-02
2.999777811399481978e-02
2.999777600741390313e-02
2.999777390468802429e-02
2.999777180576547117e-02
2.999776971059343184e-02
2.999776761911817496e-02
2.999776553128455370e-02
2.999776344703690076e-02
2.999776136631840048e-02
2.999775928907158148e-02
2.999775721523771990e-02
2.999775514475754717e-02
2.999775307757051104e-02
2.999775101361589619e-02
2.999774895283145032e-02
2.999774689515444931e-02
2.999774484052106227e-02
2.999774278886742016e-02
2.999774074012833552e-02
2.999773869423767031e-02
2.999773665112918236e-02
2.999773461073555053e-02
2.999773257298949530e-02
2.999773053782163815e-02
2.999772850516331871e-02
2.999772647494464151e-02
2.999772444709549249e-02
2.999772242154519208e-02
2.999772039822221070e-02
2.999771837705413752e-02
2.999771635796911334e-02
2.999771434089473082e-02
2.999771232575674032e-02
2.999771031248157915e-02
2.999770830099603852e-02
2.999770629122529633e-02
2.999770428309432233e-02
2.999770227652759011e-02
2.999770027145032270e-02
2.999769826778681675e-02
2.999769626546084506e-02
2.999769426439616998e-02
2.999769226451693208e-02
2.999769026574641839e-02
2.999768826800705210e-02
2.999768627122291823e-02
2.999768427531672096e-02
2.999768228021218106e-02
2.999768028583106941e-02
2.999767829209706166e-02
2.999767629893280302e-02
2.999767430626167075e-02
2.999767231400598047e-02
2.999767032208926210e-02
2.999766833043388675e-02
2.999766633896496643e-02
2.999766434760306466e-02
2.999766235627423366e-02
2.999766036490137192e-02
2.999765837340771790e-02
2.999765638171849810e-02
2.999765438975757204e-02
2.999765239745056170e-02
2.999765040472197886e-02
2.999764841149733796e-02
2.999764641770221590e-02
2.999764442326299796e-02
2.999764242810652043e-02
2.999764043215889797e-02
2.999763843534856284e-02
2.999763643760307297e-02
2.999763443885086062e-02
2.999763243902137458e-02
2.999763043804420243e-02
2.999762843584826907e-02
2.999762643236548662e-02
2.999762442752604633e-02
2.999762242126357073e-02
2.999762041350984704e-02
2.999761840419715164e-02
2.999761639326051915e-02
2.999761438063521662e-02
2.999761236625496374e-02
2.999761035005783089e-02
2.999760833197993165e-02
2.999760631195910049e-02
2.999760428993394207e-02
2.999760226584418168e-02
2.999760023963051261e-02
2.999759821123326037e-02
2.999759618059501948e-02
2.999759414765904714e-02
2.999759211236837503e-02
2.999759007466965346e-02
2.999758803450777028e-02
2.999758599182987887e-02
2.999758394658307015e-02
2.999758189871841799e-02
2.999757984818152146e-02
2.999757779492918941e-02
2.999757573890939749e-02
2.999757368007696656e-02
2.999757161838671402e-02
2.999756955379133741e-02
2.999756748625209343e-02
2.999756541572131535e-02
2.999756334216222703e-02
2.999756126553176222e-02
2.999755918579247171e-02
2.999755710290799918e-02
2.999755501684003844e-02
2.999755292755387770e-02
2.999755083501698394e-02
2.999754873919605394e-02
2.999754664005870736e-02
2.999754453757515205e-02
2.999754243171609894e-02
2.999754032245439961e-02
2.999753820976485894e-02
2.999753609362194873e-02
2.999753397400233002e-02
2.999753185088164728e-02
2.999752972424092959e-02
2.999752759405939842e-02
2.999752546031988348e-02
2.999752332300486407e-02
2.999752118209859930e-02
2.999751903758822100e-02
2.999751688945629519e-02
2.999751473769712851e-02
2.999751258229772094e-02
2.999751042324810130e-02
2.999750826054563280e-02
2.999750609417915770e-02
2.999750392414652841e-02
2.999750175044547593e-02
2.999749957307171200e-02
2.999749739202726279e-02
2.999749520731152461e-02
2.999749301892738057e-02
2.999749082688029159e-02
2.999748863117426834e-02
2.999748643181573277e-02
2.999748422881344870e-02
2.999748202217681486e-02
2.999747981191692309e-02
2.999747759804567704e-02
2.999747538057758595e-02
2.999747315952729435e-02
2.999747093491149721e-02
2.999746870674750016e-02
2.999746647505726130e-02
2.999746423986051833e-02
2.999746200117543379e-02
2.999745975903183454e-02
2.999745751345225461e-02
2.999745526446075117e-02
2.999745301208838963e-02
2.999745075636382416e-02
2.999744849731627444e-02
2.999744623497910614e-02
2.999744396938253121e-02
2.999744170056502582e-02
2.999743942856079523e-02
2.999743715340680295e-02
2.999743487514425211e-02
2.999743259380827434e-02
2.999743030944425001e-02
2.999742802209478046e-02
2.999742573180103067e-02
2.999742343861052513e-02
2.999742114256896339e-02
2.999741884372433137e-02
2.999741654212601666e-02
2.999741423782440602e-02
2.999741193086880725e-02
2.999740962131656336e-02
2.999740730921686763e-02
2.999740499462847168e-02
2.999740267760897874e-02
2.999740035821229014e-02
2.999739803649914549e-02
2.999739571252969458e-02
2.999739338636375069e-02
2.999739105806888823e-02
2.999738872770280410e-02
2.999738639533081411e-02
2.999738406102303578e-02
2.999738172484255755e-02
2.999737938686113797e-02
2.999737704714228528e-02
2.999737470576090137e-02
2.999737236278730845e-02
2.999737001829144017e-02
2.999736767235019336e-02
2.999736532503775865e-02
2.999736297642559626e-02
2.999736062659272284e-02
2.999735827561824178e-02
2.999735592357769681e-02
2.999735357055027807e-02
2.999735121662028964e-02
2.999734886186213728e-02
2.999734650636445843e-02
2.999734415020410133e-02
2.999734179346816298e-02
2.999733943624313670e-02
2.999733707860947896e-02
2.999733472065841539e-02
2.999733236247273394e-02
2.999733000414310513e-02
2.999732764575781599e-02
2.999732528740533394e-02
2.999732292917527132e-02
2.999732057116106729e-02
2.999731821345070354e-02
2.999731585613887169e-02
2.999731349931971519e-02
2.999731114308176044e-02
2.999730878752299851e-02
2.999730643273566116e-02
2.999730407882019584e-02
2.999730172586666244e-02
2.999729937397426632e-02
2.999729702323987446e-02
2.999729467376139116e-02
2.999729232563560360e-02
2.999728997896181429e-02
2.999728763383752855e-02
2.999728529036540733e-02
2.999728294864179023e-02
2.999728060876952207e-02
2.999727827084978579e-02
2.999727593498016306e-02
2.999727360126281522e-02
2.999727126979943870e-02
2.999726894069544569e-02
2.999726661404876482e-02
2.999726428996394786e-02
2.999726196854463067e-02
2.999725964989033433e-02
2.999725733410803924e-02
2.999725502129870630e-02
2.999725271156639811e-02
2.999725040501430989e-02
2.999724810174639322e-02
2.999724580186898665e-02
2.999724350548243698e-02
2.999724121269346788e-02
2.999723892360100369e-02
2.999723663831781878e-02
2.999723435693948947e-02
2.999723207957485580e-02
2.999722980632624214e-02
2.999722753729690619e-02
2.999722527259087584e-02
2.999722301231172450e-02
2.999722075656674133e-02
2.999721850545170043e-02
2.999721625907544875e-02
2.999721401754079642e-02
2.999721178094802085e-02
2.999720954939983503e-02
2.999720732300131462e-02
2.999720510185015926e-02
2.999720288605276300e-02
2.999720067570404297e-02
2.999719847090855443e-02
2.999719627176937464e-02
2.999719407838377302e-02
2.999719189084897042e-02
2.999718970926651407e-02
2.999718753373468300e-02
2.999718536435456648e-02
2.999718320121915610e-02
2.999718104442911093e-02
2.999717889407818236e-02
2.999717675026459390e-02
2.999717461308434863e-02
2.999717248263057690e-02
2.999717035899542028e-02
2.999716824227619677e-02
2.999716613256325770e-02
2.999716402994931364e-02
2.999716193452584001e-02
2.999715984638274061e-02
2.999715776561035635e-02
2.999715569229656487e-02
2.999715362653017359e-02
2.999715156839566355e-02
2.999714951798619633e-02
2.999714747537957082e-02
2.999714544066576366e-02
2.999714341392328149e-02
2.999714139523834006e-02
2.999713938469207933e-02
2.999713738236504945e-02
2.999713538833441093e-02
2.999713340268127248e-02
2.999713142548018907e-02
2.999712945681448639e-02
2.999712749674934148e-02
2.999712554536558551e-02
2.999712360273587217e-02
2.999712166892856691e-02
2.999711974401633036e-02
2.999711782806792001e-02
2.999711592115210032e-02
2.999711402333593568e-02
2.999711213468323617e-02
2.999711025526181213e-02
2.999710838512865616e-02
2.999710652435091246e-02
2.999710467298434546e-02
2.999710283108905640e-02
2.999710099872605895e-02
2.999709917594762382e-02
2.999709736280770089e-02
2.999709555936464975e-02
2.999709376566325747e-02
2.999709198175791805e-02
2.999709020769639189e-02
2.999708844352805270e-02
2.999708668929466221e-02
2.999708494504380041e-02
2.999708321081426959e-02
2.999708148665029828e-02
2.999707977258833994e-02
2.999707806866833831e-02
2.999707637492722567e-02
2.999707469139886035e-02
2.999707301811061280e-02
2.999707135509827038e-02
2.999706970239478937e-02
2.999706806002224585e-02
2.999706642801045972e-02
2.999706480638116360e-02
2.999706319515669378e-02
2.999706159436041353e-02
2.999706000400534367e-02
2.999705842411584319e-02
2.999705685470550887e-02
2.999705529578681334e-02
2.999705374737000538e-02
2.999705220946923684e-02
2.999705068208978823e-02
2.999704916523829659e-02
2.999704765892094102e-02
2.999704616314043809e-02
2.999704467789517798e-02
2.999704320318408168e-02
2.999704173900643797e-02
2.999704028535893699e-02
2.999703884222921363e-02
2.999703740961421478e-02
2.999703598750333433e-02
2.999703457588042202e-02
2.999703317473297048e-02
2.999703178404529089e-02
2.999703040380077151e-02
2.999702903397528583e-02
2.999702767455311725e-02
2.999702632550414402e-02
2.999702498680752172e-02
2.999702365843314594e-02
2.999702234034971188e-02
2.999702103253088989e-02
2.999701973493789156e-02
2.999701844753953697e-02
2.999701717029408521e-02
2.999701590317334701e-02
2.999701464611639196e-02
2.999701339910137640e-02
2.999701216206604806e-02
2.999701093498094093e-02
2.999700971778260228e-02
2.999700851043007530e-02
2.999700731286344263e-02
2.999700612502840050e-02
2.999700494687749380e-02
2.999700377835188420e-02
2.999700261937795348e-02
2.999700146991257990e-02
2.999700032987719436e-02
2.999699919921287525e-02
2.999699807785514982e-02
2.999699696572735025e-02
2.999699586276429603e-02
2.999699476889482880e-02
2.999699368403783983e-02
2.999699260812558818e-02
2.999699154107348525e-02
2.999699048280735775e-02
2.999698943323807210e-02
2.999698839229025804e-02
2.999698735987741532e-02
2.999698633590426253e-02
2.999698532030018253e-02
2.999698431296148743e-02
2.999698331380372743e-02
2.999698232273124987e-02
2.999698133964731617e-02
2.999698036446091232e-02
2.999697939706709102e-02
2.999697843737628503e-02
2.999697748527940105e-02
2.999697654067809416e-02
2.999697560347034872e-02
2.999697467354944802e-02
2.999697375080534814e-02
2.999697283513674817e-02
2.999697192642801838e-02
2.999697102457249409e-02
2.999697012945530886e-02
2.999696924096191888e-02
2.999696835898520153e-02
2.999696748340575925e-02
2.999696661410025320e-02
2.999696575095928824e-02
2.999696489385301687e-02
2.999696404266733243e-02
2.999696319728585581e-02
2.999696235757219262e-02
2.999696152341384953e-02
2.999696069467977858e-02
2.999695987124488886e-02
2.999695905298449192e-02
2.999695823976580855e-02
2.999695743146137822e-02
2.999695662794336568e-02
2.999695582907748598e-02
2.999695503473501224e-02
2.999695424478061173e-02
2.999695345908126240e-02
2.999695267750634303e-02
2.999695189992434077e-02
2.999695112618222179e-02
2.999695035615685540e-02
2.999694958971189929e-02
2.999694882670782964e-02
2.999694806699860702e-02
2.999694731045970605e-02
2.999694655694256154e-02
2.999694580630744151e-02
2.999694505841592890e-02
2.999694431312522475e-02
2.999694357030165473e-02
2.999694282979713938e-02
2.999694209146491417e-02
2.999694135517416704e-02
2.999694062076957782e-02
2.999693988811997364e-02
2.999693915708159797e-02
