2.999935791499669380e-02
2.999935791499478213e-02
2.999935791499643706e-02
2.999935791499303006e-02
2.999935791499388701e-02
2.999935791499375171e-02
2.999935791499228760e-02
2.999935791499489662e-02
2.999935791498877652e-02
2.999935791498729507e-02
2.999935791499033083e-02
2.999935791499080961e-02
2.999935791499105595e-02
2.999935791499131615e-02
2.999935791499157983e-02
2.999935791499391477e-02
2.999935791498746507e-02
2.999935791499325211e-02
2.999935791498947041e-02
2.999935791498662893e-02
2.999935791499173596e-02
2.999935791499314455e-02
2.999935791499564602e-02
2.999935791499132309e-02
2.999935791499377252e-02
2.999935791499146534e-02
2.999935791498990756e-02
2.999935791499007409e-02
2.999935791498953286e-02
2.999935791498651444e-02
2.999935791499059104e-02
2.999935791498807916e-02
2.999935791498797161e-02
2.999935791499080961e-02
2.999935791498674689e-02
2.999935791498820753e-02
2.999935791498703486e-02
2.999935791498800977e-02
2.999935791499241944e-02
2.999935791498926224e-02
2.999935791498623341e-02
2.999935791499238821e-02
2.999935791499376211e-02
2.999935791498963694e-02
2.999935791499282536e-02
2.999935791499265536e-02
2.999935791499056328e-02
2.999935791499387661e-02
2.999935791499050430e-02
2.999935791499181922e-02
2.999935791499018858e-02
2.999935791499362681e-02
2.999935791499391130e-02
2.999935791498927612e-02
2.999935791499511173e-02
2.999935791499477866e-02
2.999935791499143412e-02
2.999935791499186433e-02
2.999935791499082349e-02
2.999935791499253740e-02
2.999935791498844692e-02
2.999935791498919285e-02
2.999935791498834631e-02
2.999935791499255822e-02
2.999935791498977919e-02
2.999935791498718057e-02
2.999935791499067778e-02
2.999935791498352378e-02
2.999935791499020593e-02
2.999935791498798202e-02
2.999935791498896734e-02
2.999935791498872101e-02
2.999935791498676771e-02
2.999935791498474849e-02
2.999935791499047655e-02
2.999935791498991450e-02
2.999935791498927959e-02
2.999935791498922755e-02
2.999935791498988674e-02
2.999935791498801324e-02
2.999935791499699217e-02
2.999935791499197535e-02
2.999935791499201698e-02
2.999935791498792997e-02
2.999935791499330068e-02
2.999935791499497989e-02
2.999935791499263454e-02
2.999935791499284618e-02
2.999935791499101778e-02
2.999935791499271087e-02
2.999935791499360252e-02
2.999935791499178106e-02
2.999935791499199270e-02
2.999935791499120513e-02
2.999935791499322435e-02
2.999935791499527826e-02
2.999935791499268659e-02
2.999935791499224597e-02
2.999935791499290516e-02
2.999935791499291557e-02
2.999935791499463295e-02
2.999935791499513255e-02
2.999935791499402926e-02
2.999935791499516030e-02
2.999935791499471968e-02
2.999935791499291210e-02
2.999935791499359211e-02
2.999935791499388354e-02
2.999935791499588889e-02
2.999935791499358517e-02
2.999935791499416110e-02
2.999935791499196147e-02
2.999935791499469540e-02
2.999935791499526785e-02
2.999935791499318966e-02
2.999935791499156942e-02
2.999935791499293986e-02
2.999935791499192678e-02
2.999935791499266230e-02
2.999935791499359211e-02
2.999935791499102125e-02
2.999935791499239862e-02
2.999935791499034471e-02
2.999935791499231535e-02
2.999935791499214882e-02
2.999935791499132309e-02
2.999935791499507703e-02
2.999935791499401191e-02
2.999935791499669380e-02
2.999935791499502846e-02
2.999935791499810586e-02
2.999935791499662441e-02
2.999935791499795668e-02
2.999935791499918833e-02
2.999935791500245655e-02
2.999935791500149898e-02
2.999935791500298043e-02
2.999935791500222410e-02
2.999935791500346616e-02
2.999935791500183552e-02
2.999935791500353555e-02
2.999935791500392065e-02
2.999935791500342799e-02
2.999935791500023957e-02
2.999935791500318513e-02
2.999935791499901139e-02
2.999935791499949711e-02
2.999935791499974691e-02
2.999935791499816831e-02
2.999935791499841811e-02
2.999935791499846321e-02
2.999935791499836607e-02
2.999935791499688462e-02
2.999935791499850138e-02
2.999935791499739116e-02
2.999935791499912935e-02
2.999935791499649604e-02
2.999935791499696788e-02
2.999935791499741891e-02
2.999935791499768953e-02
2.999935791499715870e-02
2.999935791499951099e-02
2.999935791500142612e-02
2.999935791499997242e-02
2.999935791500105836e-02
2.999935791500052754e-02
2.999935791500166898e-02
2.999935791500483312e-02
2.999935791500450005e-02
2.999935791500332391e-02
2.999935791500402127e-02
2.999935791500112081e-02
2.999935791500257451e-02
2.999935791500446883e-02
2.999935791500841359e-02
2.999935791500768847e-02
2.999935791500989157e-02
2.999935791500914217e-02
2.999935791501086996e-02
2.999935791500716459e-02
2.999935791501024546e-02
2.999935791501302101e-02
2.999935791501045362e-02
2.999935791500863216e-02
2.999935791501023505e-02
2.999935791500466659e-02
2.999935791500306370e-02
2.999935791500631110e-02
2.999935791500668580e-02
2.999935791500712295e-02
2.999935791500982218e-02
2.999935791500962096e-02
2.999935791501043975e-02
2.999935791500982912e-02
2.999935791501057852e-02
2.999935791501076587e-02
2.999935791501365245e-02
2.999935791501514085e-02
2.999935791501746191e-02
2.999935791501771171e-02
2.999935791501114057e-02
2.999935791501140425e-02
2.999935791500853849e-02
2.999935791500774052e-02
2.999935791500703275e-02
2.999935791500694948e-02
2.999935791500848992e-02
2.999935791500615151e-02
2.999935791500727561e-02
2.999935791500364657e-02
2.999935791500387555e-02
2.999935791500343146e-02
2.999935791500457638e-02
2.999935791500429189e-02
2.999935791500662335e-02
2.999935791500628682e-02
2.999935791500739357e-02
2.999935791500339330e-02
2.999935791500524598e-02
2.999935791499484111e-02
2.999935791499649951e-02
2.999935791500265431e-02
2.999935791500600579e-02
2.999935791500621049e-02
2.999935791500616539e-02
2.999935791500672397e-02
2.999935791500664417e-02
2.999935791500588089e-02
2.999935791500608906e-02
2.999935791500666499e-02
2.999935791500632498e-02
2.999935791500626947e-02
2.999935791500646723e-02
2.999935791500502741e-02
2.999935791500489557e-02
2.999935791500575946e-02
2.999935791500470128e-02
2.999935791500420862e-02
2.999935791500570048e-02
2.999935791500395535e-02
2.999935791500469781e-02
2.999935791500680723e-02
2.999935791500496496e-02
2.999935791500542293e-02
2.999935791500857318e-02
2.999935791500720622e-02
2.999935791500695295e-02
2.999935791500663723e-02
2.999935791500802154e-02
2.999935791500647764e-02
2.999935791500747684e-02
2.999935791500907625e-02
2.999935791500856971e-02
2.999935791500620355e-02
2.999935791500512108e-02
2.999935791499847362e-02
2.999935791499996202e-02
2.999935791499969834e-02
2.999935791499726626e-02
2.999935791500099591e-02
2.999935791499917792e-02
2.999935791499885873e-02
2.999935791499986487e-02
2.999935791499989263e-02
2.999935791499871995e-02
2.999935791499974691e-02
2.999935791499968099e-02
2.999935791499800178e-02
2.999935791499535806e-02
2.999935791499570847e-02
2.999935791499604154e-02
2.999935791499602766e-02
2.999935791499616297e-02
2.999935791499472662e-02
2.999935791499786647e-02
2.999935791499626012e-02
2.999935791499652032e-02
2.999935791499704074e-02
2.999935791499843893e-02
2.999935791499721768e-02
2.999935791499843199e-02
2.999935791499475785e-02
2.999935791499590970e-02
2.999935791499668339e-02
2.999935791499629828e-02
2.999935791499607970e-02
2.999935791499493132e-02
2.999935791499429988e-02
2.999935791499615950e-02
2.999935791499663829e-02
2.999935791499789423e-02
2.999935791499694360e-02
2.999935791499715523e-02
2.999935791499684992e-02
2.999935791499638849e-02
2.999935791499709278e-02
2.999935791499680135e-02
2.999935791499543786e-02
2.999935791499460866e-02
2.999935791499394946e-02
2.999935791499420273e-02
2.999935791499392518e-02
2.999935791499384538e-02
2.999935791499472315e-02
2.999935791499468499e-02
2.999935791499695054e-02
2.999935791499670074e-02
2.999935791499512561e-02
2.999935791499439702e-02
2.999935791499449417e-02
2.999935791499477172e-02
2.999935791499492091e-02
2.999935791499299884e-02
2.999935791499340823e-02
2.999935791499468152e-02
2.999935791499213147e-02
2.999935791499438315e-02
2.999935791499510826e-02
2.999935791499385579e-02
2.999935791499438315e-02
2.999935791499575011e-02
2.999935791499493479e-02
2.999935791499433457e-02
2.999935791499451151e-02
2.999935791499442478e-02
2.999935791499515336e-02
2.999935791499264495e-02
2.999935791499327639e-02
2.999935791499306476e-02
2.999935791499129187e-02
2.999935791499213841e-02
2.999935791499267965e-02
2.999935791499209331e-02
2.999935791499361987e-02
2.999935791499207943e-02
2.999935791499261373e-02
2.999935791499421661e-02
2.999935791499263801e-02
2.999935791499248189e-02
2.999935791499173943e-02
2.999935791499282883e-02
2.999935791499263454e-02
2.999935791499300577e-02
2.999935791499067431e-02
2.999935791499151391e-02
2.999935791499169085e-02
2.999935791498938714e-02
2.999935791498911306e-02
2.999935791499095880e-02
2.999935791498977225e-02
2.999935791499023369e-02
2.999935791498841570e-02
2.999935791498830814e-02
2.999935791498790916e-02
2.999935791498803753e-02
2.999935791498872448e-02
2.999935791498886672e-02
2.999935791498919285e-02
2.999935791498974103e-02
2.999935791498897775e-02
2.999935791499161453e-02
2.999935791499267271e-02
2.999935791499235699e-02
2.999935791499210025e-02
2.999935791499316190e-02
2.999935791499316190e-02
2.999935791499447335e-02
2.999935791499274557e-02
2.999935791499255128e-02
2.999935791499266924e-02
2.999935791499025103e-02
2.999935791498745813e-02
2.999935791499035512e-02
2.999935791498616056e-02
2.999935791498943918e-02
2.999935791498948082e-02
2.999935791499133003e-02
2.999935791499183310e-02
2.999935791499204127e-02
2.999935791499220433e-02
2.999935791499103860e-02
2.999935791499086513e-02
2.999935791499080615e-02
2.999935791499248189e-02
2.999935791499209331e-02
2.999935791499244719e-02
2.999935791499354354e-02
2.999935791499357823e-02
2.999935791499282189e-02
2.999935791499370313e-02
2.999935791499352272e-02
2.999935791499307169e-02
2.999935791499278026e-02
2.999935791499315843e-02
2.999935791499229801e-02
2.999935791499302312e-02
2.999935791499273169e-02
2.999935791499162147e-02
2.999935791498929694e-02
2.999935791498942184e-02
2.999935791498986593e-02
2.999935791498904020e-02
2.999935791499076798e-02
2.999935791499040716e-02
2.999935791499104901e-02
2.999935791499028920e-02
2.999935791499013307e-02
2.999935791499014348e-02
2.999935791498854754e-02
2.999935791498902632e-02
2.999935791498913040e-02
2.999935791498606341e-02
2.999935791498420379e-02
2.999935791498533483e-02
2.999935791498462012e-02
2.999935791498483176e-02
2.999935791498463400e-02
2.999935791498369031e-02
2.999935791498365215e-02
2.999935791498264254e-02
2.999935791498191048e-02
2.999935791498126170e-02
2.999935791498349602e-02
2.999935791498148721e-02
2.999935791498052270e-02
2.999935791498100149e-02
2.999935791498131721e-02
2.999935791498136231e-02
2.999935791498067883e-02
2.999935791498078985e-02
2.999935791498207702e-02
2.999935791498220886e-02
2.999935791498116455e-02
2.999935791497912105e-02
2.999935791498270846e-02
2.999935791498636178e-02
2.999935791498567483e-02
2.999935791498493584e-02
2.999935791498573034e-02
2.999935791498553952e-02
2.999935791498550136e-02
2.999935791498689955e-02
2.999935791498724996e-02
2.999935791498704180e-02
2.999935791498592463e-02
2.999935791498588994e-02
2.999935791498613974e-02
2.999935791498381521e-02
2.999935791498483523e-02
2.999935791498566789e-02
2.999935791498526544e-02
2.999935791498537646e-02
2.999935791498638607e-02
2.999935791498655954e-02
2.999935791498642423e-02
2.999935791498718404e-02
2.999935791498520646e-02
2.999935791498512666e-02
2.999935791498579626e-02
2.999935791498552912e-02
2.999935791498698628e-02
2.999935791498672261e-02
2.999935791498655260e-02
2.999935791498718404e-02
2.999935791498685791e-02
2.999935791498676077e-02
2.999935791498686832e-02
2.999935791498653526e-02
2.999935791498666710e-02
2.999935791498760732e-02
2.999935791498735058e-02
2.999935791498666016e-02
2.999935791498494972e-02
2.999935791498437032e-02
2.999935791498430440e-02
2.999935791498457155e-02
2.999935791498507115e-02
2.999935791498490462e-02
2.999935791498465829e-02
2.999935791498443624e-02
2.999935791498596974e-02
2.999935791498591076e-02
2.999935791498478319e-02
2.999935791498542850e-02
2.999935791498511278e-02
2.999935791498634444e-02
2.999935791498554646e-02
2.999935791498603219e-02
2.999935791498567136e-02
2.999935791498599402e-02
2.999935791498498788e-02
2.999935791498489768e-02
2.999935791498494625e-02
2.999935791498468257e-02
2.999935791498520299e-02
2.999935791498510237e-02
2.999935791498628893e-02
2.999935791498565055e-02
2.999935791498571300e-02
2.999935791498610158e-02
2.999935791498525850e-02
2.999935791498571994e-02
2.999935791498587259e-02
2.999935791498586565e-02
2.999935791498563320e-02
2.999935791498522727e-02
2.999935791498576157e-02
2.999935791498531748e-02
2.999935791498576504e-02
2.999935791498566789e-02
2.999935791498612933e-02
2.999935791498565402e-02
2.999935791498606688e-02
2.999935791498525156e-02
2.999935791498526891e-02
2.999935791498518911e-02
2.999935791498490809e-02
2.999935791498499482e-02
2.999935791498450563e-02
2.999935791498518217e-02
2.999935791498411705e-02
2.999935791498297213e-02
2.999935791498547707e-02
2.999935791498360704e-02
2.999935791498386725e-02
2.999935791498492196e-02
2.999935791498458890e-02
2.999935791498392970e-02
2.999935791498349949e-02
2.999935791498281948e-02
2.999935791498280907e-02
2.999935791498284376e-02
2.999935791498294438e-02
2.999935791498288193e-02
2.999935791498260784e-02
2.999935791498240314e-02
2.999935791498201804e-02
2.999935791498201804e-02
2.999935791498329479e-02
2.999935791498335724e-02
2.999935791498233029e-02
2.999935791498307969e-02
2.999935791498231988e-02
2.999935791498331214e-02
2.999935791498061638e-02
2.999935791498149415e-02
2.999935791498102231e-02
2.999935791497979759e-02
2.999935791497938473e-02
2.999935791498000229e-02
2.999935791497932228e-02
2.999935791498071352e-02
2.999935791498052617e-02
2.999935791498032148e-02
2.999935791498003004e-02
2.999935791498132415e-02
2.999935791498010984e-02
2.999935791498052617e-02
2.999935791498075863e-02
2.999935791498051924e-02
2.999935791498143170e-02
2.999935791498024168e-02
2.999935791498191395e-02
2.999935791498129639e-02
2.999935791498114721e-02
2.999935791498051924e-02
2.999935791498189314e-02
2.999935791498184109e-02
2.999935791498213253e-02
2.999935791498298948e-02
2.999935791498257315e-02
2.999935791498237886e-02
2.999935791498358970e-02
2.999935791498378052e-02
2.999935791498485604e-02
2.999935791498633403e-02
2.999935791498281601e-02
2.999935791498138660e-02
2.999935791497952003e-02
2.999935791497979065e-02
2.999935791497850002e-02
2.999935791497859716e-02
2.999935791497779225e-02
2.999935791497757021e-02
2.999935791497692489e-02
2.999935791497707060e-02
2.999935791497730653e-02
2.999935791497602977e-02
2.999935791497504792e-02
2.999935791497477383e-02
2.999935791497499241e-02
2.999935791497479465e-02
2.999935791497608875e-02
2.999935791497491608e-02
2.999935791497332360e-02
2.999935791497321258e-02
2.999935791497379545e-02
2.999935791497375381e-02
2.999935791497378157e-02
2.999935791497339993e-02
2.999935791497250481e-02
2.999935791497285870e-02
2.999935791497277890e-02
2.999935791497321258e-02
2.999935791497269910e-02
2.999935791497234522e-02
2.999935791497274074e-02
2.999935791497291421e-02
2.999935791496899720e-02
2.999935791496922965e-02
2.999935791496770657e-02
2.999935791496391446e-02
2.999935791496019521e-02
2.999935791496103829e-02
2.999935791495840151e-02
2.999935791495825926e-02
2.999935791495793314e-02
2.999935791495985521e-02
2.999935791496007725e-02
2.999935791496147544e-02
2.999935791496157952e-02
2.999935791496271750e-02
2.999935791496272791e-02
2.999935791496328996e-02
2.999935791496325527e-02
2.999935791496403242e-02
2.999935791496390058e-02
2.999935791496225954e-02
2.999935791496198545e-02
2.999935791496270016e-02
2.999935791496294996e-02
2.999935791496288751e-02
2.999935791496352241e-02
2.999935791496478182e-02
2.999935791496281118e-02
2.999935791496439325e-02
2.999935791496597531e-02
2.999935791496749493e-02
2.999935791496598225e-02
2.999935791496508714e-02
2.999935791496601001e-02
2.999935791496572551e-02
2.999935791496514959e-02
2.999935791496578449e-02
2.999935791496526061e-02
2.999935791496461529e-02
2.999935791496571511e-02
2.999935791496440712e-02
2.999935791496528836e-02
2.999935791496529530e-02
2.999935791496281118e-02
2.999935791496199933e-02
2.999935791496211035e-02
2.999935791496051787e-02
2.999935791496132279e-02
2.999935791496027154e-02
2.999935791496088910e-02
2.999935791496250587e-02
2.999935791496234627e-02
2.999935791496198892e-02
2.999935791496299506e-02
2.999935791496152748e-02
2.999935791496183279e-02
2.999935791496086829e-02
2.999935791496020215e-02
2.999935791495851600e-02
2.999935791495916479e-02
2.999935791495817253e-02
2.999935791495740578e-02
2.999935791496046236e-02
2.999935791495963316e-02
2.999935791496121523e-02
2.999935791495996276e-02
2.999935791495989337e-02
2.999935791496040685e-02
2.999935791495999399e-02
2.999935791495855070e-02
2.999935791496052134e-02
2.999935791496014664e-02
2.999935791495959847e-02
2.999935791495987256e-02
2.999935791496023338e-02
2.999935791496042073e-02
2.999935791496172177e-02
2.999935791496073298e-02
2.999935791496127074e-02
2.999935791496173912e-02
2.999935791495969561e-02
2.999935791496134013e-02
2.999935791496129156e-02
2.999935791496247811e-02
2.999935791496161075e-02
2.999935791496263077e-02
2.999935791496111115e-02
2.999935791496212076e-02
2.999935791496147197e-02
2.999935791496183973e-02
2.999935791496194382e-02
2.999935791496249546e-02
2.999935791496441406e-02
2.999935791496484427e-02
2.999935791496465345e-02
2.999935791496446957e-02
2.999935791496485121e-02
2.999935791496455978e-02
2.999935791496240178e-02
2.999935791496270363e-02
2.999935791496218321e-02
2.999935791496237403e-02
2.999935791496191606e-02
2.999935791496144075e-02
2.999935791496106605e-02
2.999935791496350160e-02
2.999935791496232199e-02
2.999935791496392834e-02
2.999935791496147544e-02
2.999935791496185708e-02
2.999935791496171830e-02
2.999935791496183279e-02
2.999935791496246076e-02
2.999935791496228382e-02
2.999935791496182239e-02
2.999935791496228035e-02
2.999935791496167667e-02
2.999935791496365425e-02
2.999935791496339405e-02
2.999935791496395263e-02
2.999935791496362997e-02
2.999935791496439672e-02
2.999935791496285281e-02
2.999935791496202014e-02
2.999935791496481652e-02
2.999935791496355364e-02
2.999935791496456325e-02
2.999935791496355364e-02
2.999935791496406712e-02
2.999935791496156912e-02
2.999935791496303669e-02
2.999935791496513571e-02
2.999935791496533694e-02
2.999935791496468121e-02
2.999935791496489632e-02
2.999935791496518775e-02
2.999935791496287016e-02
2.999935791496242607e-02
2.999935791496199933e-02
2.999935791496338017e-02
2.999935791496451815e-02
2.999935791495972684e-02
2.999935791496073645e-02
2.999935791496080584e-02
2.999935791496247117e-02
2.999935791496181198e-02
2.999935791496014317e-02
2.999935791496075033e-02
2.999935791495979970e-02
2.999935791496042420e-02
2.999935791496020909e-02
2.999935791495866172e-02
2.999935791495814824e-02
2.999935791495840498e-02
2.999935791496170789e-02
2.999935791495864437e-02
2.999935791495125792e-02
2.999935791494950238e-02
2.999935791494962034e-02
2.999935791495056750e-02
2.999935791494937054e-02
2.999935791494619947e-02
2.999935791494676152e-02
2.999935791494814236e-02
2.999935791494706683e-02
2.999935791494805909e-02
2.999935791494782317e-02
2.999935791494958218e-02
2.999935791495012688e-02
2.999935791495108445e-02
2.999935791494719173e-02
2.999935791494709458e-02
2.999935791494852746e-02
2.999935791495206977e-02
2.999935791494965504e-02
2.999935791494939136e-02
2.999935791494764276e-02
2.999935791494849624e-02
2.999935791494811460e-02
2.999935791494952320e-02
2.999935791494762888e-02
2.999935791494916584e-02
2.999935791494724377e-02
2.999935791494546741e-02
2.999935791494636600e-02
2.999935791494851012e-02
2.999935791495082771e-02
2.999935791494853787e-02
2.999935791494761500e-02
2.999935791494590109e-02
2.999935791494137693e-02
2.999935791495554616e-02
2.999935791495280529e-02
2.999935791494757337e-02
2.999935791494558190e-02
2.999935791494546394e-02
2.999935791494320186e-02
2.999935791494123816e-02
2.999935791494133183e-02
2.999935791494145673e-02
2.999935791494048182e-02
2.999935791494197021e-02
2.999935791494361126e-02
2.999935791494413515e-02
2.999935791494028753e-02
2.999935791493738013e-02
2.999935791494190429e-02
2.999935791494228593e-02
2.999935791494505455e-02
2.999935791494540149e-02
2.999935791494116877e-02
2.999935791495007484e-02
2.999935791495011994e-02
2.999935791494994647e-02
2.999935791495211834e-02
2.999935791495296489e-02
2.999935791495298570e-02
2.999935791495374204e-02
2.999935791495543860e-02
2.999935791495685761e-02
2.999935791495612902e-02
2.999935791495462328e-02
2.999935791495679516e-02
2.999935791495733639e-02
2.999935791495478982e-02
2.999935791495565024e-02
2.999935791495611515e-02
2.999935791495855417e-02
2.999935791495461981e-02
2.999935791495439777e-02
2.999935791495109139e-02
2.999935791495180956e-02
2.999935791495478288e-02
2.999935791495297530e-02
2.999935791495352000e-02
2.999935791495497023e-02
2.999935791495429022e-02
2.999935791495584453e-02
2.999935791495563983e-02
2.999935791495633719e-02
2.999935791495753068e-02
2.999935791495998011e-02
2.999935791496092033e-02
2.999935791495950826e-02
2.999935791495746476e-02
2.999935791495363102e-02
2.999935791495715598e-02
2.999935791495439083e-02
2.999935791495594514e-02
2.999935791496098625e-02
2.999935791496185361e-02
2.999935791496117360e-02
2.999935791496188137e-02
2.999935791496315812e-02
2.999935791496211729e-02
2.999935791496158993e-02
2.999935791496323792e-02
2.999935791496289098e-02
2.999935791496483733e-02
2.999935791496341486e-02
2.999935791496551388e-02
2.999935791496199933e-02
2.999935791496409487e-02
2.999935791496315118e-02
2.999935791496347731e-02
2.999935791496346690e-02
2.999935791496510448e-02
2.999935791496476101e-02
2.999935791496573245e-02
2.999935791496530918e-02
2.999935791496487897e-02
2.999935791496355017e-02
2.999935791496533347e-02
2.999935791496433427e-02
2.999935791496596491e-02
2.999935791496784188e-02
2.999935791496450774e-02
2.999935791496598572e-02
2.999935791496052828e-02
2.999935791496170789e-02
2.999935791496270016e-02
2.999935791496038257e-02
2.999935791496083359e-02
2.999935791496153789e-02
2.999935791495986215e-02
2.999935791496018828e-02
2.999935791496056645e-02
2.999935791496062543e-02
2.999935791496290138e-02
2.999935791495877621e-02
2.999935791496204096e-02
2.999935791496021950e-02
2.999935791496040338e-02
2.999935791495883172e-02
2.999935791495903642e-02
2.999935791495962623e-02
2.999935791496132279e-02
2.999935791495858192e-02
2.999935791496333853e-02
2.999935791496137483e-02
2.999935791496112503e-02
2.999935791496137136e-02
2.999935791495949092e-02
2.999935791496198545e-02
2.999935791496090645e-02
2.999935791496118054e-02
2.999935791496061155e-02
2.999935791495996970e-02
2.999935791496123605e-02
2.999935791495738149e-02
2.999935791495926540e-02
2.999935791495930357e-02
2.999935791496429263e-02
2.999935791495728088e-02
2.999935791496238791e-02
2.999935791496306792e-02
2.999935791495831131e-02
2.999935791496093074e-02
2.999935791496192647e-02
2.999935791496509407e-02
2.999935791495902948e-02
2.999935791496154830e-02
2.999935791496192994e-02
2.999935791495860274e-02
2.999935791495854723e-02
2.999935791496226994e-02
2.999935791495950133e-02
2.999935791496200974e-02
2.999935791496258566e-02
2.999935791496318588e-02
2.999935791495897050e-02
2.999935791496050747e-02
2.999935791496060461e-02
2.999935791495998705e-02
2.999935791495909193e-02
2.999935791495993154e-02
2.999935791495853682e-02
2.999935791495901560e-02
2.999935791496022297e-02
2.999935791496327608e-02
2.999935791495919601e-02
2.999935791496086482e-02
2.999935791496276954e-02
2.999935791496063237e-02
2.999935791495680903e-02
2.999935791496300894e-02
2.999935791496644369e-02
2.999935791496677329e-02
2.999935791497022192e-02
2.999935791496999293e-02
2.999935791497180398e-02
2.999935791497077009e-02
2.999935791497124887e-02
2.999935791496988885e-02
2.999935791497126622e-02
2.999935791496990273e-02
2.999935791497158888e-02
2.999935791497061049e-02
2.999935791497038151e-02
2.999935791497158888e-02
2.999935791497388912e-02
2.999935791497215440e-02
2.999935791497592569e-02
2.999935791497295237e-02
2.999935791497038845e-02
2.999935791497437831e-02
2.999935791497374341e-02
2.999935791497550241e-02
2.999935791497408341e-02
2.999935791497217175e-02
2.999935791496819229e-02
2.999935791497367402e-02
2.999935791497138765e-02
2.999935791496956966e-02
2.999935791496607940e-02
2.999935791497345544e-02
2.999935791497048559e-02
2.999935791496805351e-02
2.999935791497044049e-02
2.999935791497002069e-02
2.999935791496944476e-02
2.999935791496827903e-02
2.999935791497036416e-02
2.999935791496705431e-02
2.999935791496596491e-02
2.999935791496554510e-02
2.999935791497369483e-02
2.999935791496619389e-02
2.999935791497126622e-02
2.999935791496801188e-02
2.999935791496722778e-02
