time H
0.000000000000000000e+00 2.999935798369280857e-02
1.000000000000000021e-02 2.999935762662910357e-02
2.000000000000000042e-02 2.999935730673128353e-02
2.999999999999999889e-02 2.999935702413899369e-02
4.000000000000000083e-02 2.999935678658252960e-02
5.000000000000000278e-02 2.999935659192668261e-02
5.999999999999999778e-02 2.999935643826511997e-02
7.000000000000000666e-02 2.999935632613610209e-02
8.000000000000000167e-02 2.999935624984157237e-02
8.999999999999999667e-02 2.999935620663888788e-02
1.000000000000000056e-01 2.999935620144172227e-02
1.100000000000000006e-01 2.999935621971406077e-02
1.199999999999999956e-01 2.999935626468151414e-02
1.300000000000000044e-01 2.999935632880803074e-02
1.400000000000000133e-01 2.999935640398822267e-02
1.499999999999999944e-01 2.999935649550757727e-02
1.600000000000000033e-01 2.999935659626934772e-02
1.700000000000000122e-01 2.999935670197765442e-02
1.799999999999999933e-01 2.999935681329858259e-02
1.900000000000000022e-01 2.999935692893457642e-02
2.000000000000000111e-01 2.999935704080292087e-02
2.099999999999999922e-01 2.999935715315734178e-02
2.200000000000000011e-01 2.999935726361750016e-02
2.300000000000000100e-01 2.999935736747236237e-02
2.399999999999999911e-01 2.999935746763168071e-02
2.500000000000000000e-01 2.999935756588081870e-02
2.600000000000000089e-01 2.999935765799850718e-02
2.700000000000000178e-01 2.999935774392816640e-02
2.800000000000000266e-01 2.999935782568801529e-02
2.899999999999999800e-01 2.999935790371045449e-02
2.999999999999999889e-01 2.999935797573402563e-02
3.099999999999999978e-01 2.999935804171473611e-02
3.200000000000000067e-01 2.999935810462750832e-02
3.300000000000000155e-01 2.999935816319623805e-02
3.400000000000000244e-01 2.999935821786468490e-02
3.500000000000000333e-01 2.999935826873345243e-02
3.599999999999999867e-01 2.999935831541649875e-02
3.699999999999999956e-01 2.999935835963915901e-02
3.800000000000000044e-01 2.999935839706506166e-02
3.900000000000000133e-01 2.999935843054284471e-02
4.000000000000000222e-01 2.999935845971368059e-02
4.100000000000000311e-01 2.999935848285900999e-02
4.199999999999999845e-01 2.999935850080133470e-02
4.299999999999999933e-01 2.999935851123946423e-02
4.400000000000000022e-01 2.999935851679173121e-02
4.500000000000000111e-01 2.999935851594537004e-02
4.600000000000000200e-01 2.999935850884746097e-02
4.700000000000000289e-01 2.999935849449935493e-02
4.799999999999999822e-01 2.999935847533374139e-02
4.899999999999999911e-01 2.999935844828956893e-02
5.000000000000000000e-01 2.999935841305577736e-02
5.100000000000000089e-01 2.999935836839344103e-02
5.200000000000000178e-01 2.999935831783802354e-02
5.300000000000000266e-01 2.999935826029385619e-02
5.400000000000000355e-01 2.999935819744876941e-02
5.500000000000000444e-01 2.999935812650597611e-02
5.600000000000000533e-01 2.999935805246575077e-02
5.700000000000000622e-01 2.999935797545494331e-02
5.799999999999999600e-01 2.999935789468326230e-02
5.899999999999999689e-01 2.999935781195328666e-02
5.999999999999999778e-01 2.999935772781849377e-02
6.099999999999999867e-01 2.999935764311740388e-02
6.199999999999999956e-01 2.999935755587401776e-02
6.300000000000000044e-01 2.999935747084693863e-02
6.400000000000000133e-01 2.999935738851813860e-02
6.500000000000000222e-01 2.999935730496863101e-02
6.600000000000000311e-01 2.999935722558549900e-02
6.700000000000000400e-01 2.999935714919091043e-02
6.800000000000000488e-01 2.999935707403506707e-02
6.900000000000000577e-01 2.999935700059020577e-02
7.000000000000000666e-01 2.999935693211142756e-02
7.099999999999999645e-01 2.999935687151230462e-02
7.199999999999999734e-01 2.999935681267062657e-02
7.299999999999999822e-01 2.999935675611788491e-02
7.399999999999999911e-01 2.999935670574455093e-02
7.500000000000000000e-01 2.999935665781933852e-02
7.600000000000000089e-01 2.999935661477902069e-02
7.700000000000000178e-01 2.999935657705242800e-02
7.800000000000000266e-01 2.999935654063616564e-02
7.900000000000000355e-01 2.999935650904483192e-02
8.000000000000000444e-01 2.999935647882883208e-02
8.100000000000000533e-01 2.999935645213254454e-02
8.200000000000000622e-01 2.999935643050676698e-02
8.300000000000000711e-01 2.999935641147847415e-02
8.399999999999999689e-01 2.999935639559649092e-02
8.499999999999999778e-01 2.999935638161384255e-02
8.599999999999999867e-01 2.999935637252843651e-02
8.699999999999999956e-01 2.999935636518721860e-02
8.800000000000000044e-01 2.999935636304817965e-02
8.900000000000000133e-01 2.999935636241302453e-02
9.000000000000000222e-01 2.999935636448750401e-02
9.100000000000000311e-01 2.999935636870772887e-02
9.200000000000000400e-01 2.999935637462927684e-02
9.300000000000000488e-01 2.999935638423053413e-02
9.400000000000000577e-01 2.999935639578432331e-02
9.500000000000000666e-01 2.999935640742081369e-02
9.599999999999999645e-01 2.999935641944590642e-02
9.699999999999999734e-01 2.999935643899676735e-02
9.799999999999999822e-01 2.999935645901968817e-02
9.899999999999999911e-01 2.999935647849079692e-02
1.000000000000000000e+00 2.999935650054325054e-02
1.010000000000000009e+00 2.999935652705885275e-02
1.020000000000000018e+00 2.999935655532602954e-02
1.030000000000000027e+00 2.999935658601462704e-02
1.040000000000000036e+00 2.999935661657714830e-02
1.050000000000000044e+00 2.999935664593256918e-02
1.060000000000000053e+00 2.999935667785562018e-02
1.070000000000000062e+00 2.999935671076143021e-02
1.080000000000000071e+00 2.999935674968812888e-02
1.090000000000000080e+00 2.999935678417781776e-02
1.100000000000000089e+00 2.999935681792863240e-02
1.110000000000000098e+00 2.999935685171300354e-02
1.120000000000000107e+00 2.999935688721513255e-02
1.130000000000000115e+00 2.999935692465609260e-02
1.140000000000000124e+00 2.999935695431681093e-02
1.150000000000000133e+00 2.999935698051318933e-02
1.159999999999999920e+00 2.999935700890769136e-02
1.169999999999999929e+00 2.999935704054712549e-02
1.179999999999999938e+00 2.999935706442531658e-02
1.189999999999999947e+00 2.999935707846116545e-02
1.199999999999999956e+00 2.999935709946633527e-02
1.209999999999999964e+00 2.999935711634650962e-02
1.219999999999999973e+00 2.999935712728943327e-02
1.229999999999999982e+00 2.999935713953680652e-02
1.239999999999999991e+00 2.999935714527594832e-02
1.250000000000000000e+00 2.999935714290583727e-02
1.260000000000000009e+00 2.999935714366993786e-02
1.270000000000000018e+00 2.999935713559633010e-02
1.280000000000000027e+00 2.999935712238701105e-02
1.290000000000000036e+00 2.999935710701989028e-02
1.300000000000000044e+00 2.999935709703566156e-02
1.310000000000000053e+00 2.999935707835835186e-02
1.320000000000000062e+00 2.999935705859922697e-02
1.330000000000000071e+00 2.999935703573543971e-02
1.340000000000000080e+00 2.999935701063223548e-02
1.350000000000000089e+00 2.999935698153661026e-02
1.360000000000000098e+00 2.999935695346688316e-02
1.370000000000000107e+00 2.999935692278716398e-02
1.380000000000000115e+00 2.999935689223711538e-02
1.390000000000000124e+00 2.999935685920570444e-02
1.400000000000000133e+00 2.999935682503442058e-02
1.409999999999999920e+00 2.999935679065472705e-02
1.419999999999999929e+00 2.999935675692616197e-02
1.429999999999999938e+00 2.999935671534179407e-02
1.439999999999999947e+00 2.999935667968888636e-02
1.449999999999999956e+00 2.999935664346660077e-02
1.459999999999999964e+00 2.999935661129871783e-02
1.469999999999999973e+00 2.999935657540202250e-02
1.479999999999999982e+00 2.999935653966824892e-02
1.489999999999999991e+00 2.999935650984642682e-02
1.500000000000000000e+00 2.999935647905847824e-02
1.510000000000000009e+00 2.999935645018871055e-02
1.520000000000000018e+00 2.999935642350539874e-02
1.530000000000000027e+00 2.999935639444149121e-02
1.540000000000000036e+00 2.999935637068781163e-02
1.550000000000000044e+00 2.999935636855385196e-02
1.560000000000000053e+00 2.999935636295762015e-02
1.570000000000000062e+00 2.999935634933563119e-02
1.580000000000000071e+00 2.999935634578206750e-02
1.590000000000000080e+00 2.999935634321316061e-02
1.600000000000000089e+00 2.999935634364977316e-02
1.610000000000000098e+00 2.999935635730543657e-02
1.620000000000000107e+00 2.999935637924907444e-02
1.630000000000000115e+00 2.999935639844299520e-02
1.640000000000000124e+00 2.999935641404581285e-02
1.650000000000000133e+00 2.999935644014448122e-02
1.660000000000000142e+00 2.999935647051337959e-02
1.669999999999999929e+00 2.999935649491702189e-02
1.679999999999999938e+00 2.999935653514259476e-02
1.689999999999999947e+00 2.999935656664795558e-02
1.699999999999999956e+00 2.999935659158345716e-02
1.709999999999999964e+00 2.999935662601570935e-02
1.719999999999999973e+00 2.999935666508871113e-02
1.729999999999999982e+00 2.999935670288633033e-02
1.739999999999999991e+00 2.999935673483083987e-02
1.750000000000000000e+00 2.999935675925392148e-02
1.760000000000000009e+00 2.999935678651439314e-02
1.770000000000000018e+00 2.999935681722446651e-02
1.780000000000000027e+00 2.999935684871025271e-02
1.790000000000000036e+00 2.999935686924098260e-02
1.800000000000000044e+00 2.999935689081785831e-02
1.810000000000000053e+00 2.999935691029875090e-02
1.820000000000000062e+00 2.999935691479347147e-02
1.830000000000000071e+00 2.999935692370664722e-02
1.840000000000000080e+00 2.999935693213674759e-02
1.850000000000000089e+00 2.999935694422019988e-02
1.860000000000000098e+00 2.999935695048749906e-02
1.870000000000000107e+00 2.999935695981126305e-02
1.880000000000000115e+00 2.999935696732161650e-02
1.890000000000000124e+00 2.999935697321127331e-02
1.900000000000000133e+00 2.999935697985108354e-02
1.910000000000000142e+00 2.999935698623036606e-02
1.919999999999999929e+00 2.999935699181040596e-02
1.929999999999999938e+00 2.999935699675051332e-02
1.939999999999999947e+00 2.999935700121746096e-02
1.949999999999999956e+00 2.999935700552205931e-02
1.959999999999999964e+00 2.999935700827043722e-02
1.969999999999999973e+00 2.999935701034960739e-02
1.979999999999999982e+00 2.999935701330802562e-02
1.989999999999999991e+00 2.999935701485669653e-02
2.000000000000000000e+00 2.999935701130824334e-02
2.010000000000000231e+00 2.999935700647719111e-02
2.020000000000000018e+00 2.999935700132076027e-02
2.030000000000000249e+00 2.999935699491370136e-02
2.040000000000000036e+00 2.999935698928776415e-02
2.049999999999999822e+00 2.999935698001013340e-02
2.060000000000000053e+00 2.999935696831662960e-02
2.069999999999999840e+00 2.999935694964081176e-02
2.080000000000000071e+00 2.999935693325356603e-02
2.089999999999999858e+00 2.999935691949980401e-02
2.100000000000000089e+00 2.999935689649702031e-02
2.109999999999999876e+00 2.999935687609717183e-02
2.120000000000000107e+00 2.999935685907611366e-02
2.129999999999999893e+00 2.999935683880519677e-02
2.140000000000000124e+00 2.999935681521314484e-02
2.149999999999999911e+00 2.999935680192432688e-02
2.160000000000000142e+00 2.999935678889798646e-02
2.169999999999999929e+00 2.999935677342549512e-02
2.180000000000000160e+00 2.999935676566008180e-02
2.189999999999999947e+00 2.999935675948414010e-02
2.200000000000000178e+00 2.999935676065057510e-02
2.209999999999999964e+00 2.999935676098880455e-02
2.220000000000000195e+00 2.999935676681566438e-02
2.229999999999999982e+00 2.999935677553083879e-02
2.240000000000000213e+00 2.999935678915718190e-02
2.250000000000000000e+00 2.999935680865120288e-02
2.260000000000000231e+00 2.999935682713159024e-02
2.270000000000000018e+00 2.999935684749387502e-02
2.280000000000000249e+00 2.999935687199142484e-02
2.290000000000000036e+00 2.999935689461509167e-02
2.300000000000000266e+00 2.999935691443470637e-02
2.310000000000000053e+00 2.999935693212920501e-02
2.319999999999999840e+00 2.999935694299206770e-02
2.330000000000000071e+00 2.999935695051263521e-02
2.339999999999999858e+00 2.999935695239301994e-02
2.350000000000000089e+00 2.999935694805670044e-02
2.359999999999999876e+00 2.999935693685050128e-02
2.370000000000000107e+00 2.999935692246778057e-02
2.379999999999999893e+00 2.999935690211301756e-02
2.390000000000000124e+00 2.999935688060235278e-02
2.399999999999999911e+00 2.999935685629182350e-02
2.410000000000000142e+00 2.999935683091494582e-02
2.419999999999999929e+00 2.999935680517058084e-02
2.430000000000000160e+00 2.999935677851382071e-02
2.439999999999999947e+00 2.999935675644573377e-02
2.450000000000000178e+00 2.999935674116391282e-02
2.459999999999999964e+00 2.999935672823501528e-02
2.470000000000000195e+00 2.999935672223714989e-02
2.479999999999999982e+00 2.999935672360491343e-02
2.490000000000000213e+00 2.999935673216211698e-02
2.500000000000000000e+00 2.999935674782555975e-02
2.510000000000000231e+00 2.999935676934539774e-02
2.520000000000000018e+00 2.999935679807615857e-02
2.530000000000000249e+00 2.999935683021599797e-02
2.540000000000000036e+00 2.999935686675186952e-02
2.550000000000000266e+00 2.999935690828113566e-02
2.560000000000000053e+00 2.999935695263810861e-02
2.569999999999999840e+00 2.999935699936166072e-02
2.580000000000000071e+00 2.999935704439063086e-02
2.589999999999999858e+00 2.999935709003691622e-02
2.600000000000000089e+00 2.999935713074269872e-02
2.609999999999999876e+00 2.999935717107231684e-02
2.620000000000000107e+00 2.999935720797687264e-02
2.629999999999999893e+00 2.999935723354284212e-02
2.640000000000000124e+00 2.999935725546208631e-02
2.649999999999999911e+00 2.999935727416402909e-02
2.660000000000000142e+00 2.999935729534240411e-02
2.669999999999999929e+00 2.999935730812380158e-02
2.680000000000000160e+00 2.999935730851824300e-02
2.689999999999999947e+00 2.999935731479492357e-02
2.700000000000000178e+00 2.999935730849885573e-02
2.709999999999999964e+00 2.999935731115188631e-02
2.720000000000000195e+00 2.999935730657055100e-02
2.729999999999999982e+00 2.999935729832298864e-02
2.740000000000000213e+00 2.999935729536486184e-02
2.750000000000000000e+00 2.999935728561681919e-02
2.760000000000000231e+00 2.999935727706650249e-02
2.770000000000000018e+00 2.999935727203015962e-02
2.780000000000000249e+00 2.999935726330901775e-02
2.790000000000000036e+00 2.999935724992654901e-02
2.800000000000000266e+00 2.999935724391626993e-02
2.810000000000000053e+00 2.999935723857075076e-02
2.819999999999999840e+00 2.999935722977845054e-02
2.830000000000000071e+00 2.999935722926455606e-02
2.839999999999999858e+00 2.999935722474662142e-02
2.850000000000000089e+00 2.999935722721835604e-02
2.859999999999999876e+00 2.999935723306754176e-02
2.870000000000000107e+00 2.999935723113846681e-02
2.879999999999999893e+00 2.999935722850760600e-02
2.890000000000000124e+00 2.999935723313115060e-02
2.899999999999999911e+00 2.999935723648884667e-02
2.910000000000000142e+00 2.999935724022743944e-02
2.919999999999999929e+00 2.999935724126191749e-02
2.930000000000000160e+00 2.999935724575597193e-02
2.939999999999999947e+00 2.999935724714692178e-02
2.950000000000000178e+00 2.999935725083733434e-02
2.959999999999999964e+00 2.999935725496243391e-02
2.970000000000000195e+00 2.999935725995087760e-02
2.979999999999999982e+00 2.999935726197661134e-02
2.990000000000000213e+00 2.999935726572991804e-02
3.000000000000000000e+00 2.999935726700160565e-02
3.010000000000000231e+00 2.999935727091699450e-02
3.020000000000000018e+00 2.999935726937715680e-02
3.030000000000000249e+00 2.999935727110056641e-02
3.040000000000000036e+00 2.999935727487837087e-02
3.050000000000000266e+00 2.999935727442308575e-02
3.060000000000000053e+00 2.999935727410021902e-02
3.070000000000000284e+00 2.999935727588785850e-02
3.080000000000000071e+00 2.999935728047822825e-02
3.089999999999999858e+00 2.999935728749078545e-02
3.100000000000000089e+00 2.999935728639119281e-02
3.109999999999999876e+00 2.999935728581901856e-02
3.120000000000000107e+00 2.999935728489526443e-02
3.129999999999999893e+00 2.999935728337404031e-02
3.140000000000000124e+00 2.999935728310258037e-02
3.149999999999999911e+00 2.999935728681942665e-02
3.160000000000000142e+00 2.999935728220707101e-02
3.169999999999999929e+00 2.999935727214684406e-02
3.180000000000000160e+00 2.999935726168190958e-02
3.189999999999999947e+00 2.999935726177071355e-02
3.200000000000000178e+00 2.999935725750191989e-02
3.209999999999999964e+00 2.999935725327070382e-02
3.220000000000000195e+00 2.999935725247666538e-02
3.229999999999999982e+00 2.999935724856877400e-02
3.240000000000000213e+00 2.999935725159129374e-02
3.250000000000000000e+00 2.999935725464425440e-02
3.260000000000000231e+00 2.999935725662214447e-02
3.270000000000000018e+00 2.999935725899642233e-02
3.280000000000000249e+00 2.999935726154469989e-02
3.290000000000000036e+00 2.999935726092035904e-02
3.300000000000000266e+00 2.999935726545792034e-02
3.310000000000000053e+00 2.999935727266638680e-02
3.320000000000000284e+00 2.999935728129349277e-02
3.330000000000000071e+00 2.999935729544675467e-02
3.339999999999999858e+00 2.999935730331860714e-02
3.350000000000000089e+00 2.999935731308879180e-02
3.359999999999999876e+00 2.999935732706188879e-02
3.370000000000000107e+00 2.999935733889470824e-02
3.379999999999999893e+00 2.999935735617816762e-02
3.390000000000000124e+00 2.999935737319999948e-02
3.399999999999999911e+00 2.999935738956274051e-02
3.410000000000000142e+00 2.999935740964605399e-02
3.419999999999999929e+00 2.999935742798999494e-02
3.430000000000000160e+00 2.999935744576869012e-02
3.439999999999999947e+00 2.999935746760315838e-02
3.450000000000000178e+00 2.999935748936001165e-02
3.459999999999999964e+00 2.999935751226889130e-02
3.470000000000000195e+00 2.999935753548146553e-02
3.479999999999999982e+00 2.999935756077350482e-02
3.490000000000000213e+00 2.999935758819306797e-02
3.500000000000000000e+00 2.999935761620827618e-02
3.510000000000000231e+00 2.999935764429076043e-02
3.520000000000000018e+00 2.999935767138112858e-02
3.530000000000000249e+00 2.999935769950184267e-02
3.540000000000000036e+00 2.999935772798287964e-02
3.550000000000000266e+00 2.999935775421333148e-02
3.560000000000000053e+00 2.999935778116882140e-02
3.570000000000000284e+00 2.999935781000975105e-02
3.580000000000000071e+00 2.999935783716991058e-02
3.589999999999999858e+00 2.999935785963201915e-02
3.600000000000000089e+00 2.999935788389819502e-02
3.609999999999999876e+00 2.999935790853312453e-02
3.620000000000000107e+00 2.999935793624227548e-02
3.629999999999999893e+00 2.999935795638266484e-02
3.640000000000000124e+00 2.999935797414184091e-02
3.649999999999999911e+00 2.999935798965652073e-02
3.660000000000000142e+00 2.999935800333397573e-02
3.669999999999999929e+00 2.999935802230020016e-02
3.680000000000000160e+00 2.999935803051707178e-02
3.689999999999999947e+00 2.999935804336196360e-02
3.700000000000000178e+00 2.999935805780341164e-02
3.709999999999999964e+00 2.999935806365922747e-02
3.720000000000000195e+00 2.999935806662164250e-02
3.729999999999999982e+00 2.999935808056561348e-02
3.740000000000000213e+00 2.999935808576371932e-02
3.750000000000000000e+00 2.999935808429354811e-02
3.760000000000000231e+00 2.999935807973846610e-02
3.770000000000000018e+00 2.999935808505491824e-02
3.780000000000000249e+00 2.999935808982877664e-02
3.790000000000000036e+00 2.999935809043431656e-02
3.800000000000000266e+00 2.999935809336833070e-02
3.810000000000000053e+00 2.999935809346414989e-02
3.820000000000000284e+00 2.999935810149359158e-02
3.830000000000000071e+00 2.999935810496852373e-02
3.839999999999999858e+00 2.999935810551594695e-02
3.850000000000000089e+00 2.999935810755276905e-02
3.859999999999999876e+00 2.999935811054183638e-02
3.870000000000000107e+00 2.999935811262968363e-02
3.879999999999999893e+00 2.999935811487929732e-02
3.890000000000000124e+00 2.999935811653482026e-02
3.899999999999999911e+00 2.999935811782106915e-02
3.910000000000000142e+00 2.999935812522524364e-02
3.919999999999999929e+00 2.999935812606821864e-02
3.930000000000000160e+00 2.999935813014040914e-02
3.939999999999999947e+00 2.999935813248537017e-02
3.950000000000000178e+00 2.999935813517211336e-02
3.959999999999999964e+00 2.999935813735225831e-02
3.970000000000000195e+00 2.999935813915563174e-02
3.979999999999999982e+00 2.999935813909835811e-02
3.990000000000000213e+00 2.999935814185190203e-02
4.000000000000000000e+00 2.999935814040055604e-02
4.009999999999999787e+00 2.999935814000207271e-02
4.020000000000000462e+00 2.999935814067106188e-02
4.030000000000000249e+00 2.999935814255664385e-02
4.040000000000000036e+00 2.999935814580679400e-02
4.049999999999999822e+00 2.999935814578094662e-02
4.060000000000000497e+00 2.999935815317671811e-02
4.070000000000000284e+00 2.999935815669093828e-02
4.080000000000000071e+00 2.999935816177388276e-02
4.089999999999999858e+00 2.999935816361645746e-02
4.099999999999999645e+00 2.999935816440634298e-02
4.110000000000000320e+00 2.999935816925375365e-02
4.120000000000000107e+00 2.999935817387855419e-02
4.129999999999999893e+00 2.999935818326448372e-02
4.139999999999999680e+00 2.999935818806069576e-02
4.150000000000000355e+00 2.999935818717363450e-02
4.160000000000000142e+00 2.999935818954499803e-02
4.169999999999999929e+00 2.999935819848640467e-02
4.179999999999999716e+00 2.999935820742109099e-02
4.190000000000000391e+00 2.999935822061568919e-02
4.200000000000000178e+00 2.999935822905212823e-02
4.209999999999999964e+00 2.999935824028324843e-02
4.219999999999999751e+00 2.999935823705846688e-02
4.230000000000000426e+00 2.999935824464740330e-02
4.240000000000000213e+00 2.999935826417015478e-02
4.250000000000000000e+00 2.999935828056162976e-02
4.259999999999999787e+00 2.999935829633105372e-02
4.270000000000000462e+00 2.999935830951820648e-02
4.280000000000000249e+00 2.999935832485430345e-02
4.290000000000000036e+00 2.999935834356008690e-02
4.299999999999999822e+00 2.999935836452713445e-02
4.310000000000000497e+00 2.999935837941859404e-02
4.320000000000000284e+00 2.999935840242965585e-02
4.330000000000000071e+00 2.999935842563750468e-02
4.339999999999999858e+00 2.999935845009303603e-02
4.350000000000000533e+00 2.999935847644687875e-02
4.360000000000000320e+00 2.999935850399182077e-02
4.370000000000000107e+00 2.999935853089014809e-02
4.379999999999999893e+00 2.999935856390588407e-02
4.389999999999999680e+00 2.999935859190816512e-02
4.400000000000000355e+00 2.999935862094536485e-02
4.410000000000000142e+00 2.999935865173168625e-02
4.419999999999999929e+00 2.999935867766825859e-02
4.429999999999999716e+00 2.999935870496216878e-02
4.440000000000000391e+00 2.999935873137343431e-02
4.450000000000000178e+00 2.999935875775583405e-02
4.459999999999999964e+00 2.999935878249693905e-02
4.469999999999999751e+00 2.999935880640697966e-02
4.480000000000000426e+00 2.999935882738751641e-02
4.490000000000000213e+00 2.999935884699753141e-02
4.500000000000000000e+00 2.999935886509588756e-02
4.509999999999999787e+00 2.999935888155186303e-02
4.520000000000000462e+00 2.999935889618788112e-02
4.530000000000000249e+00 2.999935890989826118e-02
4.540000000000000036e+00 2.999935892203582644e-02
4.549999999999999822e+00 2.999935893336722753e-02
4.560000000000000497e+00 2.999935894351031876e-02
4.570000000000000284e+00 2.999935895468381145e-02
4.580000000000000071e+00 2.999935896196810961e-02
4.589999999999999858e+00 2.999935896925952708e-02
4.600000000000000533e+00 2.999935897661272846e-02
4.610000000000000320e+00 2.999935898183904437e-02
4.620000000000000107e+00 2.999935898624011762e-02
4.629999999999999893e+00 2.999935899213622068e-02
4.639999999999999680e+00 2.999935899771879674e-02
4.650000000000000355e+00 2.999935899874142317e-02
4.660000000000000142e+00 2.999935900255281881e-02
4.669999999999999929e+00 2.999935900251044299e-02
4.679999999999999716e+00 2.999935900648731738e-02
4.690000000000000391e+00 2.999935900931625585e-02
4.700000000000000178e+00 2.999935901159741722e-02
4.709999999999999964e+00 2.999935901251036402e-02
4.719999999999999751e+00 2.999935901524438189e-02
4.730000000000000426e+00 2.999935901520816434e-02
4.740000000000000213e+00 2.999935901998659199e-02
4.750000000000000000e+00 2.999935901753832471e-02
4.759999999999999787e+00 2.999935901557088114e-02
4.770000000000000462e+00 2.999935901276917088e-02
4.780000000000000249e+00 2.999935900247236928e-02
4.790000000000000036e+00 2.999935899616195875e-02
4.799999999999999822e+00 2.999935899203702572e-02
4.810000000000000497e+00 2.999935899479379622e-02
4.820000000000000284e+00 2.999935898721464017e-02
4.830000000000000071e+00 2.999935897551591485e-02
4.839999999999999858e+00 2.999935896664882723e-02
4.850000000000000533e+00 2.999935895310023096e-02
4.860000000000000320e+00 2.999935893422609953e-02
4.870000000000000107e+00 2.999935891899662907e-02
4.879999999999999893e+00 2.999935890450019377e-02
4.889999999999999680e+00 2.999935889316762347e-02
4.900000000000000355e+00 2.999935888096070050e-02
4.910000000000000142e+00 2.999935887370691265e-02
4.919999999999999929e+00 2.999935885655735657e-02
4.929999999999999716e+00 2.999935884187085802e-02
4.940000000000000391e+00 2.999935882713532578e-02
4.950000000000000178e+00 2.999935881172255750e-02
4.959999999999999964e+00 2.999935880001387487e-02
4.969999999999999751e+00 2.999935878513945373e-02
4.980000000000000426e+00 2.999935877374317397e-02
4.990000000000000213e+00 2.999935876063672749e-02
5.000000000000000000e+00 2.999935874607016426e-02
5.009999999999999787e+00 2.999935873111985243e-02
5.020000000000000462e+00 2.999935871651756084e-02
5.030000000000000249e+00 2.999935870232558685e-02
5.040000000000000036e+00 2.999935868828009292e-02
5.049999999999999822e+00 2.999935867394307176e-02
5.060000000000000497e+00 2.999935866173553470e-02
5.070000000000000284e+00 2.999935864870378888e-02
5.080000000000000071e+00 2.999935863804672684e-02
5.089999999999999858e+00 2.999935862551179541e-02
5.100000000000000533e+00 2.999935861340122592e-02
5.110000000000000320e+00 2.999935859877939093e-02
5.120000000000000107e+00 2.999935858983305767e-02
5.129999999999999893e+00 2.999935858078211018e-02
5.139999999999999680e+00 2.999935857340477532e-02
5.150000000000000355e+00 2.999935857513091539e-02
5.160000000000000142e+00 2.999935857040246165e-02
5.169999999999999929e+00 2.999935856532206721e-02
5.179999999999999716e+00 2.999935856031222051e-02
5.190000000000000391e+00 2.999935855951650632e-02
5.200000000000000178e+00 2.999935855691851852e-02
5.209999999999999964e+00 2.999935855940817631e-02
5.219999999999999751e+00 2.999935855722287575e-02
5.230000000000000426e+00 2.999935854603931126e-02
5.240000000000000213e+00 2.999935852901072439e-02
5.250000000000000000e+00 2.999935853295943380e-02
5.259999999999999787e+00 2.999935853063836685e-02
5.270000000000000462e+00 2.999935852543762077e-02
5.280000000000000249e+00 2.999935853989060819e-02
5.290000000000000036e+00 2.999935854895777188e-02
5.299999999999999822e+00 2.999935855036310953e-02
5.310000000000000497e+00 2.999935854921776182e-02
5.320000000000000284e+00 2.999935856972343190e-02
5.330000000000000071e+00 2.999935857679629503e-02
5.339999999999999858e+00 2.999935857596409614e-02
5.350000000000000533e+00 2.999935856954186186e-02
5.360000000000000320e+00 2.999935857284196511e-02
5.370000000000000107e+00 2.999935857669969869e-02
5.379999999999999893e+00 2.999935858690229787e-02
5.389999999999999680e+00 2.999935858462956378e-02
5.400000000000000355e+00 2.999935858252242640e-02
5.410000000000000142e+00 2.999935859276659303e-02
5.419999999999999929e+00 2.999935859490278703e-02
5.429999999999999716e+00 2.999935859820510725e-02
5.440000000000000391e+00 2.999935860238676921e-02
5.450000000000000178e+00 2.999935861834875789e-02
5.459999999999999964e+00 2.999935862809580134e-02
5.469999999999999751e+00 2.999935864182176615e-02
5.480000000000000426e+00 2.999935865564040335e-02
5.490000000000000213e+00 2.999935866888048600e-02
5.500000000000000000e+00 2.999935868621647281e-02
5.509999999999999787e+00 2.999935870227638662e-02
5.520000000000000462e+00 2.999935872068869303e-02
5.530000000000000249e+00 2.999935873810367568e-02
5.540000000000000036e+00 2.999935875529839008e-02
5.549999999999999822e+00 2.999935877414381877e-02
5.560000000000000497e+00 2.999935879164709190e-02
5.570000000000000284e+00 2.999935880760022308e-02
5.580000000000000071e+00 2.999935882450061042e-02
5.589999999999999858e+00 2.999935884218907917e-02
5.600000000000000533e+00 2.999935885855477963e-02
5.610000000000000320e+00 2.999935887491301037e-02
5.620000000000000107e+00 2.999935889067786160e-02
5.629999999999999893e+00 2.999935890901329547e-02
5.639999999999999680e+00 2.999935892379483604e-02
5.650000000000000355e+00 2.999935892931474349e-02
5.660000000000000142e+00 2.999935893923297292e-02
5.669999999999999929e+00 2.999935894615276752e-02
5.679999999999999716e+00 2.999935894818570037e-02
5.690000000000000391e+00 2.999935895130197844e-02
5.700000000000000178e+00 2.999935895738007827e-02
5.709999999999999964e+00 2.999935894746685872e-02
5.719999999999999751e+00 2.999935894296901912e-02
5.730000000000000426e+00 2.999935894178358542e-02
5.740000000000000213e+00 2.999935893859290853e-02
5.750000000000000000e+00 2.999935892796987830e-02
5.759999999999999787e+00 2.999935892213999311e-02
5.770000000000000462e+00 2.999935890922973344e-02
5.780000000000000249e+00 2.999935890512905184e-02
5.790000000000000036e+00 2.999935890039413106e-02
5.799999999999999822e+00 2.999935889390279581e-02
5.810000000000000497e+00 2.999935889363225527e-02
5.820000000000000284e+00 2.999935888872020534e-02
5.830000000000000071e+00 2.999935889232061351e-02
5.839999999999999858e+00 2.999935888043151616e-02
5.850000000000000533e+00 2.999935887576859334e-02
5.860000000000000320e+00 2.999935887095570020e-02
5.870000000000000107e+00 2.999935886515556899e-02
5.879999999999999893e+00 2.999935885472064870e-02
5.889999999999999680e+00 2.999935884831651106e-02
5.900000000000000355e+00 2.999935884409339962e-02
5.910000000000000142e+00 2.999935883336388165e-02
5.919999999999999929e+00 2.999935882624767125e-02
5.929999999999999716e+00 2.999935882013821803e-02
5.940000000000000391e+00 2.999935881366997542e-02
5.950000000000000178e+00 2.999935880671151384e-02
5.959999999999999964e+00 2.999935879756624943e-02
5.969999999999999751e+00 2.999935879058614197e-02
5.980000000000000426e+00 2.999935878347166282e-02
5.990000000000000213e+00 2.999935877453405869e-02
6.000000000000000000e+00 2.999935876736016180e-02
6.009999999999999787e+00 2.999935875916070332e-02
6.020000000000000462e+00 2.999935874784605966e-02
6.030000000000000249e+00 2.999935873757197946e-02
6.040000000000000036e+00 2.999935872900243855e-02
6.049999999999999822e+00 2.999935871713170152e-02
6.060000000000000497e+00 2.999935870919790901e-02
6.070000000000000284e+00 2.999935870055674483e-02
6.080000000000000071e+00 2.999935869163599528e-02
6.089999999999999858e+00 2.999935868400118583e-02
6.100000000000000533e+00 2.999935867366053388e-02
6.110000000000000320e+00 2.999935866503432302e-02
6.120000000000000107e+00 2.999935865650124600e-02
6.129999999999999893e+00 2.999935864611910641e-02
6.140000000000000568e+00 2.999935863359061428e-02
6.150000000000000355e+00 2.999935862401408374e-02
6.160000000000000142e+00 2.999935861637470502e-02
6.169999999999999929e+00 2.999935860701086199e-02
6.179999999999999716e+00 2.999935860062680551e-02
6.190000000000000391e+00 2.999935859387111228e-02
6.200000000000000178e+00 2.999935858614746070e-02
6.209999999999999964e+00 2.999935858118291804e-02
6.219999999999999751e+00 2.999935857531708938e-02
6.230000000000000426e+00 2.999935857082404456e-02
6.240000000000000213e+00 2.999935856451192012e-02
6.250000000000000000e+00 2.999935855790900399e-02
6.259999999999999787e+00 2.999935855395650941e-02
6.270000000000000462e+00 2.999935854892055165e-02
6.280000000000000249e+00 2.999935854572572877e-02
6.290000000000000036e+00 2.999935854786686673e-02
6.299999999999999822e+00 2.999935854339978725e-02
6.310000000000000497e+00 2.999935854480060768e-02
6.320000000000000284e+00 2.999935854341259645e-02
6.330000000000000071e+00 2.999935854345569392e-02
6.339999999999999858e+00 2.999935854541740249e-02
6.350000000000000533e+00 2.999935854914909453e-02
6.360000000000000320e+00 2.999935855265285431e-02
6.370000000000000107e+00 2.999935855774594692e-02
6.379999999999999893e+00 2.999935856381561600e-02
6.390000000000000568e+00 2.999935856579447752e-02
6.400000000000000355e+00 2.999935856747184756e-02
6.410000000000000142e+00 2.999935857304354692e-02
6.419999999999999929e+00 2.999935857482240176e-02
6.429999999999999716e+00 2.999935858088798729e-02
6.440000000000000391e+00 2.999935858204814260e-02
6.450000000000000178e+00 2.999935858503387925e-02
6.459999999999999964e+00 2.999935858530862476e-02
6.469999999999999751e+00 2.999935858665468691e-02
6.480000000000000426e+00 2.999935858832018798e-02
6.490000000000000213e+00 2.999935859047164408e-02
6.500000000000000000e+00 2.999935858881673523e-02
6.509999999999999787e+00 2.999935859018450918e-02
6.520000000000000462e+00 2.999935859106113781e-02
6.530000000000000249e+00 2.999935859216656259e-02
6.540000000000000036e+00 2.999935859093106824e-02
6.549999999999999822e+00 2.999935858819231110e-02
6.560000000000000497e+00 2.999935858985839157e-02
6.570000000000000284e+00 2.999935858789264456e-02
6.580000000000000071e+00 2.999935858644215553e-02
6.589999999999999858e+00 2.999935858600308314e-02
6.600000000000000533e+00 2.999935858452140378e-02
6.610000000000000320e+00 2.999935858602690089e-02
6.620000000000000107e+00 2.999935858860939414e-02
6.629999999999999893e+00 2.999935858618712689e-02
6.640000000000000568e+00 2.999935858418149165e-02
6.650000000000000355e+00 2.999935858711271636e-02
6.660000000000000142e+00 2.999935858608612782e-02
6.669999999999999929e+00 2.999935858861099008e-02
6.679999999999999716e+00 2.999935858493265467e-02
6.690000000000000391e+00 2.999935858370694763e-02
6.700000000000000178e+00 2.999935858316434695e-02
6.709999999999999964e+00 2.999935858339664724e-02
6.719999999999999751e+00 2.999935858192377680e-02
6.730000000000000426e+00 2.999935857846940807e-02
6.740000000000000213e+00 2.999935857284344656e-02
6.750000000000000000e+00 2.999935856837558645e-02
6.759999999999999787e+00 2.999935856629959430e-02
6.770000000000000462e+00 2.999935856304348364e-02
6.780000000000000249e+00 2.999935856031182846e-02
6.790000000000000036e+00 2.999935855881613947e-02
6.799999999999999822e+00 2.999935855665384135e-02
6.810000000000000497e+00 2.999935855143312860e-02
6.820000000000000284e+00 2.999935854605557950e-02
6.830000000000000071e+00 2.999935854427464993e-02
6.839999999999999858e+00 2.999935854373047411e-02
6.850000000000000533e+00 2.999935853871107602e-02
6.860000000000000320e+00 2.999935853600164959e-02
6.870000000000000107e+00 2.999935853249727225e-02
6.879999999999999893e+00 2.999935852723073504e-02
6.890000000000000568e+00 2.999935851989094307e-02
6.900000000000000355e+00 2.999935851415928487e-02
6.910000000000000142e+00 2.999935850842731094e-02
6.919999999999999929e+00 2.999935850199037315e-02
6.929999999999999716e+00 2.999935849513677560e-02
6.940000000000000391e+00 2.999935849132588997e-02
6.950000000000000178e+00 2.999935848302546365e-02
6.959999999999999964e+00 2.999935847449124865e-02
6.969999999999999751e+00 2.999935846796484423e-02
6.980000000000000426e+00 2.999935846217812938e-02
6.990000000000000213e+00 2.999935845407038226e-02
7.000000000000000000e+00 2.999935844684770148e-02
7.009999999999999787e+00 2.999935843850870879e-02
7.020000000000000462e+00 2.999935843361714941e-02
7.030000000000000249e+00 2.999935842632138125e-02
7.040000000000000036e+00 2.999935841848247464e-02
7.049999999999999822e+00 2.999935840840434187e-02
7.060000000000000497e+00 2.999935840305424997e-02
7.070000000000000284e+00 2.999935839598651122e-02
7.080000000000000071e+00 2.999935838690145906e-02
7.089999999999999858e+00 2.999935838005281588e-02
7.100000000000000533e+00 2.999935837338895545e-02
7.110000000000000320e+00 2.999935836761006419e-02
7.120000000000000107e+00 2.999935836062209843e-02
7.129999999999999893e+00 2.999935835604192885e-02
7.140000000000000568e+00 2.999935835294841729e-02
7.150000000000000355e+00 2.999935834695251907e-02
7.160000000000000142e+00 2.999935834316571487e-02
7.169999999999999929e+00 2.999935834006338398e-02
7.179999999999999716e+00 2.999935833755731224e-02
7.190000000000000391e+00 2.999935833476174638e-02
7.200000000000000178e+00 2.999935833133801633e-02
7.209999999999999964e+00 2.999935833028796739e-02
7.219999999999999751e+00 2.999935833102823635e-02
7.230000000000000426e+00 2.999935833259807436e-02
7.240000000000000213e+00 2.999935833651593692e-02
7.250000000000000000e+00 2.999935833600714946e-02
7.259999999999999787e+00 2.999935833824560888e-02
7.270000000000000462e+00 2.999935834062453927e-02
7.280000000000000249e+00 2.999935833942650801e-02
7.290000000000000036e+00 2.999935834339777577e-02
7.299999999999999822e+00 2.999935834658324849e-02
7.310000000000000497e+00 2.999935834754237016e-02
7.320000000000000284e+00 2.999935835023578856e-02
7.330000000000000071e+00 2.999935835027058711e-02
7.339999999999999858e+00 2.999935834542449831e-02
7.350000000000000533e+00 2.999935834651435221e-02
7.360000000000000320e+00 2.999935834537898957e-02
7.370000000000000107e+00 2.999935833989639603e-02
7.379999999999999893e+00 2.999935833286066639e-02
7.390000000000000568e+00 2.999935832143814027e-02
7.400000000000000355e+00 2.999935831252923540e-02
7.410000000000000142e+00 2.999935830217848737e-02
7.419999999999999929e+00 2.999935828417409078e-02
7.429999999999999716e+00 2.999935827014004949e-02
7.440000000000000391e+00 2.999935825151874708e-02
7.450000000000000178e+00 2.999935823468919543e-02
7.459999999999999964e+00 2.999935822210769015e-02
7.469999999999999751e+00 2.999935820213056603e-02
7.480000000000000426e+00 2.999935818587147474e-02
7.490000000000000213e+00 2.999935816142464129e-02
7.500000000000000000e+00 2.999935815340468853e-02
7.509999999999999787e+00 2.999935813939886425e-02
7.520000000000000462e+00 2.999935813263927831e-02
7.530000000000000249e+00 2.999935812510773347e-02
7.540000000000000036e+00 2.999935812275696806e-02
7.549999999999999822e+00 2.999935811731594543e-02
7.560000000000000497e+00 2.999935811755429296e-02
7.570000000000000284e+00 2.999935812556159265e-02
7.580000000000000071e+00 2.999935813552293690e-02
7.589999999999999858e+00 2.999935814527200650e-02
7.600000000000000533e+00 2.999935815534254119e-02
7.610000000000000320e+00 2.999935816423526108e-02
7.620000000000000107e+00 2.999935817232886326e-02
7.629999999999999893e+00 2.999935817801880136e-02
7.640000000000000568e+00 2.999935818051405190e-02
7.650000000000000355e+00 2.999935817867491888e-02
7.660000000000000142e+00 2.999935817382323733e-02
7.669999999999999929e+00 2.999935816231804123e-02
7.679999999999999716e+00 2.999935814476188678e-02
7.690000000000000391e+00 2.999935812863515835e-02
7.700000000000000178e+00 2.999935810962984367e-02
7.709999999999999964e+00 2.999935808272750568e-02
7.719999999999999751e+00 2.999935804905917713e-02
7.730000000000000426e+00 2.999935800832878585e-02
7.740000000000000213e+00 2.999935798140875715e-02
7.750000000000000000e+00 2.999935795571680858e-02
7.759999999999999787e+00 2.999935791891910480e-02
7.770000000000000462e+00 2.999935789300125361e-02
7.780000000000000249e+00 2.999935787754471478e-02
7.790000000000000036e+00 2.999935785572058894e-02
7.799999999999999822e+00 2.999935784502728853e-02
7.810000000000000497e+00 2.999935784610808717e-02
7.820000000000000284e+00 2.999935784328519595e-02
7.830000000000000071e+00 2.999935784993659066e-02
7.839999999999999858e+00 2.999935785628449897e-02
7.850000000000000533e+00 2.999935787700694356e-02
7.860000000000000320e+00 2.999935789374921780e-02
7.870000000000000107e+00 2.999935792594442610e-02
7.879999999999999893e+00 2.999935795011381134e-02
7.890000000000000568e+00 2.999935797925904965e-02
7.900000000000000355e+00 2.999935800803090608e-02
7.910000000000000142e+00 2.999935803594377948e-02
7.919999999999999929e+00 2.999935806046757220e-02
7.930000000000000604e+00 2.999935809219618846e-02
7.940000000000000391e+00 2.999935810744588927e-02
7.950000000000000178e+00 2.999935811956425807e-02
7.959999999999999964e+00 2.999935813261125905e-02
7.969999999999999751e+00 2.999935815009023565e-02
7.980000000000000426e+00 2.999935814893211344e-02
7.990000000000000213e+00 2.999935815236344505e-02
8.000000000000000000e+00 2.999935815284910517e-02
8.009999999999999787e+00 2.999935815179710641e-02
8.019999999999999574e+00 2.999935814220222596e-02
8.029999999999999361e+00 2.999935813077994617e-02
8.040000000000000924e+00 2.999935811644523220e-02
8.050000000000000711e+00 2.999935809884176144e-02
8.060000000000000497e+00 2.999935808266094781e-02
8.070000000000000284e+00 2.999935806696328588e-02
8.080000000000000071e+00 2.999935805183484572e-02
8.089999999999999858e+00 2.999935803840707640e-02
8.099999999999999645e+00 2.999935802381963751e-02
8.109999999999999432e+00 2.999935801025745488e-02
8.120000000000000995e+00 2.999935799634709244e-02
8.130000000000000782e+00 2.999935798323993125e-02
8.140000000000000568e+00 2.999935797043168373e-02
8.150000000000000355e+00 2.999935795801590699e-02
8.160000000000000142e+00 2.999935794535376482e-02
8.169999999999999929e+00 2.999935793142786272e-02
8.179999999999999716e+00 2.999935791810082186e-02
8.189999999999999503e+00 2.999935790513978684e-02
8.199999999999999289e+00 2.999935789165243671e-02
8.210000000000000853e+00 2.999935787732515430e-02
8.220000000000000639e+00 2.999935786238903945e-02
8.230000000000000426e+00 2.999935784861063048e-02
8.240000000000000213e+00 2.999935783512140686e-02
8.250000000000000000e+00 2.999935782150549290e-02
8.259999999999999787e+00 2.999935780706277505e-02
8.269999999999999574e+00 2.999935779379202250e-02
8.279999999999999361e+00 2.999935777655469982e-02
8.290000000000000924e+00 2.999935776036197210e-02
8.300000000000000711e+00 2.999935774104492761e-02
8.310000000000000497e+00 2.999935772467095946e-02
8.320000000000000284e+00 2.999935771126554726e-02
8.330000000000000071e+00 2.999935769941919350e-02
8.339999999999999858e+00 2.999935768978542056e-02
8.349999999999999645e+00 2.999935767595927200e-02
8.359999999999999432e+00 2.999935766304274304e-02
8.370000000000000995e+00 2.999935764952513240e-02
8.380000000000000782e+00 2.999935763269622607e-02
8.390000000000000568e+00 2.999935762103725367e-02
8.400000000000000355e+00 2.999935761274961227e-02
8.410000000000000142e+00 2.999935760382801270e-02
8.419999999999999929e+00 2.999935759931136869e-02
8.429999999999999716e+00 2.999935759398626028e-02
8.439999999999999503e+00 2.999935758648059753e-02
8.449999999999999289e+00 2.999935757798136843e-02
8.460000000000000853e+00 2.999935757178745846e-02
8.470000000000000639e+00 2.999935756459106567e-02
8.480000000000000426e+00 2.999935755579240249e-02
8.490000000000000213e+00 2.999935754783102093e-02
8.500000000000000000e+00 2.999935753761167473e-02
8.509999999999999787e+00 2.999935752673132255e-02
8.519999999999999574e+00 2.999935751528311559e-02
8.529999999999999361e+00 2.999935750658577760e-02
8.540000000000000924e+00 2.999935749432934562e-02
8.550000000000000711e+00 2.999935748392196927e-02
8.560000000000000497e+00 2.999935747153347973e-02
8.570000000000000284e+00 2.999935745893380495e-02
8.580000000000000071e+00 2.999935744603460241e-02
8.589999999999999858e+00 2.999935743409250927e-02
8.599999999999999645e+00 2.999935742040361897e-02
8.609999999999999432e+00 2.999935740771805456e-02
8.620000000000000995e+00 2.999935739515238731e-02
8.630000000000000782e+00 2.999935738349281816e-02
8.640000000000000568e+00 2.999935737122639418e-02
8.650000000000000355e+00 2.999935735982808827e-02
8.660000000000000142e+00 2.999935734865231268e-02
8.669999999999999929e+00 2.999935733821315273e-02
8.679999999999999716e+00 2.999935732821256557e-02
8.689999999999999503e+00 2.999935731870167696e-02
8.700000000000001066e+00 2.999935730958239871e-02
8.710000000000000853e+00 2.999935730098822473e-02
8.720000000000000639e+00 2.999935729391687428e-02
8.730000000000000426e+00 2.999935728710643665e-02
8.740000000000000213e+00 2.999935728117049394e-02
8.750000000000000000e+00 2.999935727585600204e-02
8.759999999999999787e+00 2.999935726990145615e-02
8.769999999999999574e+00 2.999935726546887338e-02
8.779999999999999361e+00 2.999935726133037481e-02
8.790000000000000924e+00 2.999935725846276241e-02
8.800000000000000711e+00 2.999935725582862645e-02
8.810000000000000497e+00 2.999935725228249778e-02
8.820000000000000284e+00 2.999935725296061159e-02
8.830000000000000071e+00 2.999935725202820813e-02
8.839999999999999858e+00 2.999935725088306859e-02
8.849999999999999645e+00 2.999935725442261225e-02
8.859999999999999432e+00 2.999935725172085677e-02
8.870000000000000995e+00 2.999935725565946315e-02
8.880000000000000782e+00 2.999935725527052774e-02
8.890000000000000568e+00 2.999935725734626663e-02
8.900000000000000355e+00 2.999935725827112404e-02
8.910000000000000142e+00 2.999935725487534732e-02
8.919999999999999929e+00 2.999935725760916397e-02
8.929999999999999716e+00 2.999935726853150339e-02
8.939999999999999503e+00 2.999935726995525687e-02
8.950000000000001066e+00 2.999935726118990731e-02
8.960000000000000853e+00 2.999935725479433574e-02
8.970000000000000639e+00 2.999935725939747999e-02
8.980000000000000426e+00 2.999935725462421487e-02
8.990000000000000213e+00 2.999935724955358346e-02
9.000000000000000000e+00 2.999935725067322950e-02
9.009999999999999787e+00 2.999935724248507102e-02
9.019999999999999574e+00 2.999935723917281083e-02
9.029999999999999361e+00 2.999935723703787277e-02
9.040000000000000924e+00 2.999935723269341742e-02
9.050000000000000711e+00 2.999935722971803012e-02
9.060000000000000497e+00 2.999935721917038056e-02
9.070000000000000284e+00 2.999935720975709097e-02
9.080000000000000071e+00 2.999935720300924563e-02
9.089999999999999858e+00 2.999935719592571048e-02
9.099999999999999645e+00 2.999935718779514482e-02
9.109999999999999432e+00 2.999935718000619825e-02
9.120000000000000995e+00 2.999935717239229568e-02
9.130000000000000782e+00 2.999935716518203205e-02
9.140000000000000568e+00 2.999935715633330474e-02
9.150000000000000355e+00 2.999935714917863205e-02
9.160000000000000142e+00 2.999935713802623707e-02
9.169999999999999929e+00 2.999935713020432382e-02
9.179999999999999716e+00 2.999935712109307734e-02
9.189999999999999503e+00 2.999935711440675223e-02
9.200000000000001066e+00 2.999935710752119761e-02
9.210000000000000853e+00 2.999935710240004411e-02
9.220000000000000639e+00 2.999935709790290533e-02
9.230000000000000426e+00 2.999935709064533232e-02
9.240000000000000213e+00 2.999935708520134678e-02
9.250000000000000000e+00 2.999935708082456312e-02
9.259999999999999787e+00 2.999935707955507860e-02
9.269999999999999574e+00 2.999935707448702152e-02
9.279999999999999361e+00 2.999935707181562369e-02
9.290000000000000924e+00 2.999935706909249294e-02
9.300000000000000711e+00 2.999935707124922607e-02
9.310000000000000497e+00 2.999935707312522543e-02
9.320000000000000284e+00 2.999935707069065205e-02
9.330000000000000071e+00 2.999935706770669869e-02
9.339999999999999858e+00 2.999935707228248288e-02
9.349999999999999645e+00 2.999935707687294978e-02
9.359999999999999432e+00 2.999935707808907767e-02
9.370000000000000995e+00 2.999935708436237206e-02
9.380000000000000782e+00 2.999935708836740100e-02
9.390000000000000568e+00 2.999935709755410448e-02
9.400000000000000355e+00 2.999935710568008701e-02
9.410000000000000142e+00 2.999935710968685415e-02
9.419999999999999929e+00 2.999935711549532591e-02
9.429999999999999716e+00 2.999935711672852001e-02
9.439999999999999503e+00 2.999935712368254070e-02
9.450000000000001066e+00 2.999935712575443544e-02
9.460000000000000853e+00 2.999935713291373290e-02
9.470000000000000639e+00 2.999935713021637668e-02
9.480000000000000426e+00 2.999935713128859885e-02
9.490000000000000213e+00 2.999935713164187875e-02
9.500000000000000000e+00 2.999935712858949402e-02
9.509999999999999787e+00 2.999935712662286924e-02
9.519999999999999574e+00 2.999935712273191571e-02
9.529999999999999361e+00 2.999935711738180300e-02
9.540000000000000924e+00 2.999935710954902690e-02
9.550000000000000711e+00 2.999935710576446396e-02
9.560000000000000497e+00 2.999935709649208943e-02
9.570000000000000284e+00 2.999935708677677407e-02
9.580000000000000071e+00 2.999935707896032172e-02
9.589999999999999858e+00 2.999935706314373757e-02
9.599999999999999645e+00 2.999935705229065525e-02
9.609999999999999432e+00 2.999935704597753161e-02
9.620000000000000995e+00 2.999935703537429804e-02
9.630000000000000782e+00 2.999935702649565022e-02
9.640000000000000568e+00 2.999935701727918930e-02
9.650000000000000355e+00 2.999935700998463545e-02
9.660000000000000142e+00 2.999935700105333183e-02
9.669999999999999929e+00 2.999935699254027352e-02
9.679999999999999716e+00 2.999935698338134296e-02
9.689999999999999503e+00 2.999935697721845679e-02
9.700000000000001066e+00 2.999935697067099630e-02
9.710000000000000853e+00 2.999935696513538266e-02
9.720000000000000639e+00 2.999935695694436882e-02
9.730000000000000426e+00 2.999935694880107376e-02
9.740000000000000213e+00 2.999935694116387386e-02
9.750000000000000000e+00 2.999935693337373727e-02
9.759999999999999787e+00 2.999935692739354523e-02
9.769999999999999574e+00 2.999935692045380131e-02
9.779999999999999361e+00 2.999935691225251791e-02
9.790000000000000924e+00 2.999935690508018574e-02
9.800000000000000711e+00 2.999935689784241979e-02
9.810000000000000497e+00 2.999935688948795684e-02
9.820000000000000284e+00 2.999935688342243029e-02
9.830000000000000071e+00 2.999935687288635480e-02
9.839999999999999858e+00 2.999935686380804378e-02
9.849999999999999645e+00 2.999935685915339906e-02
9.859999999999999432e+00 2.999935685351608552e-02
9.870000000000000995e+00 2.999935684665775912e-02
9.880000000000000782e+00 2.999935683947109466e-02
9.890000000000000568e+00 2.999935683484399040e-02
9.900000000000000355e+00 2.999935682909684459e-02
9.910000000000000142e+00 2.999935682693928574e-02
9.919999999999999929e+00 2.999935683086597457e-02
9.929999999999999716e+00 2.999935683545854395e-02
9.939999999999999503e+00 2.999935684245498210e-02
9.950000000000001066e+00 2.999935685618343451e-02
9.960000000000000853e+00 2.999935687326069772e-02
9.970000000000000639e+00 2.999935690239086128e-02
