1.124355846300593948e+10
1.124355846349364853e+10
1.124355846320904160e+10
1.124355846322426796e+10
1.124355846463780785e+10
1.124355846455160904e+10
1.124355846694848251e+10
1.124355846454227638e+10
1.124355846767666817e+10
1.124355846355379868e+10
1.124355846446504974e+10
1.124355846338532066e+10
1.124355846313761711e+10
1.124355846577728462e+10
1.124355846292257118e+10
1.124355846724733353e+10
1.124355846426592636e+10
1.124355847685333633e+10
1.124355846608247185e+10
1.124355848291847610e+10
1.124355846585276222e+10
1.124355847953544235e+10
1.124355846608696365e+10
1.124355847333973503e+10
1.124355846823176575e+10
1.124355847048672867e+10
1.124355847827506638e+10
1.124355846970338631e+10
1.124355849291219711e+10
1.124355847181166840e+10
1.124355850204824638e+10
1.124355847436256409e+10
1.124355850800376701e+10
1.124355847999307632e+10
1.124355851026846123e+10
1.124355848472429466e+10
1.124355850940536690e+10
1.124355849147445679e+10
1.124355850329352570e+10
1.124355850478212357e+10
1.124355849757494354e+10
1.124355852325192642e+10
1.124355849832389259e+10
1.124355854546170235e+10
1.124355850411010170e+10
1.124355856012660599e+10
1.124355850792352295e+10
1.124355856830437660e+10
1.124355851475621033e+10
1.124355855990587997e+10
1.124355852941142273e+10
1.124355854716960907e+10
1.124355855335531425e+10
1.124355853836099625e+10
1.124355856880455399e+10
1.124355853709935570e+10
1.124355858399015808e+10
1.124355853804164886e+10
1.124355859424518776e+10
1.124355853951262856e+10
1.124355860393602753e+10
1.124355854191361427e+10
1.124355859603084183e+10
1.124355855240719795e+10
1.124355858221924591e+10
1.124355856855732346e+10
1.124355857023816681e+10
1.124355858564974976e+10
1.124355856684553146e+10
1.124355860838867760e+10
1.124355855754059982e+10
1.124355863747701645e+10
1.124355854938347054e+10
1.124355865879466438e+10
1.124355854806072044e+10
1.124355867544083405e+10
1.124355854923615265e+10
1.124355865017321777e+10
1.124355856267496681e+10
1.124355861872176361e+10
1.124355858380963516e+10
1.124355859811512375e+10
1.124355861922940063e+10
1.124355857820746803e+10
1.124355866365627098e+10
1.124355856578843880e+10
1.124355871004830170e+10
1.124355855808701134e+10
1.124355872685999870e+10
1.124355856090954399e+10
1.124355873452020454e+10
1.124355857055555344e+10
1.124355871920421219e+10
1.124355859370021057e+10
1.124355869785357475e+10
1.124355862415647888e+10
1.124355866160455894e+10
1.124355868763841820e+10
1.124355862322301483e+10
1.124355878161865044e+10
1.124355861506250381e+10
1.124355887158509827e+10
1.124355861648277283e+10
1.124355892801718140e+10
1.124355863310215759e+10
1.124355891705178642e+10
1.124355866110741997e+10
1.124355888834817314e+10
1.124355870526845551e+10
1.124355884155935478e+10
1.124355878892104721e+10
1.124355877513307571e+10
1.124355892646962357e+10
1.124355873872005844e+10
1.124355911375370026e+10
1.124355874965939331e+10
1.124355924735150528e+10
1.124355877213951874e+10
1.124355929485176849e+10
1.124355879570662117e+10
1.124355921384228516e+10
1.124355884669324875e+10
1.124355909865153313e+10
1.124355893152098274e+10
1.124355897297165871e+10
1.124355909259186172e+10
1.124355890092438507e+10
1.124355932779322624e+10
1.124355888474315071e+10
1.124355945796770668e+10
1.124355888351971436e+10
1.124355945327351952e+10
1.124355889877705002e+10
1.124355942295382881e+10
1.124355891525989532e+10
1.124355930368425179e+10
1.124355897951887703e+10
1.124355913370831299e+10
1.124355910295402718e+10
1.124355901307523727e+10
1.124355928335885048e+10
1.124355895236082840e+10
1.124355946461546135e+10
1.124355895426999855e+10
1.124355959585183525e+10
1.124355894441646576e+10
1.124355958804286575e+10
1.124355894886626434e+10
1.124355944860390854e+10
1.124355898767276001e+10
1.124355928127355194e+10
1.124355908131778145e+10
1.124355912975804520e+10
1.124355926948618889e+10
1.124355903702822304e+10
1.124355948076059341e+10
1.124355899836063385e+10
1.124355963748916054e+10
1.124355899555975151e+10
1.124355966931899452e+10
1.124355900023171425e+10
1.124355960409803772e+10
1.124355903787693405e+10
1.124355944602812767e+10
1.124355912758426476e+10
1.124355928145541000e+10
1.124355929833746910e+10
1.124355917058080292e+10
1.124355950524552917e+10
1.124355911891405106e+10
1.124355970971928215e+10
1.124355911069155121e+10
1.124355986524542046e+10
1.124355912121305275e+10
1.124355989798518944e+10
1.124355915498336411e+10
1.124355980898573494e+10
1.124355922537171173e+10
1.124355961854593277e+10
1.124355938610754204e+10
1.124355941753600693e+10
1.124355967821593666e+10
1.124355932183661461e+10
1.124356000440768051e+10
1.124355930969889259e+10
1.124356023679974556e+10
1.124355932839608765e+10
1.124356036473052025e+10
1.124355935842022324e+10
1.124356029632464409e+10
1.124355939287964249e+10
1.124356001563615036e+10
1.124355953541181946e+10
1.124355971488813591e+10
1.124355984281550407e+10
1.124355954496430206e+10
1.124356025676646423e+10
1.124355949990005302e+10
1.124356062602564049e+10
1.124355953981757927e+10
1.124356085315689659e+10
1.124355954002754211e+10
1.124356073216753578e+10
1.124355952380175018e+10
1.124356034214237022e+10
1.124355957443018532e+10
1.124355998492461586e+10
1.124355978543349075e+10
1.124355969007443619e+10
1.124356024672569275e+10
1.124355960383264732e+10
1.124356084049896812e+10
1.124355968606674576e+10
1.124356117438902092e+10
1.124355971602841187e+10
1.124356117081728935e+10
1.124355965857739258e+10
1.124356075016143417e+10
1.124355959218243980e+10
1.124356016627066994e+10
1.124355974527413559e+10
1.124355976513827705e+10
1.124356022307872581e+10
1.124355967135856056e+10
1.124356087230054092e+10
1.124355978732960701e+10
1.124356140194125366e+10
1.124355989211534309e+10
1.124356150279200745e+10
1.124355983743731880e+10
1.124356113991250038e+10
1.124355970310660744e+10
1.124356053624796867e+10
1.124355972150599289e+10
1.124355997983973122e+10
1.124356010392503548e+10
1.124355978492798233e+10
1.124356085297850800e+10
1.124355996443078804e+10
1.124356169706830597e+10
1.124356022683247375e+10
1.124356205235653687e+10
1.124356026002613258e+10
1.124356181729238510e+10
1.124356006138453102e+10
1.124356105954679108e+10
1.124355988276591301e+10
1.124356031792917252e+10
1.124356014249066544e+10
1.124356000565792847e+10
1.124356093832069588e+10
1.124356018628623581e+10
1.124356196748478317e+10
1.124356058253085327e+10
1.124356267587333679e+10
1.124356079106623077e+10
1.124356263407862854e+10
1.124356053691636848e+10
1.124356177178227425e+10
1.124356019318788147e+10
1.124356083188619804e+10
1.124356019051775169e+10
1.124356027202574730e+10
1.124356087389114761e+10
1.124356041912128448e+10
1.124356200112819672e+10
1.124356098830144691e+10
1.124356305728846741e+10
1.124356146729989243e+10
1.124356333082872581e+10
1.124356135442409515e+10
1.124356271956239510e+10
1.124356080068594170e+10
1.124356151114428711e+10
1.124356036198373985e+10
1.124356061682183456e+10
1.124356064353668976e+10
1.124356053016134071e+10
1.124356173184189796e+10
1.124356124915526199e+10
1.124356321463165474e+10
1.124356210516428566e+10
1.124356403834597397e+10
1.124356235991510010e+10
1.124356372630455780e+10
1.124356180252686310e+10
1.124356238530869675e+10
1.124356086788368988e+10
1.124356107764626122e+10
1.124356060758868217e+10
1.124356070828309631e+10
1.124356151194158173e+10
1.124356154361848068e+10
1.124356322279489136e+10
1.124356288189255714e+10
1.124356458031162262e+10
1.124356355544298553e+10
1.124356463794113922e+10
1.124356306413088036e+10
1.124356338194476318e+10
1.124356180608787537e+10
1.124356171992694092e+10
1.124356089246299171e+10
1.124356094340844154e+10
1.124356130696974754e+10
1.124356168653391266e+10
1.124356310411871719e+10
1.124356352421526718e+10
1.124356522705401802e+10
1.124356509598527336e+10
1.124356616423239899e+10
1.124356513818894196e+10
1.124356519321538734e+10
1.124356361148233414e+10
1.124356306946792603e+10
1.124356187230718613e+10
1.124356157245195198e+10
1.124356152022710037e+10
1.124356199082919121e+10
1.124356312580331039e+10
1.124356420558512878e+10
1.124356586008233261e+10
1.124356671854676437e+10
1.124356772370736694e+10
1.124356757746277237e+10
1.124356728057194519e+10
1.124356612633761215e+10
1.124356492639196777e+10
1.124356350617977142e+10
1.124356254895070457e+10
1.124356204941494370e+10
1.124356234476587868e+10
1.124356315322548103e+10
1.124356474247680473e+10
1.124356623071067429e+10
1.124356825644835281e+10
1.124356915270723915e+10
1.124357038451916504e+10
1.124356956894025421e+10
1.124356926499129295e+10
1.124356719942032814e+10
1.124356608542344666e+10
1.124356409870147705e+10
1.124356332811322212e+10
1.124356288340867233e+10
1.124356328362556458e+10
1.124356515967558861e+10
1.124356637021668625e+10
1.124356986240338326e+10
1.124357046458055115e+10
1.124357378439200974e+10
1.124357242568187523e+10
1.124357409629505730e+10
1.124357080361656761e+10
1.124357077633551979e+10
1.124356693760956955e+10
1.124356621192993355e+10
1.124356425648154068e+10
1.124356419616010094e+10
1.124356570166537857e+10
1.124356666139053917e+10
1.124357127996598434e+10
1.124357188236731529e+10
1.124357747875590515e+10
1.124357581798695755e+10
1.124357978568277550e+10
1.124357527996686935e+10
1.124357669584696198e+10
1.124357088900737762e+10
1.124357065990526772e+10
1.124356642680657196e+10
1.124356615386754990e+10
1.124356626046514320e+10
1.124356699444594955e+10
1.124357195529150581e+10
1.124357271901782417e+10
1.124358033694775200e+10
1.124357916080271339e+10
1.124358591593705368e+10
1.124358087502052307e+10
1.124358434701808357e+10
1.124357670146785355e+10
1.124357701589991379e+10
1.124357013007481766e+10
1.124356969018922424e+10
1.124356750265411377e+10
1.124356801681140518e+10
1.124357240197319603e+10
1.124357384671117973e+10
1.124358298015976906e+10
1.124358297719703484e+10
1.124359244299627876e+10
1.124358821841788864e+10
1.124359450645952988e+10
1.124358575677471161e+10
1.124358721979177094e+10
1.124357738235687828e+10
1.124357647627347565e+10
1.124357080457895279e+10
1.124357077102414894e+10
1.124357321511091995e+10
1.124357515947495651e+10
1.124358530957725716e+10
1.124358691389866257e+10
1.124359957498300934e+10
1.124359649830433655e+10
1.124360590714868355e+10
1.124359667234950638e+10
1.124359996639966011e+10
1.124358732915580750e+10
1.124358627962016106e+10
1.124357636728702354e+10
1.124357535283646202e+10
1.124357449796196556e+10
1.124357616272627258e+10
1.124358558400251579e+10
1.124358855620442390e+10
1.124360392510860443e+10
1.124360347360635757e+10
1.124361734418044281e+10
1.124360935466459465e+10
1.124361609424806786e+10
1.124360141448296928e+10
1.124360106189583778e+10
1.124358621436178589e+10
1.124358397896134377e+10
1.124357793757634735e+10
1.124357870944941139e+10
1.124358588354738998e+10
1.124359015606726837e+10
1.124360782508828926e+10
1.124361054474694824e+10
1.124362947221298027e+10
1.124362401924343109e+10
1.124363557389177895e+10
1.124362039193283844e+10
1.124362176703690338e+10
1.124360244204105377e+10
1.124359849536682892e+10
1.124358591105497169e+10
1.124358447242085648e+10
1.124358699362900925e+10
1.124359194602578354e+10
1.124360944919275665e+10
1.124361707628996849e+10
1.124363997351571655e+10
1.124364092058761024e+10
1.124365684461865044e+10
1.124364504672398567e+10
1.124364759707422256e+10
1.124362632440360641e+10
1.124361972509117699e+10
1.124360083216496849e+10
1.124359532007923889e+10
1.124359097708973312e+10
1.124359486685587502e+10
1.124360961972146797e+10
1.124362183257375145e+10
1.124364738601233101e+10
1.124365768872458839e+10
1.124367874575186920e+10
1.124367576666832542e+10
1.124368092663008308e+10
1.124366258710662079e+10
1.124365243178623772e+10
1.124362830559581947e+10
1.124361539754496765e+10
1.124360263628344536e+10
1.124360172229821014e+10
1.124361085620928764e+10
1.124362617854607010e+10
1.124365256916930580e+10
1.124367430434267426e+10
1.124370066603540230e+10
1.124371143211840248e+10
1.124371976426868057e+10
1.124370943485248756e+10
1.124369547843472672e+10
1.124366993100250244e+10
1.124364704459716225e+10
1.124362571719506645e+10
1.124361503003650284e+10
1.124361566128083038e+10
1.124362946797639465e+10
1.124365460417857170e+10
1.124368671972694016e+10
1.124371914532203865e+10
1.124374792337302780e+10
1.124376365826852989e+10
1.124376868634474754e+10
1.124375390086634064e+10
1.124373228431930542e+10
1.124369773024408722e+10
1.124366835941626549e+10
1.124364168846735954e+10
1.124363145687930489e+10
1.124363707311352730e+10
1.124365734495208740e+10
1.124369683025971794e+10
1.124373429450429344e+10
1.124378420599163055e+10
1.124380839903845024e+10
1.124383776187805367e+10
1.124382451604199028e+10
1.124381673186844063e+10
1.124376916683815002e+10
1.124373790899545479e+10
1.124368861663407516e+10
1.124366601126368713e+10
1.124365324723065567e+10
1.124366401998659897e+10
1.124370453302395821e+10
1.124374380934068108e+10
1.124381698939464378e+10
1.124385056722106934e+10
1.124391412461675072e+10
1.124390519075041389e+10
1.124392541002819633e+10
1.124386524546964073e+10
1.124384256763876724e+10
1.124376313248962784e+10
1.124373087089004135e+10
1.124368678598733330e+10
1.124368375677024460e+10
1.124371264520676613e+10
1.124374837374886703e+10
1.124384237207909775e+10
1.124388375575375175e+10
1.124399277574644279e+10
1.124399066411137390e+10
1.124405886272471809e+10
1.124398703401622772e+10
1.124399121281042480e+10
1.124387528648458672e+10
1.124384248213305092e+10
1.124375045205103683e+10
1.124373227582271194e+10
1.124373022587837410e+10
1.124375663543754196e+10
1.124385941034538078e+10
1.124390828431987953e+10
1.124406542136308098e+10
1.124407694300299454e+10
1.124420898522107124e+10
1.124413400550329781e+10
1.124418615756218147e+10
1.124403281467716026e+10
1.124401334642516708e+10
1.124385874161237907e+10
1.124382709954585266e+10
1.124376924585377884e+10
1.124378076894742393e+10
1.124386896115206528e+10
1.124392277777899933e+10
1.124412256694871902e+10
1.124415557622825050e+10
1.124436679439215660e+10
1.124430082153849602e+10
1.124442707632089615e+10
1.124424423034012794e+10
1.124426015238534164e+10
1.124403315391623688e+10
1.124399505317821312e+10
1.124385268957563210e+10
1.124384377660757256e+10
1.124388641791506767e+10
1.124393919996656799e+10
1.124416334850473785e+10
1.124422228972507858e+10
1.124451840067869186e+10
1.124448055911120033e+10
1.124470605020826149e+10
1.124451041738936043e+10
1.124459143408635330e+10
1.124428979957210159e+10
1.124426093635641289e+10
1.124400768112141609e+10
1.124397465932073402e+10
1.124392899268239784e+10
1.124396819735847282e+10
1.124418440827843666e+10
1.124426645217812347e+10
1.124464782668378639e+10
1.124465246638233757e+10
1.124501288484761238e+10
1.124482567137918472e+10
1.124501710852907753e+10
1.124464747036953735e+10
1.124466029339196396e+10
1.124427030167960739e+10
1.124421811276619148e+10
1.124403272958509254e+10
1.124404447529987526e+10
1.124420291240044975e+10
1.124429927239130211e+10
1.124474782893664932e+10
1.124480544509527397e+10
1.124532667039182091e+10
1.124517639605895233e+10
1.124553462712335014e+10
1.124511702187295151e+10
1.124522225064634514e+10
1.124468058237887001e+10
1.124462796454933929e+10
1.124424755163098145e+10
1.124421913353141403e+10
1.124424681390664291e+10
1.124433848672739601e+10
1.124480615450929070e+10
1.124492513958702850e+10
1.124561553290372467e+10
1.124554312689178658e+10
1.124612614069647789e+10
1.124570696953281975e+10
1.124597009893658638e+10
1.124528572718852425e+10
1.124526718419125557e+10
1.124464179906506157e+10
1.124456399093442917e+10
1.124437182319336700e+10
1.124443378125915909e+10
1.124484121691389465e+10
1.124502017477935982e+10
1.124585018076882744e+10
1.124589890220033646e+10
1.124674186233680534e+10
1.124639280394587708e+10
1.124688701443444824e+10
1.124611039833436203e+10
1.124617799289841270e+10
1.124528680033324242e+10
1.124516057373455238e+10
1.124465552837155533e+10
1.124464774119610977e+10
1.124487721118357658e+10
1.124508720413973618e+10
1.124599087177232552e+10
1.124619423524656868e+10
1.124732348782489204e+10
1.124713617774097061e+10
1.124795381007020760e+10
1.124717347080105019e+10
1.124741650006485558e+10
1.124627796923175621e+10
1.124612214266387367e+10
1.124521892625601959e+10
1.124509516793529320e+10
1.124500512913854980e+10
1.124519346585558128e+10
1.124606259313039017e+10
1.124642519998892021e+10
1.124783295986319351e+10
1.124788783969161415e+10
1.124911962391397858e+10
1.124845439059164238e+10
1.124900072485581207e+10
1.124767759901136208e+10
1.124756375891779327e+10
1.124620574070505905e+10
1.124593300296813011e+10
1.124536247419868088e+10
1.124543804959178543e+10
1.124610377362864113e+10
1.124657744437619972e+10
1.124820194656485367e+10
1.124857399733155441e+10
1.125030775755625153e+10
1.124991546854319954e+10
1.125092125105225182e+10
1.124954878427828026e+10
1.124959498373237610e+10
1.124778074415010452e+10
1.124735346479502678e+10
1.124614181632967186e+10
1.124599677946580315e+10
1.124623206291734314e+10
1.124672441937238503e+10
1.124841824124707985e+10
1.124913828065724945e+10
1.125140223039504433e+10
1.125146193074293518e+10
1.125311013916377258e+10
1.125190599310101700e+10
1.125229574113194656e+10
1.125012353586667252e+10
1.124957959055650902e+10
1.124760915127054596e+10
1.124712129088309669e+10
1.124665314518010712e+10
1.124699924675292206e+10
1.124851097192464447e+10
1.124955347862870979e+10
1.125228339222670364e+10
1.125298988060105705e+10
1.125542563068715668e+10
1.125471203819526863e+10
1.125566230945519066e+10
1.125337428907015419e+10
1.125282308855612564e+10
1.125007785870809746e+10
1.124913516378988266e+10
1.124768600525213814e+10
1.124764709870755577e+10
1.124862790813948822e+10
1.124983770138991165e+10
1.125286242836329269e+10
1.125433080202106857e+10
1.125767598664282990e+10
1.125781831937882233e+10
1.125963505487459183e+10
1.125761395873461533e+10
1.125728105755885506e+10
1.125389606608332443e+10
1.125244797235253143e+10
1.124979094258952332e+10
1.124906255214476013e+10
1.124907927310949135e+10
1.125015809786115456e+10
1.125315203163407135e+10
1.125537724918368912e+10
1.125966429981022644e+10
1.126103109190482140e+10
1.126406652990679359e+10
1.126284589647280502e+10
1.126310559420625496e+10
1.125941584257698631e+10
1.125753758405549240e+10
1.125355591638667297e+10
1.125182576808503723e+10
1.125038982035073662e+10
1.125086962573454857e+10
1.125333996141786575e+10
1.125609571143321609e+10
1.126118377626916695e+10
1.126405771005601120e+10
1.126864338881637001e+10
1.126888269737245750e+10
1.127027432557113647e+10
1.126687022109435844e+10
1.126484227410166550e+10
1.125964504620470619e+10
1.125665908686422920e+10
1.125330642029654312e+10
1.125256829458544350e+10
1.125381430341435242e+10
1.125661342810478973e+10
1.126212646946153069e+10
1.126660013805855560e+10
1.127296829828266144e+10
1.127539865198990631e+10
1.127856475585949516e+10
1.127636094494520950e+10
1.127470500748493767e+10
1.126874939842582130e+10
1.126443501992009544e+10
1.125883701032545280e+10
1.125617570233244324e+10
1.125535409256978989e+10
1.125737314484266472e+10
1.126259982799267769e+10
1.126843027084738922e+10
1.127658111143799400e+10
1.128185216753631401e+10
1.128751984168260956e+10
1.128770530269032860e+10
1.128727990000220108e+10
1.128149859740200806e+10
1.127606537543702316e+10
1.126824779629627991e+10
1.126295515235717392e+10
1.125918169062561607e+10
1.125926234153249359e+10
1.126311976485446930e+10
1.126960534181209755e+10
1.127913247299912071e+10
1.128767964915199471e+10
1.129646669729334259e+10
1.130047318645062447e+10
1.130241810295529747e+10
1.129831056817136765e+10
1.129244888865217972e+10
1.128294252419048882e+10
1.127453408586033630e+10
1.126703635278743362e+10
1.126372799488985825e+10
1.126481794906338692e+10
1.127057504425125694e+10
1.128063142000442505e+10
1.129226377701024246e+10
1.130463017322438812e+10
1.131379183308263588e+10
1.131956989097109413e+10
1.131915583177622604e+10
1.131416361862580872e+10
1.130426953423475838e+10
1.129271143763764954e+10
1.128118654447116661e+10
1.127290221786905289e+10
1.126957940546111679e+10
1.127256399254366493e+10
1.128156048697918892e+10
1.129527876170374489e+10
1.131115259798188210e+10
1.132638312550081253e+10
1.133771382626415443e+10
1.134332063726387024e+10
1.134143844697639084e+10
1.133321811253654289e+10
1.131947551550186348e+10
1.130413328961067009e+10
1.128965561555563736e+10
1.128021820728703117e+10
1.127773002703024292e+10
1.128341034613420868e+10
1.129714435994857788e+10
1.131555585018065262e+10
1.133722250184684944e+10
1.135529382153674698e+10
1.136973611736295509e+10
1.137352641276986122e+10
1.137041220161548233e+10
1.135628662648689270e+10
1.133883238228910828e+10
1.131742517363068390e+10
1.130061334526262856e+10
1.128959298558812332e+10
1.128892949452884674e+10
1.129934631264161682e+10
1.131816087175708389e+10
1.134516001320263290e+10
1.137086007002976608e+10
1.139628073934098053e+10
1.140924584050168419e+10
1.141528164373149109e+10
1.140434387136909866e+10
1.138767658235592461e+10
1.136012010776540756e+10
1.133558989714046097e+10
1.131302591803631973e+10
1.130263862079917526e+10
1.130498758258462524e+10
1.132058859405759811e+10
1.135005111902416611e+10
1.138255896546654320e+10
1.142061166358581924e+10
1.144578888558790207e+10
1.146622356148791313e+10
1.146323044539324951e+10
1.145260096985401726e+10
1.142143550948812103e+10
1.139052020775461197e+10
1.135436676187332153e+10
1.133089436776175690e+10
1.131946491115328979e+10
1.132662460699014854e+10
1.135333332071970367e+10
1.139013426279978180e+10
1.144004190726712990e+10
1.148030933982882881e+10
1.151977866763030815e+10
1.153131601561309624e+10
1.153352253260790825e+10
1.150427412117549515e+10
1.147086837979629898e+10
1.142093190115642929e+10
1.138222853369029427e+10
1.135085555386335182e+10
1.134307423990731430e+10
1.135912128871660805e+10
1.139495484415848923e+10
1.145308694596500587e+10
1.150926379846154404e+10
1.157156552363990402e+10
1.160485108427167320e+10
1.162859177438960648e+10
1.160993267562415886e+10
1.158106833173399925e+10
1.152075506459534836e+10
1.146668828157677460e+10
1.141035996145180511e+10
1.138031003087850761e+10
1.137557610828220940e+10
1.140173313462866402e+10
1.146059561108691597e+10
1.153008594364541245e+10
1.161650193177898598e+10
1.167842156510752678e+10
1.173328298997150421e+10
1.173707749388997650e+10
1.172359233296476746e+10
1.166108384707854080e+10
1.159527291117997932e+10
1.151169102126956558e+10
1.145274993734511757e+10
1.141562401192921448e+10
1.142015244442046165e+10
1.146754074611991501e+10
1.154291822362047005e+10
1.165045385217392540e+10
1.174487658462161636e+10
1.184036620876805687e+10
1.188016769303584862e+10
1.189773860383761978e+10
1.184629507633801079e+10
1.177889809534119415e+10
1.167039789862833214e+10
1.157888774989984322e+10
1.149814930475748444e+10
1.146646982324303055e+10
1.148513187324931717e+10
1.155285609739401054e+10
1.167152640106372833e+10
1.179802451470270920e+10
1.193998404793834686e+10
1.203090067533212662e+10
1.209742711811990356e+10
1.207755033897821808e+10
1.202497229117590523e+10
1.190223293187082672e+10
1.178033608922862434e+10
1.164749486730083466e+10
1.156478803467993927e+10
1.153321527615220070e+10
1.157254289266396904e+10
1.168445215760791206e+10
1.183324246331349945e+10
1.202253636369100571e+10
1.217519526830578423e+10
1.231144936131228638e+10
1.234813108853150940e+10
1.233640064953991127e+10
1.222001158211344910e+10
1.207874080873522186e+10
1.189339689266843224e+10
1.174681964996897316e+10
1.164234228973724556e+10
1.162632754878829956e+10
1.170312070549122810e+10
1.185524957788523865e+10
1.208017423679260254e+10
1.230098512350733185e+10
1.252293705032920837e+10
1.264611065028605270e+10
1.270807415583732224e+10
1.263053033899269867e+10
1.249457095936874962e+10
1.226763606995865059e+10
1.205318602659237289e+10
1.185499103490980148e+10
1.175276290265414810e+10
1.175693074679125977e+10
1.187861090358350754e+10
1.211401313283081818e+10
1.239515782594406700e+10
1.271110806539080048e+10
1.294936599284929657e+10
1.312260688602326965e+10
1.313115096031196976e+10
1.303867536891266441e+10
1.280139399820851517e+10
1.252651223278177261e+10
1.222581386851482010e+10
1.200565302707649422e+10
1.189378638875402069e+10
1.193732708819703674e+10
1.213897776498227692e+10
1.245524840825549698e+10
1.285711789552334976e+10
1.323173582220973587e+10
1.355333906468641472e+10
1.370497384460208893e+10
1.371253219920907974e+10
1.351628002009440613e+10
1.321287916218981171e+10
1.281656808244185829e+10
1.245730562491908646e+10
1.218539692965533066e+10
1.208997106231655502e+10
1.219615818010544395e+10
1.249498064080585861e+10
1.295207423668088913e+10
1.346440057061666107e+10
1.396335553962620163e+10
1.431887926616591644e+10
1.449553088180925369e+10
1.442125523995359230e+10
1.414439250562307549e+10
1.369347287810843468e+10
1.319046006961022377e+10
1.272699621129409409e+10
1.242611949316520691e+10
1.235742527806272316e+10
1.255831455139015007e+10
1.300696148417646599e+10
1.362790121791128540e+10
1.431064678798519897e+10
1.492347725920820808e+10
1.534715357500161552e+10
