2.999935610998204563e-02
2.999935610979763065e-02
2.999935610982860240e-02
2.999935610982952527e-02
2.999935610980245318e-02
2.999935610988843648e-02
2.999935610984053383e-02
2.999935610989550722e-02
2.999935610984099874e-02
2.999935610982967099e-02
2.999935610984377776e-02
2.999935610979341874e-02
2.999935610979846679e-02
2.999935610984678577e-02
2.999935610991437754e-02
2.999935610993623158e-02
2.999935610984423226e-02
2.999935610990272020e-02
2.999935610991544960e-02
2.999935610997305976e-02
2.999935610988381171e-02
2.999935610992164603e-02
2.999935610987219253e-02
2.999935610986483384e-02
2.999935610991614349e-02
2.999935610986685652e-02
2.999935610986992698e-02
2.999935610987510687e-02
2.999935610987086720e-02
2.999935610985745779e-02
2.999935610999117722e-02
2.999935611000350763e-02
2.999935610997445448e-02
2.999935611002036914e-02
2.999935611001168512e-02
2.999935611002774519e-02
2.999935610995018223e-02
2.999935610997512062e-02
2.999935610996449023e-02
2.999935610996564903e-02
2.999935610991393692e-02
2.999935610991815230e-02
2.999935610993232846e-02
2.999935610987505830e-02
2.999935610987792406e-02
2.999935610988653523e-02
2.999935610995067836e-02
2.999935610990075996e-02
2.999935610991081789e-02
2.999935611000757382e-02
2.999935611000933283e-02
2.999935611000415989e-02
2.999935610999385910e-02
2.999935610998820043e-02
2.999935611000928426e-02
2.999935610996690843e-02
2.999935610994299007e-02
2.999935610995923055e-02
2.999935610996319613e-02
2.999935610988069962e-02
2.999935610996292551e-02
2.999935610998046009e-02
2.999935610996905949e-02
2.999935610997540858e-02
2.999935610999543423e-02
2.999935611004075214e-02
2.999935611002527841e-02
2.999935611003770250e-02
2.999935611005225683e-02
2.999935611006118372e-02
2.999935611001099123e-02
2.999935610997876700e-02
2.999935610997847557e-02
2.999935610996845928e-02
2.999935610995672214e-02
2.999935610991908211e-02
2.999935610996089935e-02
2.999935610995145552e-02
2.999935610993995777e-02
2.999935610995559110e-02
2.999935610995823482e-02
2.999935610999247132e-02
2.999935611001100857e-02
2.999935611004120664e-02
2.999935611003537797e-02
2.999935611004332300e-02
2.999935611002102834e-02
2.999935611000981855e-02
2.999935611001151858e-02
2.999935610990391716e-02
2.999935610989663132e-02
2.999935610987317439e-02
2.999935610992213869e-02
2.999935610993494095e-02
2.999935610993276908e-02
2.999935610998652816e-02
2.999935610999356767e-02
2.999935610999996879e-02
2.999935611002118099e-02
2.999935611009553471e-02
2.999935611012736342e-02
2.999935611013367087e-02
2.999935611012935141e-02
2.999935611012415418e-02
2.999935611014343043e-02
2.999935611007465211e-02
2.999935611008071323e-02
2.999935611008693048e-02
2.999935611007290004e-02
2.999935611003163791e-02
2.999935611002536168e-02
2.999935611004404118e-02
2.999935611001429414e-02
2.999935611002942787e-02
2.999935611006986427e-02
2.999935611005359604e-02
2.999935611006056962e-02
2.999935611008449493e-02
2.999935611007540845e-02
2.999935611006633238e-02
2.999935611006570441e-02
2.999935611006442071e-02
2.999935611009561798e-02
2.999935611009055952e-02
2.999935611011969247e-02
2.999935611012459827e-02
2.999935611012721076e-02
2.999935611011345094e-02
2.999935611009621472e-02
2.999935611013041306e-02
2.999935611015628473e-02
2.999935611012915365e-02
2.999935611015905335e-02
2.999935611016016357e-02
2.999935611023571772e-02
2.999935611021670168e-02
2.999935611020117243e-02
2.999935611021168486e-02
2.999935611019485804e-02
2.999935611019124287e-02
2.999935611020720927e-02
2.999935611019451109e-02
2.999935611019942036e-02
2.999935611017230663e-02
2.999935611020347268e-02
2.999935611024127924e-02
2.999935611025834892e-02
2.999935611024499849e-02
2.999935611025463661e-02
2.999935611025963955e-02
2.999935611033770905e-02
2.999935611031515764e-02
2.999935611029823368e-02
2.999935611027334387e-02
2.999935611025492110e-02
2.999935611025905668e-02
2.999935611032460842e-02
2.999935611024947407e-02
2.999935611020442677e-02
2.999935611016923270e-02
2.999935611018091086e-02
2.999935611012724546e-02
2.999935611011365216e-02
2.999935611013545764e-02
2.999935611012592707e-02
2.999935611014125161e-02
2.999935611012450459e-02
2.999935611015634024e-02
2.999935611016658898e-02
2.999935611016742165e-02
2.999935611013741094e-02
2.999935611015556308e-02
2.999935611016136400e-02
2.999935611013831993e-02
2.999935611011434605e-02
2.999935611012070555e-02
2.999935611012549685e-02
2.999935611011955022e-02
2.999935611011452993e-02
2.999935611012380376e-02
2.999935611013906239e-02
2.999935611018551135e-02
2.999935611013593989e-02
2.999935611017961329e-02
2.999935611014899889e-02
2.999935611016761247e-02
2.999935611019664827e-02
2.999935611019331413e-02
2.999935611021761761e-02
2.999935611022045562e-02
2.999935611025445620e-02
2.999935611025773829e-02
2.999935611024086290e-02
2.999935611025233984e-02
2.999935611022894189e-02
2.999935611023213725e-02
2.999935611017490872e-02
2.999935611018894610e-02
2.999935611019020204e-02
2.999935611015946968e-02
2.999935611015391856e-02
2.999935611016287668e-02
2.999935611018498052e-02
2.999935611016386547e-02
2.999935611017903736e-02
2.999935611020553006e-02
2.999935611020811826e-02
2.999935611020979748e-02
2.999935611018208700e-02
2.999935611020212653e-02
2.999935611018191700e-02
2.999935611019032000e-02
2.999935611018147985e-02
2.999935611021543880e-02
2.999935611020716070e-02
2.999935611019221432e-02
2.999935611020979748e-02
2.999935611020640436e-02
2.999935611022786983e-02
2.999935611019579826e-02
2.999935611023337584e-02
2.999935611019281453e-02
2.999935611018975795e-02
2.999935611018408887e-02
2.999935611016681103e-02
2.999935611014020037e-02
2.999935611013889933e-02
2.999935611015260017e-02
2.999935611015949397e-02
2.999935611015428633e-02
2.999935611011913389e-02
2.999935611010878800e-02
2.999935611014523107e-02
2.999935611010082909e-02
2.999935611012256170e-02
2.999935611011139355e-02
2.999935611011097722e-02
2.999935611016438242e-02
2.999935611017685855e-02
2.999935611025843912e-02
2.999935611030003779e-02
2.999935611029331747e-02
2.999935611027907539e-02
2.999935611026924645e-02
2.999935611029695345e-02
2.999935611023771959e-02
2.999935611022376894e-02
2.999935611016667919e-02
2.999935611017827408e-02
2.999935611014893297e-02
2.999935611014144243e-02
2.999935611019310250e-02
2.999935611019978465e-02
2.999935611022865739e-02
2.999935611020328879e-02
2.999935611007788910e-02
2.999935611005747835e-02
2.999935611005487973e-02
2.999935611006067371e-02
2.999935611007889177e-02
2.999935611012428949e-02
2.999935611005736733e-02
2.999935611006786934e-02
2.999935611003405264e-02
2.999935611002729416e-02
2.999935611001402352e-02
2.999935610999755753e-02
2.999935611001432884e-02
2.999935611001263575e-02
2.999935611000507929e-02
2.999935610999129171e-02
2.999935610991885312e-02
2.999935610989840767e-02
2.999935610990726517e-02
2.999935610993637730e-02
2.999935610994237251e-02
2.999935610994821852e-02
2.999935610993684221e-02
2.999935610995329432e-02
2.999935610993548218e-02
2.999935610995975444e-02
2.999935610993070823e-02
2.999935610991555368e-02
2.999935610998353402e-02
2.999935610989397025e-02
2.999935610993987450e-02
2.999935610994988733e-02
2.999935610995299595e-02
2.999935610993040291e-02
2.999935610994506133e-02
2.999935611002015404e-02
2.999935611001495334e-02
2.999935611002456023e-02
2.999935611001619887e-02
2.999935611005445646e-02
2.999935611001985566e-02
2.999935610997330609e-02
2.999935610999665547e-02
2.999935610998957433e-02
2.999935611000162719e-02
2.999935610991572021e-02
2.999935610994827057e-02
2.999935610996959379e-02
2.999935610996307123e-02
2.999935610997456897e-02
2.999935610998404403e-02
2.999935611004526242e-02
2.999935611002094160e-02
2.999935611001920688e-02
2.999935611002620822e-02
2.999935611004252850e-02
2.999935610999283908e-02
2.999935610996886520e-02
2.999935610999270724e-02
2.999935610996468105e-02
2.999935610991875251e-02
2.999935610991787127e-02
2.999935610994258414e-02
2.999935610993928817e-02
2.999935610990738660e-02
2.999935610990701190e-02
2.999935610991814883e-02
2.999935610993780324e-02
2.999935610990559984e-02
2.999935610996282490e-02
2.999935610996501759e-02
2.999935610992682244e-02
2.999935610990435431e-02
2.999935610990069057e-02
2.999935610992565671e-02
2.999935610990340021e-02
2.999935610988771484e-02
2.999935610990378532e-02
2.999935610990489207e-02
2.999935610988518908e-02
2.999935610985282608e-02
2.999935610992666632e-02
2.999935610992325585e-02
2.999935610992246135e-02
2.999935610991481816e-02
2.999935610997206056e-02
2.999935610996537841e-02
2.999935610993508320e-02
2.999935610995645152e-02
2.999935610995883850e-02
2.999935610995579927e-02
2.999935610985853332e-02
2.999935610986370627e-02
2.999935610985771106e-02
2.999935610982994855e-02
2.999935610983702969e-02
2.999935610982293679e-02
2.999935610989905993e-02
2.999935610988850587e-02
2.999935610987579729e-02
2.999935610989047999e-02
2.999935610988584134e-02
2.999935610989143756e-02
2.999935610991025237e-02
2.999935610996527086e-02
2.999935610996770988e-02
2.999935610995481741e-02
2.999935611001034591e-02
2.999935611000531868e-02
2.999935611001949831e-02
2.999935611001903341e-02
2.999935611002356450e-02
2.999935611002455330e-02
2.999935611001294800e-02
2.999935611001312494e-02
2.999935611002273531e-02
2.999935611003620370e-02
2.999935611003743535e-02
2.999935611002143426e-02
2.999935611005399502e-02
2.999935611002517433e-02
2.999935611006034064e-02
2.999935611004478364e-02
2.999935611008151815e-02
2.999935611006999611e-02
2.999935611008667721e-02
2.999935611004527630e-02
2.999935611004856534e-02
2.999935611004819064e-02
2.999935611003445163e-02
2.999935611003839986e-02
2.999935611003569022e-02
2.999935611000895813e-02
2.999935611000041982e-02
2.999935610998444649e-02
2.999935611001755542e-02
2.999935610999831387e-02
2.999935611003558267e-02
2.999935611001054020e-02
2.999935611001751379e-02
2.999935611002940011e-02
2.999935611004534569e-02
2.999935611004525549e-02
2.999935611003420877e-02
2.999935611004210870e-02
2.999935611004722266e-02
2.999935611005931022e-02
2.999935611005243030e-02
2.999935611003284180e-02
2.999935611005240255e-02
2.999935611002128508e-02
2.999935611003928804e-02
2.999935611001386046e-02
2.999935611004245911e-02
2.999935611002615271e-02
2.999935611003499286e-02
2.999935611005175029e-02
2.999935611005066435e-02
2.999935611005278419e-02
2.999935611004722960e-02
2.999935611005959124e-02
2.999935611006574257e-02
2.999935611004969291e-02
2.999935611005091068e-02
2.999935611002755090e-02
2.999935611003657493e-02
2.999935610999378277e-02
2.999935610999922980e-02
2.999935611000519031e-02
2.999935610999613506e-02
2.999935610998473792e-02
2.999935610998448465e-02
2.999935611001930055e-02
2.999935610998313851e-02
2.999935610998923086e-02
2.999935611000587032e-02
2.999935611002316899e-02
2.999935611003468061e-02
2.999935611001598723e-02
2.999935611002112201e-02
2.999935611001136246e-02
2.999935611000787219e-02
2.999935610998736082e-02
2.999935610999353991e-02
2.999935610999549321e-02
2.999935610996378593e-02
2.999935610996941338e-02
2.999935610996600291e-02
2.999935610998619162e-02
2.999935610997439897e-02
2.999935611000442703e-02
2.999935611006109004e-02
2.999935611006538522e-02
2.999935611008566760e-02
2.999935611006919814e-02
2.999935611005677405e-02
2.999935611003997499e-02
2.999935611002726293e-02
2.999935611001239982e-02
2.999935611001624744e-02
2.999935610999959062e-02
2.999935610996345980e-02
2.999935611001695174e-02
2.999935611002150018e-02
2.999935611001547028e-02
2.999935610999059088e-02
2.999935610998855431e-02
2.999935611004448180e-02
2.999935611002263816e-02
2.999935611003640146e-02
2.999935611006100677e-02
2.999935611005178845e-02
2.999935611001051244e-02
2.999935611000798322e-02
2.999935611003528776e-02
2.999935611004284769e-02
2.999935611001209104e-02
2.999935611000347294e-02
2.999935611003675534e-02
2.999935611002308225e-02
2.999935610996685986e-02
2.999935610995269411e-02
2.999935610995618437e-02
2.999935610995739521e-02
2.999935610992687102e-02
2.999935611002750233e-02
2.999935611004927657e-02
2.999935611005242336e-02
2.999935611002247510e-02
2.999935611001921729e-02
2.999935611005494912e-02
2.999935611000145372e-02
2.999935611000553726e-02
2.999935610998026234e-02
2.999935610996830662e-02
2.999935610998185481e-02
2.999935610999060129e-02
2.999935610999945185e-02
2.999935611000639768e-02
2.999935611001217778e-02
2.999935611000507235e-02
2.999935610999342542e-02
2.999935610998116092e-02
2.999935610996357083e-02
2.999935610995955321e-02
2.999935610994912058e-02
2.999935610993551341e-02
2.999935610988531398e-02
2.999935610989160409e-02
2.999935610986958351e-02
2.999935610990843785e-02
2.999935610988445703e-02
2.999935610988424886e-02
2.999935610990404553e-02
2.999935610992242319e-02
2.999935610992967433e-02
2.999935610991612961e-02
2.999935610996323082e-02
2.999935610995081367e-02
2.999935610993547525e-02
2.999935610998172991e-02
2.999935610998107072e-02
2.999935610999036537e-02
2.999935611002510841e-02
2.999935611005574015e-02
2.999935611003707453e-02
2.999935611004901984e-02
2.999935611004308014e-02
2.999935611003396244e-02
2.999935611007985975e-02
2.999935611001279881e-02
2.999935611003473612e-02
2.999935611004105052e-02
2.999935611006942365e-02
2.999935611007281677e-02
2.999935611007500946e-02
2.999935611002124691e-02
2.999935610998484894e-02
2.999935610999999655e-02
2.999935611000019778e-02
2.999935610998795410e-02
2.999935610996350144e-02
2.999935610992495588e-02
2.999935610996918439e-02
2.999935610994224414e-02
2.999935610996957297e-02
2.999935610995775256e-02
2.999935610998757593e-02
2.999935610999363705e-02
2.999935611001763869e-02
2.999935611004172706e-02
2.999935611004860350e-02
2.999935611008847439e-02
2.999935611005970920e-02
2.999935611007754563e-02
2.999935611008490433e-02
2.999935611006765770e-02
2.999935611006860833e-02
2.999935611006067718e-02
2.999935611010130093e-02
2.999935611011837061e-02
2.999935611010133216e-02
2.999935611008875541e-02
2.999935611009092382e-02
2.999935611009479919e-02
2.999935611007650826e-02
2.999935611007563396e-02
2.999935611007170655e-02
2.999935611007515171e-02
2.999935611007504416e-02
2.999935611008356512e-02
2.999935611009660330e-02
2.999935611010598469e-02
2.999935611010993639e-02
2.999935611011224704e-02
2.999935611011585179e-02
2.999935611010811840e-02
2.999935611005584771e-02
2.999935611005597608e-02
2.999935611005857122e-02
2.999935611005814795e-02
2.999935611004665020e-02
2.999935611007340311e-02
2.999935611007183839e-02
2.999935611006294967e-02
2.999935611007470762e-02
2.999935611008759662e-02
2.999935611009287711e-02
2.999935611009025074e-02
2.999935611006446234e-02
2.999935611007814584e-02
2.999935611004865554e-02
2.999935611006338335e-02
2.999935611004504732e-02
2.999935611006502439e-02
2.999935611004777430e-02
2.999935611004548447e-02
2.999935611005481034e-02
2.999935611004682368e-02
2.999935611004954719e-02
2.999935611003906599e-02
2.999935611001497068e-02
2.999935611002032404e-02
2.999935611000926344e-02
2.999935611006267558e-02
2.999935611001950525e-02
2.999935611003667207e-02
2.999935611000439234e-02
2.999935611003794883e-02
2.999935611001795094e-02
2.999935611001725705e-02
2.999935611002700273e-02
2.999935611001206329e-02
2.999935611001827013e-02
2.999935611000800403e-02
2.999935611001702807e-02
2.999935611000632135e-02
2.999935610998104990e-02
2.999935611000205046e-02
2.999935610997769495e-02
2.999935610999675262e-02
2.999935610996683905e-02
2.999935610997212648e-02
2.999935610995409924e-02
2.999935610996313021e-02
2.999935610999495544e-02
2.999935610998356525e-02
2.999935610997650839e-02
2.999935610992018539e-02
2.999935610993555157e-02
2.999935610992829696e-02
2.999935610992226706e-02
2.999935610990979093e-02
2.999935610988483867e-02
2.999935610989766521e-02
2.999935610987796569e-02
2.999935610988928997e-02
2.999935610987197743e-02
2.999935610989208634e-02
2.999935610990112772e-02
2.999935610989888646e-02
2.999935610993945817e-02
2.999935610991480775e-02
2.999935610995029325e-02
2.999935610992428975e-02
2.999935610994129351e-02
2.999935610992315871e-02
2.999935610989797052e-02
2.999935610990937807e-02
2.999935610987825713e-02
2.999935610991175811e-02
2.999935610990098894e-02
2.999935610988703483e-02
2.999935610989244716e-02
2.999935610988491846e-02
2.999935610988580664e-02
2.999935610986373055e-02
2.999935610993510748e-02
2.999935610990100976e-02
2.999935610992570181e-02
2.999935610993658894e-02
2.999935610996289775e-02
2.999935610998649693e-02
2.999935610994097779e-02
2.999935610998106378e-02
2.999935610996247795e-02
2.999935610996190549e-02
2.999935610997712943e-02
2.999935610997059299e-02
2.999935610996157243e-02
2.999935610988730544e-02
2.999935610989293289e-02
2.999935610986365769e-02
2.999935610992487262e-02
2.999935610992865431e-02
2.999935610992247176e-02
2.999935611000183189e-02
2.999935611000580787e-02
2.999935611000627625e-02
2.999935610998399199e-02
2.999935611002373798e-02
2.999935611001201818e-02
2.999935611000852792e-02
2.999935611000790342e-02
2.999935611000642890e-02
2.999935611002074037e-02
2.999935610997916252e-02
2.999935611001828401e-02
2.999935611002093466e-02
2.999935611001394720e-02
2.999935611001749991e-02
2.999935611002760641e-02
2.999935611010609918e-02
2.999935611009103137e-02
2.999935611011670181e-02
2.999935611013260228e-02
2.999935611015103892e-02
2.999935611014186571e-02
2.999935611016321668e-02
2.999935611020012119e-02
2.999935611018263518e-02
2.999935611016639123e-02
2.999935611012884140e-02
2.999935611016869147e-02
2.999935611015762393e-02
2.999935611016967679e-02
2.999935611015708964e-02
2.999935611017016945e-02
2.999935611018627810e-02
2.999935611016129114e-02
2.999935611022179482e-02
2.999935611025636092e-02
2.999935611025669746e-02
2.999935611025630194e-02
2.999935611024004412e-02
2.999935611025129206e-02
2.999935611022443854e-02
2.999935611021683005e-02
2.999935611020899603e-02
2.999935611021148016e-02
2.999935611017297277e-02
2.999935611016571121e-02
2.999935611016428527e-02
2.999935611016054174e-02
2.999935611017341339e-02
2.999935611015338427e-02
2.999935611015674616e-02
2.999935611014930420e-02
2.999935611015196180e-02
2.999935611014171999e-02
2.999935611013987424e-02
2.999935611011413789e-02
2.999935610998160501e-02
2.999935610998710409e-02
2.999935610999064292e-02
2.999935611002522984e-02
2.999935611002741906e-02
2.999935610998660449e-02
2.999935610998205604e-02
2.999935610996016383e-02
2.999935610996073282e-02
2.999935610997806965e-02
2.999935611002320368e-02
2.999935610998971658e-02
2.999935610999847346e-02
2.999935611002653782e-02
2.999935611003663391e-02
2.999935611005517810e-02
2.999935611008866174e-02
2.999935611009084402e-02
2.999935611009329345e-02
2.999935611005807856e-02
2.999935611005781835e-02
2.999935611005395686e-02
2.999935611003970090e-02
2.999935611006240149e-02
2.999935611000667524e-02
2.999935611004217462e-02
2.999935611003409081e-02
2.999935611003187730e-02
2.999935611003085728e-02
2.999935610994380192e-02
2.999935610991618859e-02
2.999935610993860469e-02
2.999935610986481996e-02
2.999935610986587467e-02
2.999935610986710979e-02
2.999935610994237944e-02
2.999935610992676693e-02
2.999935610989067428e-02
2.999935610992073703e-02
2.999935610990583229e-02
2.999935610997986335e-02
2.999935610993241172e-02
2.999935610997084626e-02
2.999935611001125144e-02
2.999935611000074595e-02
2.999935611002942093e-02
2.999935611003931232e-02
2.999935611004207053e-02
2.999935611001162267e-02
2.999935611001905769e-02
2.999935611002593761e-02
2.999935611001913749e-02
2.999935610997098503e-02
2.999935610998869656e-02
2.999935611002879643e-02
2.999935611003357039e-02
2.999935611002037955e-02
2.999935611000782709e-02
2.999935610999063251e-02
2.999935610995829727e-02
2.999935610993179763e-02
2.999935610993443094e-02
2.999935610992816859e-02
2.999935610991656329e-02
2.999935610991359691e-02
2.999935610993560015e-02
2.999935610993813284e-02
2.999935610996063567e-02
2.999935610995389107e-02
2.999935611000232455e-02
2.999935610999004618e-02
2.999935610996996502e-02
2.999935610998707286e-02
2.999935610998542834e-02
2.999935611001305902e-02
2.999935610997751453e-02
2.999935610998055030e-02
2.999935610999175314e-02
2.999935610998769042e-02
2.999935610997507898e-02
2.999935610996184304e-02
2.999935611000206781e-02
2.999935610998357566e-02
2.999935610999025087e-02
2.999935610999381747e-02
2.999935611001366270e-02
2.999935611002232244e-02
2.999935610999882041e-02
2.999935611002205876e-02
2.999935611001346147e-02
2.999935611003549593e-02
2.999935611000455887e-02
2.999935611002266245e-02
2.999935611001425945e-02
2.999935610994379845e-02
2.999935610993473278e-02
2.999935610993401808e-02
2.999935610999230132e-02
2.999935610995534824e-02
2.999935610996191243e-02
2.999935610997219934e-02
2.999935610998659408e-02
2.999935610999536484e-02
2.999935610995666663e-02
2.999935611000751484e-02
2.999935610999712385e-02
2.999935611002015751e-02
2.999935610999410196e-02
2.999935611001699337e-02
2.999935611001143185e-02
2.999935610997240404e-02
2.999935610999750896e-02
2.999935610997929436e-02
2.999935611002471636e-02
2.999935611000947161e-02
2.999935611002540331e-02
2.999935611015617370e-02
2.999935611014375655e-02
2.999935611017966880e-02
2.999935611012231884e-02
2.999935611018129944e-02
2.999935611010678960e-02
2.999935611012763403e-02
2.999935611008861663e-02
2.999935611008406125e-02
2.999935611008143488e-02
2.999935610998110541e-02
2.999935611003286262e-02
2.999935610999116681e-02
2.999935610997643554e-02
2.999935610996204427e-02
2.999935610997409713e-02
2.999935611003264752e-02
2.999935611005689201e-02
2.999935611007933933e-02
2.999935611003998887e-02
2.999935611012713443e-02
2.999935611009630493e-02
2.999935611012382458e-02
2.999935611015343978e-02
2.999935611011430442e-02
2.999935611011284031e-02
2.999935611007212982e-02
2.999935611010218564e-02
2.999935611006875405e-02
2.999935611002967073e-02
2.999935611004469344e-02
2.999935611003121463e-02
2.999935611009140954e-02
2.999935611006891018e-02
2.999935611012204476e-02
2.999935611010223768e-02
2.999935611012165965e-02
2.999935611010762226e-02
2.999935611012358866e-02
2.999935611013809095e-02
2.999935611006674524e-02
2.999935611008502229e-02
2.999935611007749359e-02
2.999935611006597502e-02
2.999935611000739688e-02
2.999935610999854979e-02
2.999935611001343719e-02
2.999935610995563620e-02
2.999935610999487218e-02
2.999935610995922014e-02
2.999935611005990349e-02
2.999935611003416019e-02
2.999935611003025707e-02
2.999935611009215894e-02
2.999935611009668657e-02
2.999935611011710773e-02
2.999935611007352107e-02
2.999935611011796815e-02
2.999935611011240663e-02
2.999935611009343223e-02
2.999935611006750852e-02
2.999935611003858721e-02
2.999935611005907776e-02
2.999935611004855146e-02
2.999935611006122535e-02
2.999935611008000547e-02
2.999935611011390196e-02
2.999935611011297215e-02
2.999935611010171380e-02
2.999935611014126896e-02
2.999935611013814646e-02
2.999935611015655187e-02
2.999935611017449238e-02
2.999935611019794585e-02
2.999935611019120124e-02
2.999935611013931566e-02
2.999935611013576642e-02
2.999935611012987183e-02
2.999935611014716355e-02
2.999935611017299705e-02
2.999935611018980305e-02
2.999935611022112869e-02
2.999935611021136567e-02
2.999935611022229096e-02
2.999935611022822718e-02
2.999935611024986959e-02
2.999935611023567608e-02
2.999935611026656110e-02
2.999935611031216004e-02
2.999935611032959401e-02
2.999935611031355476e-02
2.999935611027109220e-02
2.999935611029694998e-02
2.999935611026962462e-02
2.999935611026674845e-02
2.999935611023893736e-02
2.999935611024826324e-02
2.999935611025406068e-02
2.999935611026281757e-02
2.999935611031136207e-02
2.999935611029719978e-02
2.999935611032297084e-02
2.999935611030073168e-02
2.999935611033786864e-02
2.999935611037686176e-02
2.999935611035578487e-02
2.999935611035872696e-02
2.999935611035175684e-02
2.999935611038415106e-02
2.999935611033101995e-02
2.999935611032829297e-02
2.999935611032201327e-02
2.999935611031978588e-02
2.999935611033435062e-02
2.999935611030998123e-02
2.999935611032003568e-02
2.999935611031394680e-02
2.999935611039015321e-02
2.999935611038527170e-02
2.999935611039686659e-02
2.999935611040191463e-02
2.999935611043641828e-02
2.999935611046149891e-02
2.999935611041951514e-02
2.999935611043440600e-02
2.999935611033641494e-02
2.999935611033952010e-02
2.999935611030928040e-02
2.999935611026824725e-02
2.999935611025597235e-02
2.999935611033685556e-02
2.999935611039442757e-02
2.999935611039256447e-02
2.999935611038802991e-02
2.999935611045238468e-02
2.999935611050948137e-02
2.999935611051136528e-02
2.999935611050253553e-02
2.999935611048506687e-02
2.999935611048484829e-02
2.999935611047267053e-02
2.999935611049488193e-02
2.999935611049327211e-02
2.999935611052354650e-02
2.999935611036507951e-02
2.999935611037155003e-02
2.999935611040060318e-02
2.999935611031272556e-02
2.999935611027869375e-02
2.999935611031195881e-02
2.999935611030295907e-02
2.999935611029265828e-02
2.999935611028464039e-02
2.999935611028758248e-02
2.999935611036813263e-02
