time H
0.000000000000000000e+00 2.999935791499749177e-02
1.000000000000000021e-02 2.999935747178976778e-02
2.000000000000000042e-02 2.999935705255869778e-02
2.999999999999999889e-02 2.999935666030634912e-02
4.000000000000000083e-02 2.999935629740049792e-02
5.000000000000000278e-02 2.999935596558531495e-02
5.999999999999999778e-02 2.999935566602630888e-02
7.000000000000000666e-02 2.999935539925211239e-02
8.000000000000000167e-02 2.999935516527530918e-02
8.999999999999999667e-02 2.999935496361656739e-02
1.000000000000000056e-01 2.999935479333140295e-02
1.100000000000000006e-01 2.999935465310924268e-02
1.199999999999999956e-01 2.999935454131731974e-02
1.300000000000000044e-01 2.999935445607637696e-02
1.400000000000000133e-01 2.999935439531151507e-02
1.499999999999999944e-01 2.999935435682237611e-02
1.600000000000000033e-01 2.999935433835727860e-02
1.700000000000000122e-01 2.999935433762508999e-02
1.799999999999999933e-01 2.999935435238597348e-02
1.900000000000000022e-01 2.999935438046397868e-02
2.000000000000000111e-01 2.999935441977839151e-02
2.099999999999999922e-01 2.999935446839855496e-02
2.200000000000000011e-01 2.999935452453278417e-02
2.300000000000000100e-01 2.999935458654573103e-02
2.399999999999999911e-01 2.999935465298873491e-02
2.500000000000000000e-01 2.999935472258203825e-02
2.600000000000000089e-01 2.999935479421470333e-02
2.700000000000000178e-01 2.999935486694171524e-02
2.800000000000000266e-01 2.999935493996791491e-02
2.899999999999999800e-01 2.999935501265427532e-02
2.999999999999999889e-01 2.999935508449273758e-02
3.099999999999999978e-01 2.999935515509016132e-02
3.200000000000000067e-01 2.999935522414133929e-02
3.300000000000000155e-01 2.999935529145141694e-02
3.400000000000000244e-01 2.999935535686772126e-02
3.500000000000000333e-01 2.999935542031077762e-02
3.599999999999999867e-01 2.999935548172272606e-02
3.699999999999999956e-01 2.999935554108336053e-02
3.800000000000000044e-01 2.999935559838095428e-02
3.900000000000000133e-01 2.999935565358848380e-02
4.000000000000000222e-01 2.999935570667934884e-02
4.100000000000000311e-01 2.999935575761045192e-02
4.199999999999999845e-01 2.999935580629600404e-02
4.299999999999999933e-01 2.999935585264660101e-02
4.400000000000000022e-01 2.999935589650715856e-02
4.500000000000000111e-01 2.999935593770221287e-02
4.600000000000000200e-01 2.999935597603073378e-02
4.700000000000000289e-01 2.999935601124242845e-02
4.799999999999999822e-01 2.999935604309203474e-02
4.899999999999999911e-01 2.999935607127878628e-02
5.000000000000000000e-01 2.999935609552367016e-02
5.100000000000000089e-01 2.999935611553512099e-02
5.200000000000000178e-01 2.999935613103402177e-02
5.300000000000000266e-01 2.999935614176276605e-02
5.400000000000000355e-01 2.999935614749630816e-02
5.500000000000000444e-01 2.999935614805934042e-02
5.600000000000000533e-01 2.999935614330876549e-02
5.700000000000000622e-01 2.999935613318211597e-02
5.799999999999999600e-01 2.999935611767150234e-02
5.899999999999999689e-01 2.999935609685620494e-02
5.999999999999999778e-01 2.999935607086633149e-02
6.099999999999999867e-01 2.999935603993347105e-02
6.199999999999999956e-01 2.999935600435211722e-02
6.300000000000000044e-01 2.999935596449368469e-02
6.400000000000000133e-01 2.999935592079603849e-02
6.500000000000000222e-01 2.999935587376626259e-02
6.600000000000000311e-01 2.999935582394708602e-02
6.700000000000000400e-01 2.999935577193345998e-02
6.800000000000000488e-01 2.999935571835826015e-02
6.900000000000000577e-01 2.999935566385857066e-02
7.000000000000000666e-01 2.999935560908779941e-02
7.099999999999999645e-01 2.999935555469816773e-02
7.199999999999999734e-01 2.999935550132597217e-02
7.299999999999999822e-01 2.999935544956517861e-02
7.399999999999999911e-01 2.999935539998925538e-02
7.500000000000000000e-01 2.999935535312260246e-02
7.600000000000000089e-01 2.999935530943330028e-02
7.700000000000000178e-01 2.999935526933316179e-02
7.800000000000000266e-01 2.999935523316065583e-02
7.900000000000000355e-01 2.999935520121257276e-02
8.000000000000000444e-01 2.999935517369359608e-02
8.100000000000000533e-01 2.999935515075976417e-02
8.200000000000000622e-01 2.999935513249414251e-02
8.300000000000000711e-01 2.999935511892668633e-02
8.399999999999999689e-01 2.999935511002588609e-02
8.499999999999999778e-01 2.999935510571988956e-02
8.599999999999999867e-01 2.999935510588031679e-02
8.699999999999999956e-01 2.999935511035350943e-02
8.800000000000000044e-01 2.999935511894200046e-02
8.900000000000000133e-01 2.999935513144457930e-02
9.000000000000000222e-01 2.999935514762181593e-02
9.100000000000000311e-01 2.999935516723370790e-02
9.200000000000000400e-01 2.999935519004751430e-02
9.300000000000000488e-01 2.999935521580667647e-02
9.400000000000000577e-01 2.999935524427373851e-02
9.500000000000000666e-01 2.999935527522757522e-02
9.599999999999999645e-01 2.999935530843906434e-02
9.699999999999999734e-01 2.999935534371931875e-02
9.799999999999999822e-01 2.999935538087578762e-02
9.899999999999999911e-01 2.999935541973569944e-02
1.000000000000000000e+00 2.999935546016051224e-02
1.010000000000000009e+00 2.999935550201082712e-02
1.020000000000000018e+00 2.999935554517960470e-02
1.030000000000000027e+00 2.999935558957003354e-02
1.040000000000000036e+00 2.999935563510278125e-02
1.050000000000000044e+00 2.999935568172170525e-02
1.060000000000000053e+00 2.999935572937584283e-02
1.070000000000000062e+00 2.999935577804305892e-02
1.080000000000000071e+00 2.999935582770697079e-02
1.090000000000000080e+00 2.999935587836839029e-02
1.100000000000000089e+00 2.999935593003679596e-02
1.110000000000000098e+00 2.999935598274075521e-02
1.120000000000000107e+00 2.999935603652860092e-02
1.130000000000000115e+00 2.999935609144791654e-02
1.140000000000000124e+00 2.999935614756817776e-02
1.150000000000000133e+00 2.999935620497013594e-02
1.159999999999999920e+00 2.999935626374231404e-02
1.169999999999999929e+00 2.999935632398686297e-02
1.179999999999999938e+00 2.999935638582269803e-02
1.189999999999999947e+00 2.999935644936808227e-02
1.199999999999999956e+00 2.999935651474720799e-02
1.209999999999999964e+00 2.999935658210320377e-02
1.219999999999999973e+00 2.999935665156795717e-02
1.229999999999999982e+00 2.999935672328024258e-02
1.239999999999999991e+00 2.999935679737263799e-02
1.250000000000000000e+00 2.999935687397985856e-02
1.260000000000000009e+00 2.999935695322347717e-02
1.270000000000000018e+00 2.999935703520876379e-02
1.280000000000000027e+00 2.999935712003981569e-02
1.290000000000000036e+00 2.999935720778372159e-02
1.300000000000000044e+00 2.999935729849690508e-02
1.310000000000000053e+00 2.999935739221155917e-02
1.320000000000000062e+00 2.999935748892410686e-02
1.330000000000000071e+00 2.999935758859784835e-02
1.340000000000000080e+00 2.999935769116957029e-02
1.350000000000000089e+00 2.999935779652662671e-02
1.360000000000000098e+00 2.999935790452737394e-02
1.370000000000000107e+00 2.999935801498208876e-02
1.380000000000000115e+00 2.999935812765685758e-02
1.390000000000000124e+00 2.999935824227967229e-02
1.400000000000000133e+00 2.999935835852950150e-02
1.409999999999999920e+00 2.999935847604914135e-02
1.419999999999999929e+00 2.999935859443698602e-02
1.429999999999999938e+00 2.999935871325707867e-02
1.439999999999999947e+00 2.999935883204206399e-02
1.449999999999999956e+00 2.999935895028989913e-02
1.459999999999999964e+00 2.999935906748919801e-02
1.469999999999999973e+00 2.999935918311205651e-02
1.479999999999999982e+00 2.999935929661663725e-02
1.489999999999999991e+00 2.999935940747520957e-02
1.500000000000000000e+00 2.999935951516903565e-02
1.510000000000000009e+00 2.999935961919969821e-02
1.520000000000000018e+00 2.999935971910436955e-02
1.530000000000000027e+00 2.999935981446104696e-02
1.540000000000000036e+00 2.999935990489403098e-02
1.550000000000000044e+00 2.999935999009199772e-02
1.560000000000000053e+00 2.999936006980014058e-02
1.570000000000000062e+00 2.999936014383540461e-02
1.580000000000000071e+00 2.999936021209138881e-02
1.590000000000000080e+00 2.999936027452377099e-02
1.600000000000000089e+00 2.999936033117042017e-02
1.610000000000000098e+00 2.999936038213127376e-02
1.620000000000000107e+00 2.999936042757364238e-02
1.630000000000000115e+00 2.999936046772412601e-02
1.640000000000000124e+00 2.999936050285417766e-02
1.650000000000000133e+00 2.999936053328264296e-02
1.660000000000000142e+00 2.999936055935344126e-02
1.669999999999999929e+00 2.999936058143470863e-02
1.679999999999999938e+00 2.999936059990549950e-02
1.689999999999999947e+00 2.999936061514365399e-02
1.699999999999999956e+00 2.999936062751598631e-02
1.709999999999999964e+00 2.999936063737728559e-02
1.719999999999999973e+00 2.999936064506036892e-02
1.729999999999999982e+00 2.999936065086562104e-02
1.739999999999999991e+00 2.999936065506116079e-02
1.750000000000000000e+00 2.999936065789716305e-02
1.760000000000000009e+00 2.999936065956807299e-02
1.770000000000000018e+00 2.999936066026026582e-02
1.780000000000000027e+00 2.999936066011903851e-02
1.790000000000000036e+00 2.999936065927629597e-02
1.800000000000000044e+00 2.999936065783562200e-02
1.810000000000000053e+00 2.999936065589215578e-02
1.820000000000000062e+00 2.999936065352844933e-02
1.830000000000000071e+00 2.999936065082553158e-02
1.840000000000000080e+00 2.999936064786447310e-02
1.850000000000000089e+00 2.999936064472319419e-02
1.860000000000000098e+00 2.999936064148662346e-02
1.870000000000000107e+00 2.999936063824251709e-02
1.880000000000000115e+00 2.999936063509329662e-02
1.890000000000000124e+00 2.999936063213241855e-02
1.900000000000000133e+00 2.999936062947005169e-02
1.910000000000000142e+00 2.999936062721085539e-02
1.919999999999999929e+00 2.999936062546468968e-02
1.929999999999999938e+00 2.999936062433707779e-02
1.939999999999999947e+00 2.999936062393841751e-02
1.949999999999999956e+00 2.999936062436928119e-02
1.959999999999999964e+00 2.999936062573388407e-02
1.969999999999999973e+00 2.999936062812801410e-02
1.979999999999999982e+00 2.999936063165758310e-02
1.989999999999999991e+00 2.999936063641962455e-02
2.000000000000000000e+00 2.999936064251382262e-02
2.010000000000000231e+00 2.999936065005284758e-02
2.020000000000000018e+00 2.999936065915442818e-02
2.030000000000000249e+00 2.999936066993730971e-02
2.040000000000000036e+00 2.999936068254074190e-02
2.049999999999999822e+00 2.999936069710583408e-02
2.060000000000000053e+00 2.999936071378211597e-02
2.069999999999999840e+00 2.999936073272667370e-02
2.080000000000000071e+00 2.999936075409544156e-02
2.089999999999999858e+00 2.999936077803679046e-02
2.100000000000000089e+00 2.999936080468804805e-02
2.109999999999999876e+00 2.999936083417234153e-02
2.120000000000000107e+00 2.999936086657747913e-02
2.129999999999999893e+00 2.999936090196240329e-02
2.140000000000000124e+00 2.999936094034841294e-02
2.149999999999999911e+00 2.999936098170147281e-02
2.160000000000000142e+00 2.999936102594705917e-02
2.169999999999999929e+00 2.999936107295258364e-02
2.180000000000000160e+00 2.999936112254174281e-02
2.189999999999999947e+00 2.999936117448928283e-02
2.200000000000000178e+00 2.999936122853441231e-02
2.209999999999999964e+00 2.999936128439134250e-02
2.220000000000000195e+00 2.999936134175757579e-02
2.229999999999999982e+00 2.999936140033314727e-02
2.240000000000000213e+00 2.999936145983729541e-02
2.250000000000000000e+00 2.999936152002972284e-02
2.260000000000000231e+00 2.999936158071546399e-02
2.270000000000000018e+00 2.999936164177981202e-02
2.280000000000000249e+00 2.999936170319390458e-02
2.290000000000000036e+00 2.999936176502179808e-02
2.300000000000000266e+00 2.999936182744122881e-02
2.310000000000000053e+00 2.999936189073258014e-02
2.319999999999999840e+00 2.999936195530078162e-02
2.330000000000000071e+00 2.999936202163943494e-02
2.339999999999999858e+00 2.999936209034327964e-02
2.350000000000000089e+00 2.999936216208151651e-02
2.359999999999999876e+00 2.999936223758072756e-02
2.370000000000000107e+00 2.999936231759610036e-02
2.379999999999999893e+00 2.999936240288354067e-02
2.390000000000000124e+00 2.999936249417336359e-02
2.399999999999999911e+00 2.999936259213913797e-02
2.410000000000000142e+00 2.999936269736629135e-02
2.419999999999999929e+00 2.999936281032135332e-02
2.430000000000000160e+00 2.999936293133064619e-02
2.439999999999999947e+00 2.999936306056009278e-02
2.450000000000000178e+00 2.999936319799128420e-02
2.459999999999999964e+00 2.999936334342752364e-02
2.470000000000000195e+00 2.999936349647358211e-02
2.479999999999999982e+00 2.999936365654481962e-02
2.490000000000000213e+00 2.999936382288106995e-02
2.500000000000000000e+00 2.999936399455636199e-02
2.510000000000000231e+00 2.999936417050500306e-02
2.520000000000000018e+00 2.999936434954043885e-02
2.530000000000000249e+00 2.999936453039160622e-02
2.540000000000000036e+00 2.999936471173600058e-02
2.550000000000000266e+00 2.999936489222248745e-02
2.560000000000000053e+00 2.999936507051927798e-02
2.569999999999999840e+00 2.999936524533618198e-02
2.580000000000000071e+00 2.999936541545923652e-02
2.589999999999999858e+00 2.999936557977574830e-02
2.600000000000000089e+00 2.999936573729352143e-02
2.609999999999999876e+00 2.999936588717271035e-02
2.620000000000000107e+00 2.999936602872231572e-02
2.629999999999999893e+00 2.999936616141236218e-02
2.640000000000000124e+00 2.999936628488495544e-02
2.649999999999999911e+00 2.999936639893969331e-02
2.660000000000000142e+00 2.999936650353433182e-02
2.669999999999999929e+00 2.999936659877156311e-02
2.680000000000000160e+00 2.999936668488220604e-02
2.689999999999999947e+00 2.999936676221409693e-02
2.700000000000000178e+00 2.999936683120549633e-02
2.709999999999999964e+00 2.999936689237572493e-02
2.720000000000000195e+00 2.999936694629979847e-02
2.729999999999999982e+00 2.999936699359054965e-02
2.740000000000000213e+00 2.999936703488528464e-02
2.750000000000000000e+00 2.999936707082525092e-02
2.760000000000000231e+00 2.999936710205433621e-02
2.770000000000000018e+00 2.999936712919131637e-02
2.780000000000000249e+00 2.999936715283850128e-02
2.790000000000000036e+00 2.999936717357044522e-02
2.800000000000000266e+00 2.999936719192446838e-02
2.810000000000000053e+00 2.999936720841383728e-02
2.819999999999999840e+00 2.999936722352018401e-02
2.830000000000000071e+00 2.999936723769170560e-02
2.839999999999999858e+00 2.999936725136220089e-02
2.850000000000000089e+00 2.999936726493810518e-02
2.859999999999999876e+00 2.999936727881717669e-02
2.870000000000000107e+00 2.999936729338124886e-02
2.879999999999999893e+00 2.999936730900896326e-02
2.890000000000000124e+00 2.999936732607622406e-02
2.899999999999999911e+00 2.999936734495460208e-02
2.910000000000000142e+00 2.999936736602016804e-02
2.919999999999999929e+00 2.999936738964889202e-02
2.930000000000000160e+00 2.999936741621033257e-02
2.939999999999999947e+00 2.999936744608433514e-02
2.950000000000000178e+00 2.999936747963330777e-02
2.959999999999999964e+00 2.999936751721450634e-02
2.970000000000000195e+00 2.999936755917457371e-02
2.979999999999999982e+00 2.999936760583638701e-02
2.990000000000000213e+00 2.999936765750076811e-02
3.000000000000000000e+00 2.999936771444091169e-02
3.010000000000000231e+00 2.999936777689019701e-02
3.020000000000000018e+00 2.999936784504900894e-02
3.030000000000000249e+00 2.999936791906762656e-02
3.040000000000000036e+00 2.999936799905578849e-02
3.050000000000000266e+00 2.999936808506412436e-02
3.060000000000000053e+00 2.999936817709897979e-02
3.070000000000000284e+00 2.999936827510820900e-02
3.080000000000000071e+00 2.999936837899181905e-02
3.089999999999999858e+00 2.999936848859176622e-02
3.100000000000000089e+00 2.999936860370293334e-02
3.109999999999999876e+00 2.999936872407122507e-02
3.120000000000000107e+00 2.999936884940042348e-02
3.129999999999999893e+00 2.999936897934969010e-02
3.140000000000000124e+00 2.999936911354692329e-02
3.149999999999999911e+00 2.999936925158983719e-02
3.160000000000000142e+00 2.999936939304475789e-02
3.169999999999999929e+00 2.999936953746186463e-02
3.180000000000000160e+00 2.999936968437743115e-02
3.189999999999999947e+00 2.999936983331433563e-02
3.200000000000000178e+00 2.999936998379256620e-02
3.209999999999999964e+00 2.999937013532800664e-02
3.220000000000000195e+00 2.999937028744322637e-02
3.229999999999999982e+00 2.999937043966214786e-02
3.240000000000000213e+00 2.999937059152703311e-02
3.250000000000000000e+00 2.999937074258136535e-02
3.260000000000000231e+00 2.999937089238913224e-02
3.270000000000000018e+00 2.999937104053064171e-02
3.280000000000000249e+00 2.999937118660402080e-02
3.290000000000000036e+00 2.999937133022460151e-02
3.300000000000000266e+00 2.999937147102913274e-02
3.310000000000000053e+00 2.999937160867885075e-02
3.320000000000000284e+00 2.999937174284750610e-02
3.330000000000000071e+00 2.999937187324550059e-02
3.339999999999999858e+00 2.999937199959824830e-02
3.350000000000000089e+00 2.999937212165812092e-02
3.359999999999999876e+00 2.999937223920374346e-02
3.370000000000000107e+00 2.999937235203779459e-02
3.379999999999999893e+00 2.999937245999320656e-02
3.390000000000000124e+00 2.999937256292712490e-02
3.399999999999999911e+00 2.999937266072432579e-02
3.410000000000000142e+00 2.999937275330154599e-02
3.419999999999999929e+00 2.999937284059930528e-02
3.430000000000000160e+00 2.999937292258999383e-02
3.439999999999999947e+00 2.999937299927233833e-02
3.450000000000000178e+00 2.999937307067022593e-02
3.459999999999999964e+00 2.999937313683933779e-02
3.470000000000000195e+00 2.999937319786130305e-02
3.479999999999999982e+00 2.999937325384674502e-02
3.490000000000000213e+00 2.999937330492706902e-02
3.500000000000000000e+00 2.999937335126717092e-02
3.510000000000000231e+00 2.999937339305369655e-02
3.520000000000000018e+00 2.999937343050010363e-02
3.530000000000000249e+00 2.999937346385508213e-02
3.540000000000000036e+00 2.999937349338241757e-02
3.550000000000000266e+00 2.999937351938298385e-02
3.560000000000000053e+00 2.999937354218595170e-02
3.570000000000000284e+00 2.999937356214615533e-02
3.580000000000000071e+00 2.999937357965309914e-02
3.589999999999999858e+00 2.999937359512027182e-02
3.600000000000000089e+00 2.999937360899555816e-02
3.609999999999999876e+00 2.999937362175639569e-02
3.620000000000000107e+00 2.999937363390258599e-02
3.629999999999999893e+00 2.999937364596029499e-02
3.640000000000000124e+00 2.999937365847819837e-02
3.649999999999999911e+00 2.999937367201939431e-02
3.660000000000000142e+00 2.999937368716082062e-02
3.669999999999999929e+00 2.999937370448457416e-02
3.680000000000000160e+00 2.999937372457153750e-02
3.689999999999999947e+00 2.999937374799391265e-02
3.700000000000000178e+00 2.999937377530760563e-02
3.709999999999999964e+00 2.999937380704811862e-02
3.720000000000000195e+00 2.999937384371399035e-02
3.729999999999999982e+00 2.999937388576900954e-02
3.740000000000000213e+00 2.999937393362839266e-02
3.750000000000000000e+00 2.999937398765338201e-02
3.760000000000000231e+00 2.999937404814737030e-02
3.770000000000000018e+00 2.999937411535219881e-02
3.780000000000000249e+00 2.999937418943979250e-02
3.790000000000000036e+00 2.999937427051604932e-02
3.800000000000000266e+00 2.999937435861972299e-02
3.810000000000000053e+00 2.999937445371533840e-02
3.820000000000000284e+00 2.999937455570524103e-02
3.830000000000000071e+00 2.999937466442699832e-02
3.839999999999999858e+00 2.999937477965661931e-02
3.850000000000000089e+00 2.999937490111672170e-02
3.859999999999999876e+00 2.999937502847902990e-02
3.870000000000000107e+00 2.999937516136946813e-02
3.879999999999999893e+00 2.999937529937820452e-02
3.890000000000000124e+00 2.999937544206255843e-02
3.899999999999999911e+00 2.999937558895107020e-02
3.910000000000000142e+00 2.999937573955614722e-02
3.919999999999999929e+00 2.999937589337152086e-02
3.930000000000000160e+00 2.999937604988349438e-02
3.939999999999999947e+00 2.999937620857354853e-02
3.950000000000000178e+00 2.999937636892257425e-02
3.959999999999999964e+00 2.999937653041504643e-02
3.970000000000000195e+00 2.999937669254294781e-02
3.979999999999999982e+00 2.999937685481023422e-02
3.990000000000000213e+00 2.999937701673307394e-02
4.000000000000000000e+00 2.999937717784489921e-02
4.009999999999999787e+00 2.999937733769798484e-02
4.020000000000000462e+00 2.999937749586650826e-02
4.030000000000000249e+00 2.999937765194576195e-02
4.040000000000000036e+00 2.999937780555504696e-02
4.049999999999999822e+00 2.999937795633991419e-02
4.060000000000000497e+00 2.999937810397178967e-02
4.070000000000000284e+00 2.999937824814747495e-02
4.080000000000000071e+00 2.999937838858961897e-02
4.089999999999999858e+00 2.999937852504761665e-02
4.099999999999999645e+00 2.999937865729290429e-02
4.110000000000000320e+00 2.999937878512296680e-02
4.120000000000000107e+00 2.999937890835466942e-02
4.129999999999999893e+00 2.999937902682622837e-02
4.139999999999999680e+00 2.999937914039158687e-02
4.150000000000000355e+00 2.999937924892227825e-02
4.160000000000000142e+00 2.999937935230456015e-02
4.169999999999999929e+00 2.999937945043646206e-02
4.179999999999999716e+00 2.999937954322598466e-02
4.190000000000000391e+00 2.999937963059476354e-02
4.200000000000000178e+00 2.999937971247410018e-02
4.209999999999999964e+00 2.999937978880574257e-02
4.219999999999999751e+00 2.999937985954411954e-02
4.230000000000000426e+00 2.999937992465732603e-02
4.240000000000000213e+00 2.999937998413010343e-02
4.250000000000000000e+00 2.999938003796446401e-02
4.259999999999999787e+00 2.999938008618446145e-02
4.270000000000000462e+00 2.999938012883632960e-02
4.280000000000000249e+00 2.999938016599566770e-02
4.290000000000000036e+00 2.999938019776469955e-02
4.299999999999999822e+00 2.999938022427907358e-02
4.310000000000000497e+00 2.999938024570521222e-02
4.320000000000000284e+00 2.999938026224640078e-02
4.330000000000000071e+00 2.999938027413674019e-02
4.339999999999999858e+00 2.999938028164705894e-02
4.350000000000000533e+00 2.999938028507994486e-02
4.360000000000000320e+00 2.999938028476909282e-02
4.370000000000000107e+00 2.999938028107786842e-02
4.379999999999999893e+00 2.999938027439454785e-02
4.389999999999999680e+00 2.999938026513241165e-02
4.400000000000000355e+00 2.999938025372571662e-02
4.410000000000000142e+00 2.999938024062559494e-02
4.419999999999999929e+00 2.999938022629933948e-02
4.429999999999999716e+00 2.999938021122742701e-02
4.440000000000000391e+00 2.999938019590198818e-02
4.450000000000000178e+00 2.999938018082468072e-02
4.459999999999999964e+00 2.999938016650701561e-02
4.469999999999999751e+00 2.999938015346782436e-02
4.480000000000000426e+00 2.999938014223382798e-02
4.490000000000000213e+00 2.999938013333955378e-02
4.500000000000000000e+00 2.999938012732429604e-02
4.509999999999999787e+00 2.999938012473316734e-02
4.520000000000000462e+00 2.999938012611339661e-02
4.530000000000000249e+00 2.999938013201255971e-02
4.540000000000000036e+00 2.999938014297425654e-02
4.549999999999999822e+00 2.999938015953386786e-02
4.560000000000000497e+00 2.999938018221139438e-02
4.570000000000000284e+00 2.999938021150583278e-02
4.580000000000000071e+00 2.999938024788643270e-02
4.589999999999999858e+00 2.999938029178358598e-02
4.600000000000000533e+00 2.999938034358042363e-02
4.610000000000000320e+00 2.999938040360300082e-02
4.620000000000000107e+00 2.999938047211023889e-02
4.629999999999999893e+00 2.999938054928633774e-02
4.639999999999999680e+00 2.999938063523223397e-02
4.650000000000000355e+00 2.999938072995914431e-02
4.660000000000000142e+00 2.999938083338366673e-02
4.669999999999999929e+00 2.999938094532479671e-02
4.679999999999999716e+00 2.999938106550290723e-02
4.690000000000000391e+00 2.999938119354158758e-02
4.700000000000000178e+00 2.999938132897031137e-02
4.709999999999999964e+00 2.999938147123118112e-02
4.719999999999999751e+00 2.999938161968607186e-02
4.730000000000000426e+00 2.999938177362656763e-02
4.740000000000000213e+00 2.999938193228517819e-02
4.750000000000000000e+00 2.999938209484725310e-02
4.759999999999999787e+00 2.999938226046426626e-02
4.770000000000000462e+00 2.999938242826692691e-02
4.780000000000000249e+00 2.999938259737831847e-02
4.790000000000000036e+00 2.999938276692694708e-02
4.799999999999999822e+00 2.999938293605810061e-02
4.810000000000000497e+00 2.999938310394527005e-02
4.820000000000000284e+00 2.999938326979901052e-02
4.830000000000000071e+00 2.999938343287533032e-02
4.839999999999999858e+00 2.999938359248227604e-02
4.850000000000000533e+00 2.999938374798459886e-02
4.860000000000000320e+00 2.999938389880746001e-02
4.870000000000000107e+00 2.999938404443866502e-02
4.879999999999999893e+00 2.999938418442951379e-02
4.889999999999999680e+00 2.999938431839492547e-02
4.900000000000000355e+00 2.999938444601251905e-02
4.910000000000000142e+00 2.999938456702117007e-02
4.919999999999999929e+00 2.999938468121918569e-02
4.929999999999999716e+00 2.999938478846198714e-02
4.940000000000000391e+00 2.999938488865974001e-02
4.950000000000000178e+00 2.999938498177479387e-02
4.959999999999999964e+00 2.999938506781905934e-02
4.969999999999999751e+00 2.999938514685134353e-02
4.980000000000000426e+00 2.999938521897448779e-02
4.990000000000000213e+00 2.999938528433252621e-02
5.000000000000000000e+00 2.999938534310764640e-02
5.009999999999999787e+00 2.999938539551694899e-02
5.020000000000000462e+00 2.999938544180881517e-02
5.030000000000000249e+00 2.999938548225934351e-02
5.040000000000000036e+00 2.999938551716837404e-02
5.049999999999999822e+00 2.999938554685533526e-02
5.060000000000000497e+00 2.999938557165487615e-02
5.070000000000000284e+00 2.999938559191270976e-02
5.080000000000000071e+00 2.999938560798133882e-02
5.089999999999999858e+00 2.999938562021594798e-02
5.100000000000000533e+00 2.999938562897090655e-02
5.110000000000000320e+00 2.999938563459631294e-02
5.120000000000000107e+00 2.999938563743543424e-02
5.129999999999999893e+00 2.999938563782255166e-02
5.139999999999999680e+00 2.999938563608172890e-02
5.150000000000000355e+00 2.999938563252602802e-02
5.160000000000000142e+00 2.999938562745763440e-02
5.169999999999999929e+00 2.999938562116851240e-02
5.179999999999999716e+00 2.999938561394161970e-02
5.190000000000000391e+00 2.999938560605267326e-02
5.200000000000000178e+00 2.999938559777191871e-02
5.209999999999999964e+00 2.999938558936652080e-02
5.219999999999999751e+00 2.999938558110230857e-02
5.230000000000000426e+00 2.999938557324603045e-02
5.240000000000000213e+00 2.999938556606680448e-02
5.250000000000000000e+00 2.999938555983745758e-02
5.259999999999999787e+00 2.999938555483553509e-02
5.270000000000000462e+00 2.999938555134340143e-02
5.280000000000000249e+00 2.999938554964815679e-02
5.290000000000000036e+00 2.999938555004143248e-02
5.299999999999999822e+00 2.999938555281788516e-02
5.310000000000000497e+00 2.999938555827389927e-02
5.320000000000000284e+00 2.999938556670656356e-02
5.330000000000000071e+00 2.999938557841135001e-02
5.339999999999999858e+00 2.999938559368078156e-02
5.350000000000000533e+00 2.999938561280197577e-02
5.360000000000000320e+00 2.999938563605557273e-02
5.370000000000000107e+00 2.999938566371335158e-02
5.379999999999999893e+00 2.999938569603662064e-02
5.389999999999999680e+00 2.999938573327462846e-02
5.400000000000000355e+00 2.999938577566208658e-02
5.410000000000000142e+00 2.999938582341775406e-02
5.419999999999999929e+00 2.999938587674124899e-02
5.429999999999999716e+00 2.999938593581077256e-02
5.440000000000000391e+00 2.999938600078010803e-02
5.450000000000000178e+00 2.999938607177400976e-02
5.459999999999999964e+00 2.999938614888466443e-02
5.469999999999999751e+00 2.999938623216717032e-02
5.480000000000000426e+00 2.999938632163375030e-02
5.490000000000000213e+00 2.999938641724929703e-02
5.500000000000000000e+00 2.999938651892497879e-02
5.509999999999999787e+00 2.999938662651365634e-02
5.520000000000000462e+00 2.999938673980476200e-02
5.530000000000000249e+00 2.999938685851992123e-02
5.540000000000000036e+00 2.999938698230995848e-02
5.549999999999999822e+00 2.999938711075257267e-02
5.560000000000000497e+00 2.999938724335168838e-02
5.570000000000000284e+00 2.999938737953844470e-02
5.580000000000000071e+00 2.999938751867493869e-02
5.589999999999999858e+00 2.999938766005694549e-02
5.600000000000000533e+00 2.999938780292279311e-02
5.610000000000000320e+00 2.999938794645905932e-02
5.620000000000000107e+00 2.999938808981390814e-02
5.629999999999999893e+00 2.999938823210583638e-02
5.639999999999999680e+00 2.999938837243577849e-02
5.650000000000000355e+00 2.999938850990324646e-02
5.660000000000000142e+00 2.999938864361704344e-02
5.669999999999999929e+00 2.999938877270995341e-02
5.679999999999999716e+00 2.999938889635092587e-02
5.690000000000000391e+00 2.999938901375895708e-02
5.700000000000000178e+00 2.999938912421204473e-02
5.709999999999999964e+00 2.999938922705878280e-02
5.719999999999999751e+00 2.999938932172334025e-02
5.730000000000000426e+00 2.999938940771483542e-02
5.740000000000000213e+00 2.999938948462967103e-02
5.750000000000000000e+00 2.999938955215281783e-02
5.759999999999999787e+00 2.999938961005986504e-02
5.770000000000000462e+00 2.999938965821553893e-02
5.780000000000000249e+00 2.999938969656961579e-02
5.790000000000000036e+00 2.999938972515468413e-02
5.799999999999999822e+00 2.999938974408022235e-02
5.810000000000000497e+00 2.999938975352732518e-02
5.820000000000000284e+00 2.999938975374172312e-02
5.830000000000000071e+00 2.999938974502993488e-02
5.839999999999999858e+00 2.999938972774958759e-02
5.850000000000000533e+00 2.999938970230786595e-02
5.860000000000000320e+00 2.999938966915171798e-02
5.870000000000000107e+00 2.999938962876392071e-02
5.879999999999999893e+00 2.999938958166056824e-02
5.889999999999999680e+00 2.999938952838277287e-02
5.900000000000000355e+00 2.999938946949594343e-02
5.910000000000000142e+00 2.999938940558452907e-02
5.919999999999999929e+00 2.999938933724776921e-02
5.929999999999999716e+00 2.999938926509802817e-02
5.940000000000000391e+00 2.999938918975621205e-02
5.950000000000000178e+00 2.999938911184894114e-02
5.959999999999999964e+00 2.999938903200444554e-02
5.969999999999999751e+00 2.999938895084995616e-02
5.980000000000000426e+00 2.999938886900477969e-02
5.990000000000000213e+00 2.999938878708264395e-02
6.000000000000000000e+00 2.999938870567963461e-02
6.009999999999999787e+00 2.999938862537694650e-02
6.020000000000000462e+00 2.999938854673220301e-02
6.030000000000000249e+00 2.999938847027856098e-02
6.040000000000000036e+00 2.999938839651939901e-02
6.049999999999999822e+00 2.999938832592696780e-02
6.060000000000000497e+00 2.999938825893547906e-02
6.070000000000000284e+00 2.999938819594402672e-02
6.080000000000000071e+00 2.999938813731060222e-02
6.089999999999999858e+00 2.999938808335177870e-02
6.100000000000000533e+00 2.999938803434380741e-02
6.110000000000000320e+00 2.999938799051888455e-02
6.120000000000000107e+00 2.999938795206770481e-02
6.129999999999999893e+00 2.999938791913975625e-02
6.140000000000000568e+00 2.999938789184309132e-02
6.150000000000000355e+00 2.999938787024646406e-02
6.160000000000000142e+00 2.999938785438372932e-02
6.169999999999999929e+00 2.999938784424804883e-02
6.179999999999999716e+00 2.999938783980327789e-02
6.190000000000000391e+00 2.999938784097951061e-02
6.200000000000000178e+00 2.999938784767706978e-02
6.209999999999999964e+00 2.999938785976886610e-02
6.219999999999999751e+00 2.999938787710384330e-02
6.230000000000000426e+00 2.999938789950752291e-02
6.240000000000000213e+00 2.999938792678547364e-02
6.250000000000000000e+00 2.999938795872578862e-02
6.259999999999999787e+00 2.999938799509943924e-02
6.270000000000000462e+00 2.999938803566459811e-02
6.280000000000000249e+00 2.999938808016843622e-02
6.290000000000000036e+00 2.999938812834967300e-02
6.299999999999999822e+00 2.999938817993728912e-02
6.310000000000000497e+00 2.999938823465660848e-02
6.320000000000000284e+00 2.999938829222806302e-02
6.330000000000000071e+00 2.999938835237117574e-02
6.339999999999999858e+00 2.999938841479830517e-02
6.350000000000000533e+00 2.999938847922512669e-02
6.360000000000000320e+00 2.999938854536395028e-02
6.370000000000000107e+00 2.999938861292334932e-02
6.379999999999999893e+00 2.999938868161257377e-02
6.390000000000000568e+00 2.999938875113670328e-02
6.400000000000000355e+00 2.999938882119795522e-02
6.410000000000000142e+00 2.999938889148977966e-02
6.419999999999999929e+00 2.999938896170382258e-02
6.429999999999999716e+00 2.999938903152393754e-02
6.440000000000000391e+00 2.999938910062203284e-02
6.450000000000000178e+00 2.999938916866759508e-02
6.459999999999999964e+00 2.999938923531667023e-02
6.469999999999999751e+00 2.999938930022057887e-02
6.480000000000000426e+00 2.999938936302025058e-02
6.490000000000000213e+00 2.999938942335039077e-02
6.500000000000000000e+00 2.999938948084689486e-02
6.509999999999999787e+00 2.999938953514064491e-02
6.520000000000000462e+00 2.999938958586340770e-02
6.530000000000000249e+00 2.999938963265568262e-02
6.540000000000000036e+00 2.999938967516474833e-02
6.549999999999999822e+00 2.999938971305380134e-02
6.560000000000000497e+00 2.999938974600456498e-02
6.570000000000000284e+00 2.999938977371812560e-02
6.580000000000000071e+00 2.999938979592569124e-02
6.589999999999999858e+00 2.999938981238962216e-02
6.600000000000000533e+00 2.999938982290498851e-02
6.610000000000000320e+00 2.999938982730646769e-02
6.620000000000000107e+00 2.999938982546917002e-02
6.629999999999999893e+00 2.999938981731663235e-02
6.640000000000000568e+00 2.999938980280747805e-02
6.650000000000000355e+00 2.999938978195869355e-02
6.660000000000000142e+00 2.999938975482667816e-02
6.669999999999999929e+00 2.999938972151885985e-02
6.679999999999999716e+00 2.999938968219004187e-02
6.690000000000000391e+00 2.999938963703812841e-02
6.700000000000000178e+00 2.999938958630794794e-02
6.709999999999999964e+00 2.999938953028956010e-02
6.719999999999999751e+00 2.999938946930754552e-02
6.730000000000000426e+00 2.999938940373288870e-02
6.740000000000000213e+00 2.999938933396484667e-02
6.750000000000000000e+00 2.999938926043845683e-02
6.759999999999999787e+00 2.999938918361716791e-02
6.770000000000000462e+00 2.999938910398807293e-02
6.780000000000000249e+00 2.999938902206659985e-02
6.790000000000000036e+00 2.999938893837560128e-02
6.799999999999999822e+00 2.999938885346022793e-02
6.810000000000000497e+00 2.999938876786766365e-02
6.820000000000000284e+00 2.999938868215902901e-02
6.830000000000000071e+00 2.999938859688890472e-02
6.839999999999999858e+00 2.999938851261439374e-02
6.850000000000000533e+00 2.999938842988063986e-02
6.860000000000000320e+00 2.999938834922164649e-02
6.870000000000000107e+00 2.999938827116530732e-02
6.879999999999999893e+00 2.999938819620572711e-02
6.890000000000000568e+00 2.999938812482816353e-02
6.900000000000000355e+00 2.999938805748749923e-02
6.910000000000000142e+00 2.999938799460930006e-02
6.919999999999999929e+00 2.999938793659097727e-02
6.929999999999999716e+00 2.999938788379684709e-02
6.940000000000000391e+00 2.999938783655519206e-02
6.950000000000000178e+00 2.999938779516050924e-02
6.959999999999999964e+00 2.999938775986706746e-02
6.969999999999999751e+00 2.999938773088890384e-02
6.980000000000000426e+00 2.999938770840307120e-02
6.990000000000000213e+00 2.999938769254498899e-02
7.000000000000000000e+00 2.999938768340251402e-02
7.009999999999999787e+00 2.999938768102386813e-02
7.020000000000000462e+00 2.999938768541319384e-02
7.030000000000000249e+00 2.999938769652781348e-02
7.040000000000000036e+00 2.999938771428181661e-02
7.049999999999999822e+00 2.999938773853989132e-02
7.060000000000000497e+00 2.999938776912283722e-02
7.070000000000000284e+00 2.999938780580309675e-02
7.080000000000000071e+00 2.999938784830655236e-02
7.089999999999999858e+00 2.999938789631114572e-02
7.100000000000000533e+00 2.999938794945016668e-02
7.110000000000000320e+00 2.999938800730672650e-02
7.120000000000000107e+00 2.999938806942354513e-02
7.129999999999999893e+00 2.999938813529525600e-02
7.140000000000000568e+00 2.999938820437495282e-02
7.150000000000000355e+00 2.999938827607321820e-02
7.160000000000000142e+00 2.999938834975774890e-02
7.169999999999999929e+00 2.999938842476349357e-02
7.179999999999999716e+00 2.999938850038189053e-02
7.190000000000000391e+00 2.999938857587776397e-02
7.200000000000000178e+00 2.999938865047848888e-02
7.209999999999999964e+00 2.999938872338477058e-02
7.219999999999999751e+00 2.999938879377723328e-02
7.230000000000000426e+00 2.999938886080857556e-02
7.240000000000000213e+00 2.999938892362475837e-02
7.250000000000000000e+00 2.999938898135840956e-02
7.259999999999999787e+00 2.999938903314183086e-02
7.270000000000000462e+00 2.999938907810846545e-02
7.280000000000000249e+00 2.999938911541519607e-02
7.290000000000000036e+00 2.999938914423877848e-02
7.299999999999999822e+00 2.999938916379637360e-02
7.310000000000000497e+00 2.999938917335105704e-02
7.320000000000000284e+00 2.999938917223158794e-02
7.330000000000000071e+00 2.999938915984273757e-02
7.339999999999999858e+00 2.999938913567622156e-02
7.350000000000000533e+00 2.999938909932193393e-02
7.360000000000000320e+00 2.999938905049388468e-02
7.370000000000000107e+00 2.999938898902264339e-02
7.379999999999999893e+00 2.999938891487271067e-02
7.390000000000000568e+00 2.999938882814873892e-02
7.400000000000000355e+00 2.999938872909365187e-02
7.410000000000000142e+00 2.999938861809373081e-02
7.419999999999999929e+00 2.999938849566862603e-02
7.429999999999999716e+00 2.999938836246777291e-02
7.440000000000000391e+00 2.999938821925134808e-02
7.450000000000000178e+00 2.999938806688239035e-02
7.459999999999999964e+00 2.999938790630003738e-02
7.469999999999999751e+00 2.999938773850405194e-02
7.480000000000000426e+00 2.999938756452640368e-02
7.490000000000000213e+00 2.999938738540177535e-02
7.500000000000000000e+00 2.999938720215233889e-02
7.509999999999999787e+00 2.999938701575785571e-02
7.520000000000000462e+00 2.999938682713158833e-02
7.530000000000000249e+00 2.999938663710313008e-02
7.540000000000000036e+00 2.999938644640309793e-02
7.549999999999999822e+00 2.999938625565235634e-02
7.560000000000000497e+00 2.999938606535775681e-02
7.570000000000000284e+00 2.999938587590601780e-02
7.580000000000000071e+00 2.999938568758554747e-02
7.589999999999999858e+00 2.999938550058607947e-02
7.600000000000000533e+00 2.999938531501715466e-02
7.610000000000000320e+00 2.999938513094096981e-02
7.620000000000000107e+00 2.999938494838862504e-02
7.629999999999999893e+00 2.999938476739895388e-02
7.640000000000000568e+00 2.999938458803095426e-02
7.650000000000000355e+00 2.999938441042092341e-02
7.660000000000000142e+00 2.999938423478622912e-02
7.669999999999999929e+00 2.999938406145795725e-02
7.679999999999999716e+00 2.999938389090328617e-02
7.690000000000000391e+00 2.999938372373753270e-02
7.700000000000000178e+00 2.999938356072936324e-02
7.709999999999999964e+00 2.999938340280390581e-02
7.719999999999999751e+00 2.999938325102179809e-02
7.730000000000000426e+00 2.999938310658387119e-02
7.740000000000000213e+00 2.999938297077971855e-02
7.750000000000000000e+00 2.999938284498230440e-02
7.759999999999999787e+00 2.999938273059292448e-02
7.770000000000000462e+00 2.999938262900914143e-02
7.780000000000000249e+00 2.999938254156959971e-02
7.790000000000000036e+00 2.999938246952223164e-02
7.799999999999999822e+00 2.999938241397629227e-02
7.810000000000000497e+00 2.999938237584505105e-02
7.820000000000000284e+00 2.999938235582720603e-02
7.830000000000000071e+00 2.999938235436323125e-02
7.839999999999999858e+00 2.999938237161157983e-02
7.850000000000000533e+00 2.999938240743120488e-02
7.860000000000000320e+00 2.999938246137270198e-02
7.870000000000000107e+00 2.999938253267434018e-02
7.879999999999999893e+00 2.999938262028135905e-02
7.890000000000000568e+00 2.999938272285206098e-02
7.900000000000000355e+00 2.999938283878781503e-02
7.910000000000000142e+00 2.999938296626736972e-02
7.919999999999999929e+00 2.999938310328192567e-02
7.930000000000000604e+00 2.999938324768304868e-02
7.940000000000000391e+00 2.999938339721548372e-02
7.950000000000000178e+00 2.999938354958049322e-02
7.959999999999999964e+00 2.999938370247284131e-02
7.969999999999999751e+00 2.999938385362099086e-02
7.980000000000000426e+00 2.999938400084182361e-02
7.990000000000000213e+00 2.999938414206730283e-02
8.000000000000000000e+00 2.999938427537624658e-02
8.009999999999999787e+00 2.999938439903192949e-02
8.019999999999999574e+00 2.999938451149365345e-02
8.029999999999999361e+00 2.999938461142493198e-02
8.040000000000000924e+00 2.999938469771390448e-02
8.050000000000000711e+00 2.999938476947532767e-02
8.060000000000000497e+00 2.999938482603417902e-02
8.070000000000000284e+00 2.999938486693027456e-02
8.080000000000000071e+00 2.999938489190382557e-02
8.089999999999999858e+00 2.999938490087473639e-02
8.099999999999999645e+00 2.999938489392457719e-02
8.109999999999999432e+00 2.999938487128959996e-02
8.120000000000000995e+00 2.999938483333136272e-02
8.130000000000000782e+00 2.999938478051401153e-02
8.140000000000000568e+00 2.999938471339060053e-02
8.150000000000000355e+00 2.999938463258926269e-02
8.160000000000000142e+00 2.999938453878701894e-02
8.169999999999999929e+00 2.999938443270087213e-02
8.179999999999999716e+00 2.999938431506594255e-02
8.189999999999999503e+00 2.999938418664567508e-02
8.199999999999999289e+00 2.999938404819361276e-02
8.210000000000000853e+00 2.999938390047419967e-02
8.220000000000000639e+00 2.999938374423132686e-02
8.230000000000000426e+00 2.999938358020563800e-02
8.240000000000000213e+00 2.999938340912255974e-02
8.250000000000000000e+00 2.999938323168700044e-02
8.259999999999999787e+00 2.999938304859176702e-02
8.269999999999999574e+00 2.999938286050577579e-02
8.279999999999999361e+00 2.999938266808644532e-02
8.290000000000000924e+00 2.999938247197096036e-02
8.300000000000000711e+00 2.999938227278865083e-02
8.310000000000000497e+00 2.999938207114146230e-02
8.320000000000000284e+00 2.999938186762524800e-02
8.330000000000000071e+00 2.999938166282456464e-02
8.339999999999999858e+00 2.999938145730348532e-02
8.349999999999999645e+00 2.999938125162461555e-02
8.359999999999999432e+00 2.999938104632688882e-02
8.370000000000000995e+00 2.999938084194613691e-02
8.380000000000000782e+00 2.999938063899277446e-02
8.390000000000000568e+00 2.999938043797711895e-02
8.400000000000000355e+00 2.999938023938268639e-02
8.410000000000000142e+00 2.999938004368200156e-02
8.419999999999999929e+00 2.999937985132352519e-02
8.429999999999999716e+00 2.999937966273567846e-02
8.439999999999999503e+00 2.999937947832502505e-02
8.449999999999999289e+00 2.999937929847291268e-02
8.460000000000000853e+00 2.999937912352396846e-02
8.470000000000000639e+00 2.999937895380242608e-02
8.480000000000000426e+00 2.999937878958817972e-02
8.490000000000000213e+00 2.999937863113406183e-02
8.500000000000000000e+00 2.999937847865594143e-02
8.509999999999999787e+00 2.999937833232208320e-02
8.519999999999999574e+00 2.999937819226695945e-02
8.529999999999999361e+00 2.999937805858490791e-02
8.540000000000000924e+00 2.999937793132764069e-02
8.550000000000000711e+00 2.999937781050564939e-02
8.560000000000000497e+00 2.999937769609772181e-02
8.570000000000000284e+00 2.999937758803510046e-02
8.580000000000000071e+00 2.999937748621890610e-02
8.589999999999999858e+00 2.999937739051588073e-02
8.599999999999999645e+00 2.999937730075935560e-02
8.609999999999999432e+00 2.999937721674888341e-02
8.620000000000000995e+00 2.999937713827003499e-02
8.630000000000000782e+00 2.999937706507000215e-02
8.640000000000000568e+00 2.999937699687768577e-02
8.650000000000000355e+00 2.999937693340432726e-02
8.660000000000000142e+00 2.999937687434300199e-02
8.669999999999999929e+00 2.999937681936476475e-02
8.679999999999999716e+00 2.999937676812585580e-02
8.689999999999999503e+00 2.999937672027551058e-02
8.700000000000001066e+00 2.999937667544107581e-02
8.710000000000000853e+00 2.999937663324567932e-02
8.720000000000000639e+00 2.999937659329154210e-02
8.730000000000000426e+00 2.999937655518152696e-02
8.740000000000000213e+00 2.999937651850270726e-02
8.750000000000000000e+00 2.999937648283640401e-02
8.759999999999999787e+00 2.999937644775526116e-02
8.769999999999999574e+00 2.999937641283391410e-02
8.779999999999999361e+00 2.999937637763385942e-02
8.790000000000000924e+00 2.999937634172555878e-02
8.800000000000000711e+00 2.999937630467896382e-02
8.810000000000000497e+00 2.999937626606585805e-02
8.820000000000000284e+00 2.999937622547448057e-02
8.830000000000000071e+00 2.999937618249806648e-02
8.839999999999999858e+00 2.999937613674989734e-02
8.849999999999999645e+00 2.999937608785904070e-02
8.859999999999999432e+00 2.999937603547952331e-02
8.870000000000000995e+00 2.999937597929175359e-02
8.880000000000000782e+00 2.999937591900532149e-02
8.890000000000000568e+00 2.999937585436417142e-02
8.900000000000000355e+00 2.999937578514069725e-02
8.910000000000000142e+00 2.999937571115436283e-02
8.919999999999999929e+00 2.999937563225685278e-02
8.929999999999999716e+00 2.999937554833655845e-02
8.939999999999999503e+00 2.999937545932598870e-02
8.950000000000001066e+00 2.999937536520543013e-02
8.960000000000000853e+00 2.999937526597519499e-02
8.970000000000000639e+00 2.999937516169610269e-02
8.980000000000000426e+00 2.999937505243999158e-02
8.990000000000000213e+00 2.999937493833536653e-02
9.000000000000000000e+00 2.999937481952802409e-02
9.009999999999999787e+00 2.999937469619599895e-02
9.019999999999999574e+00 2.999937456853399298e-02
9.029999999999999361e+00 2.999937443677049356e-02
9.040000000000000924e+00 2.999937430114146472e-02
9.050000000000000711e+00 2.999937416190223693e-02
9.060000000000000497e+00 2.999937401931749778e-02
9.070000000000000284e+00 2.999937387366400504e-02
9.080000000000000071e+00 2.999937372521175455e-02
9.089999999999999858e+00 2.999937357425241924e-02
9.099999999999999645e+00 2.999937342107081642e-02
9.109999999999999432e+00 2.999937326594706577e-02
9.120000000000000995e+00 2.999937310917364514e-02
9.130000000000000782e+00 2.999937295103622184e-02
9.140000000000000568e+00 2.999937279182664229e-02
9.150000000000000355e+00 2.999937263183885885e-02
9.160000000000000142e+00 2.999937247136795146e-02
9.169999999999999929e+00 2.999937231071116844e-02
9.179999999999999716e+00 2.999937215018419479e-02
9.189999999999999503e+00 2.999937199010092176e-02
9.200000000000001066e+00 2.999937183078146136e-02
9.210000000000000853e+00 2.999937167257255011e-02
9.220000000000000639e+00 2.999937151581958533e-02
9.230000000000000426e+00 2.999937136089652484e-02
9.240000000000000213e+00 2.999937120817230615e-02
9.250000000000000000e+00 2.999937105804558260e-02
9.259999999999999787e+00 2.999937091091040703e-02
9.269999999999999574e+00 2.999937076718100712e-02
9.279999999999999361e+00 2.999937062728456200e-02
9.290000000000000924e+00 2.999937049163425157e-02
9.300000000000000711e+00 2.999937036065692883e-02
9.310000000000000497e+00 2.999937023476664105e-02
9.320000000000000284e+00 2.999937011437638426e-02
9.330000000000000071e+00 2.999936999987187422e-02
9.339999999999999858e+00 2.999936989161320483e-02
9.349999999999999645e+00 2.999936978995736137e-02
9.359999999999999432e+00 2.999936969518906746e-02
9.370000000000000995e+00 2.999936960757069310e-02
9.380000000000000782e+00 2.999936952730657483e-02
9.390000000000000568e+00 2.999936945455428799e-02
9.400000000000000355e+00 2.999936938938678813e-02
9.410000000000000142e+00 2.999936933182652948e-02
9.419999999999999929e+00 2.999936928181019466e-02
9.429999999999999716e+00 2.999936923918853499e-02
9.439999999999999503e+00 2.999936920373670948e-02
9.450000000000001066e+00 2.999936917513521678e-02
9.460000000000000853e+00 2.999936915298460210e-02
9.470000000000000639e+00 2.999936913678095257e-02
9.480000000000000426e+00 2.999936912595899119e-02
9.490000000000000213e+00 2.999936911984215152e-02
9.500000000000000000e+00 2.999936911771288947e-02
9.509999999999999787e+00 2.999936911875186046e-02
9.519999999999999574e+00 2.999936912210886611e-02
9.529999999999999361e+00 2.999936912687465804e-02
9.540000000000000924e+00 2.999936913211395662e-02
9.550000000000000711e+00 2.999936913688330820e-02
9.560000000000000497e+00 2.999936914022451745e-02
9.570000000000000284e+00 2.999936914120848383e-02
9.580000000000000071e+00 2.999936913894495072e-02
9.589999999999999858e+00 2.999936913257838372e-02
9.599999999999999645e+00 2.999936912134069933e-02
9.609999999999999432e+00 2.999936910452638550e-02
9.620000000000000995e+00 2.999936908153119294e-02
9.630000000000000782e+00 2.999936905186466676e-02
9.640000000000000568e+00 2.999936901511864040e-02
9.650000000000000355e+00 2.999936897100990985e-02
9.660000000000000142e+00 2.999936891937405106e-02
9.669999999999999929e+00 2.999936886013079493e-02
9.679999999999999716e+00 2.999936879330529146e-02
9.689999999999999503e+00 2.999936871901278529e-02
9.700000000000001066e+00 2.999936863744244800e-02
9.710000000000000853e+00 2.999936854882341922e-02
9.720000000000000639e+00 2.999936845345560488e-02
9.730000000000000426e+00 2.999936835164295629e-02
9.740000000000000213e+00 2.999936824370185232e-02
9.750000000000000000e+00 2.999936812995458030e-02
9.759999999999999787e+00 2.999936801070915773e-02
9.769999999999999574e+00 2.999936788623474779e-02
9.779999999999999361e+00 2.999936775680149895e-02
9.790000000000000924e+00 2.999936762264546197e-02
9.800000000000000711e+00 2.999936748397554614e-02
9.810000000000000497e+00 2.999936734099811070e-02
9.820000000000000284e+00 2.999936719394141055e-02
9.830000000000000071e+00 2.999936704303960908e-02
9.839999999999999858e+00 2.999936688856931141e-02
9.849999999999999645e+00 2.999936673088536565e-02
9.859999999999999432e+00 2.999936657042322902e-02
9.870000000000000995e+00 2.999936640771116991e-02
9.880000000000000782e+00 2.999936624342980709e-02
9.890000000000000568e+00 2.999936607836279148e-02
9.900000000000000355e+00 2.999936591346233014e-02
9.910000000000000142e+00 2.999936574979391105e-02
9.919999999999999929e+00 2.999936558860602509e-02
9.929999999999999716e+00 2.999936543121405758e-02
9.939999999999999503e+00 2.999936527907208841e-02
9.950000000000001066e+00 2.999936513367593149e-02
9.960000000000000853e+00 2.999936499657087502e-02
9.970000000000000639e+00 2.999936486926067097e-02
