2.999578060260536458e-02
7.544240155220219846e-01
1.018036911198344496e+00
3.626451933769715641e+00
6.304732044973502703e+00
1.456969427823271168e+01
2.549882583307944017e+01
5.034095340338947011e+01
8.704421263763471472e+01
1.598193094786770416e+02
2.736491908560326465e+02
4.839627332523432983e+02
8.233989547297006766e+02
1.426607582636877623e+03
2.417679583551354881e+03
4.140307050166915360e+03
6.999979809504542573e+03
1.190708480791939110e+04
2.010259545378803159e+04
3.406050000889470539e+04
5.745513226324269635e+04
9.712293610934000753e+04
1.637493931305129372e+05
2.764258075172930257e+05
4.659137348249444040e+05
7.858736710202980321e+05
1.324346754550306126e+06
2.232752039370330516e+06
3.762210441583025269e+06
6.341006784598454833e+06
1.068398365165835619e+07
1.800424704762328416e+07
3.033426997844616324e+07
5.111304228249397874e+07
8.611534649892634153e+07
1.450951413233172894e+08
2.444532896452687979e+08
4.118630604352830052e+08
6.938928387026300430e+08
1.169069257099209785e+09
1.969598702637289047e+09
3.318334536959285736e+09
5.590574706580327988e+09
9.418801750726694107e+09
1.586832978379034996e+10
2.673428094421868896e+10
4.504054505274977875e+10
7.588217888549385071e+10
1.278423265646625977e+11
2.153823678068199768e+11
3.628648217488535156e+11
6.113359681599333496e+11
1.029946290236635010e+12
1.735199529282436035e+12
2.923371417314035156e+12
4.925141346258003906e+12
8.297614268158804688e+12
1.397937838992117188e+13
2.355170670904043750e+13
3.967865598890927344e+13
6.684846907567139062e+13
1.126227181813688906e+14
1.897407053918077500e+14
3.196649589992940000e+14
5.385543452088115000e+14
9.073274402711503750e+14
1.528616506290400500e+15
2.575330965958644000e+15
4.338779183934111500e+15
7.309742009121340000e+15
1.231506040469702200e+16
2.074775187224536000e+16
3.495469702577462400e+16
5.888979466385714400e+16
9.921436026811707200e+16
1.671510209061977600e+17
2.816070542387448960e+17
4.744364266670123520e+17
7.993049865129954560e+17
1.346626072337230336e+18
2.268723213238959616e+18
3.822222906692131328e+18
6.439475673429649408e+18
1.084888243527910195e+19
1.827761389816125645e+19
3.079314130939460813e+19
5.187862905925373952e+19
8.740232528205257114e+19
1.472507389383750287e+20
2.480801288648128266e+20
4.179520644799240602e+20
7.041431693940112753e+20
1.186302557459507315e+21
1.998618773938022908e+21
3.367165465696229917e+21
5.672819359707074396e+21
9.557261090042341753e+21
1.610155969143806047e+22
2.712704215701464180e+22
4.570218229274891413e+22
7.699657980365207555e+22
1.297196983640054794e+23
2.185447741514301970e+23
3.681924866550622742e+23
6.203109076959600931e+23
1.045066469729678528e+24
1.760671806059860770e+24
2.966285206085746811e+24
4.997437849330800577e+24
8.419414629077754086e+24
1.418457714376725020e+25
2.389741301643757613e+25
4.026107673735491378e+25
6.782969767561698806e+25
1.142758281586215035e+26
1.925257718823415738e+26
3.243570703803838860e+26
5.464593549041703089e+26
9.206453438132052862e+26
1.551053781938514542e+27
2.613132028002875045e+27
4.402464360177654822e+27
7.417035280092972186e+27
1.249582230457088511e+28
2.105228965044186976e+28
3.546776584483601323e+28
5.975418516740832660e+28
1.006706388199620621e+29
1.696044802858112088e+29
2.857405105478260710e+29
4.814002509086206191e+29
8.110372629231659454e+29
1.366391979697410603e+30
2.302023750905964465e+30
3.878325859895395867e+30
6.533994912108989550e+30
1.100812336420523979e+31
1.854589445381595940e+31
3.124512595928496989e+31
5.264010849647458931e+31
8.868522489034606043e+31
1.494120992242934686e+32
2.517214724595390080e+32
4.240868044081263446e+32
7.144786494069689905e+32
1.203715218554121391e+33
2.027954689177451451e+33
3.416589038690852782e+33
5.756085538321809365e+33
9.697543471462917015e+33
1.633789990600896172e+34
2.752521544547664940e+34
4.637300324156155750e+34
7.812674287635430039e+34
1.316237363521904403e+35
2.217525949908665668e+35
3.735968507518100346e+35
6.294158898106157591e+35
1.060406054124605387e+36
1.786515113139964851e+36
3.009824620527650595e+36
5.070790714117030329e+36
8.542995592169952894e+36
1.439277970693233169e+37
2.424818150201473004e+37
4.085203262721613384e+37
6.882530838995045223e+37
1.159531795677268019e+38
1.953516833604389189e+38
3.291180141340335294e+38
5.544803370236061317e+38
9.341586632606687673e+38
1.573820296033407660e+39
2.651487827075846166e+39
4.467084148588972658e+39
7.525903225670307705e+39
1.267923716636649234e+40
2.136129715061501406e+40
3.598836506717301317e+40
6.063126274989676588e+40
1.021482919785313532e+41
1.720939508953725265e+41
2.899346368017175842e+41
4.884662893667066749e+41
8.229417446728552390e+41
1.386448010578111229e+42
2.335813073506094883e+42
3.935252294279743546e+42
6.629901508653480084e+42
1.116970164225884120e+43
1.881811284978376152e+43
3.170374487855622280e+43
5.341276499533204891e+43
8.998695502375763251e+43
1.516051841809210437e+44
2.554162640909943073e+44
4.303115907162261336e+44
7.249658347062805286e+44
1.221383464566902907e+45
2.057721200171965453e+45
3.466738056063451976e+45
5.840573907095737259e+45
9.839884932739393729e+45
1.657770914799813862e+46
2.792923316423141765e+46
4.705367057351333606e+46
7.927349460296798691e+46
1.335557220112243143e+47
2.250075005677580106e+47
3.790805406830338047e+47
6.386545157936986881e+47
1.075970794509838117e+48
1.812737751023584130e+48
3.054003111183208749e+48
5.145220260032504845e+48
8.668390489351110018e+48
1.460403828866291711e+49
2.460409860427328238e+49
4.145166262603954304e+49
6.983553277558774894e+49
1.176551512993808393e+50
1.982190738380139895e+50
3.339488394698639133e+50
5.626190518275526908e+50
9.478703324040284527e+50
1.596920979077760880e+51
2.690406616074568089e+51
4.532652431895065810e+51
7.636369144619769160e+51
1.286534420795338206e+52
2.167484028809368286e+52
3.651660569118079028e+52
6.152121415719823462e+52
1.036476342699405532e+53
1.746199621808815044e+53
2.941903248106445352e+53
4.956360437366951808e+53
8.350209613555388799e+53
1.406798425491858492e+54
2.370098358674811603e+54
3.993014299588321307e+54
6.727215830015174858e+54
1.133365157879229950e+55
1.909432688899308782e+55
3.216909544365278580e+55
5.419676261145594305e+55
9.130779206083617502e+55
1.538304594179765887e+56
2.591652881818843786e+56
4.366277449307688781e+56
7.356069517814906608e+56
1.239311046536209074e+57
2.087924626598197658e+57
3.517623165324014304e+57
5.926302403383130192e+57
9.984315694600993180e+57
1.682103833106144106e+58
2.833918108987439311e+58
4.774432880228537235e+58
8.043707845685254434e+58
1.355160655289655381e+59
2.283101819281222950e+59
3.846447206999867167e+59
6.480287471394223625e+59
1.091763995527102188e+60
1.839345287062616270e+60
3.098830057420783412e+60
5.220742289426945937e+60
8.795625945375206337e+60
1.481839774462372311e+61
2.496523989120674859e+61
4.206009405099226274e+61
7.086058533247959389e+61
1.193821047436467656e+62
2.011285521638966963e+62
3.388505721317339556e+62
5.708772275220698644e+62
9.617832629020579200e+62
1.620360736416214706e+63
2.729896658983711784e+63
4.599183133316633249e+63
7.748456493327502331e+63
1.305418294736425234e+64
2.199298564455478153e+64
3.705259988281396541e+64
6.242422835456377085e+64
1.051689840403467825e+65
1.771830504938073072e+65
2.985084782029135546e+65
5.029110364232032576e+65
8.472774779467178409e+65
1.427447545705499663e+66
2.404886886417535384e+66
4.051624140844050539e+66
6.825958539287343532e+66
1.150000798768231467e+67
1.937459522342537764e+67
3.264127646659783398e+67
5.499226781318044578e+67
9.264801645746117931e+67
1.560883974199899823e+68
2.629693407455771847e+68
4.430366082190373494e+68
7.464042601241599336e+68
1.257501771183153344e+69
2.118571381539562269e+69
3.569255170435268851e+69
6.013289230047666405e+69
1.013086642402970365e+70
1.706793912058443482e+70
2.875514626760027337e+70
4.844512457355463884e+70
8.161774149959393202e+70
1.375051831533331366e+71
2.316613403719576277e+71
3.902905722698478969e+71
6.575405743452814137e+71
1.107789010669112697e+72
1.866343371112428990e+72
3.144314978151468655e+72
5.297372838579391390e+72
8.924728974658249850e+72
1.503590358810886294e+73
2.533168204407585874e+73
4.267745609175471720e+73
7.190068370861067709e+73
1.211344065752059374e+74
2.040807360849779883e+74
3.438242528828902043e+74
5.792566174585593650e+74
9.759004086308780013e+74
1.644144544656587432e+75
2.769966340487815013e+75
4.666690378741486782e+75
7.862189071888862258e+75
1.324579348148863218e+76
2.231580077163672263e+76
3.759646145525336126e+76
6.334049709506522495e+76
1.067126643549133736e+77
1.797837600927077245e+77
3.028900139297267125e+77
5.102928122599001192e+77
8.597138970694477289e+77
1.448399756060692004e+78
2.440186043771173719e+78
4.111094263670601725e+78
6.926150605287478134e+78
1.166880619370299196e+79
1.965897736632472442e+79
3.312038821042458062e+79
5.579944952504202113e+79
9.400791281463725217e+79
1.583794777082738796e+80
2.668292296498139496e+80
4.495395415245465577e+80
7.573600525413706878e+80
1.275959501245525953e+81
2.149667972771266977e+81
3.621645035753463379e+81
6.101552858519543718e+81
1.027956823978967810e+82
1.731846394632800809e+82
2.917721702549102240e+82
4.915620669311295822e+82
8.281573442447980226e+82
1.395234972326531013e+83
2.350616874346472409e+83
3.960192942203779825e+83
6.671920171367446749e+83
1.124049242609314587e+84
1.893737735759037761e+84
3.190467530847332276e+84
5.375128178144372682e+84
9.055726990851671375e+84
1.525660200384904050e+85
2.570350287041397212e+85
4.330387982926835418e+85
7.295604874746515749e+85
1.229124288504436635e+86
2.070762524238927376e+86
3.488709377866950047e+86
5.877590008535086434e+86
9.902247670644114160e+86
1.668277453537823836e+87
2.810624167992454805e+87
4.735188500642174491e+87
7.977591024777864024e+87
1.344021648802622098e+88
2.264335420131470466e+88
3.814830586472782199e+88
6.427021488780131023e+88
1.082790029131765123e+89
1.824226430889724956e+89
3.073358621438016160e+89
5.177829383393425357e+89
8.723328587969935854e+89
1.469659504388672870e+90
2.476003324862521143e+90
4.171437293058420632e+90
7.027813297385216830e+90
1.184008203251217972e+91
1.994753369192152351e+91
3.360653239653025955e+91
5.661847911353850382e+91
9.538776983327731470e+91
1.607041866232667113e+92
2.707457742607785423e+92
4.561379253286414376e+92
7.684766548851342458e+92
1.294688155259368911e+93
2.181221002269554638e+93
3.674803883531943700e+93
6.191112027730679087e+93
1.043045271390615231e+94
1.757266599725269352e+94
2.960548297541361468e+94
4.987772614303829331e+94
8.403131160845627546e+94
1.415714363227653158e+95
2.385119451169077434e+95
4.018321028637384354e+95
6.769851246450269489e+95
1.140548143647341271e+96
1.921534197190543280e+96
3.237297515004137761e+96
5.454024817790761967e+96
9.188647807612143911e+96
1.548053984982693244e+97
2.608078131379785023e+97
4.393949826736381222e+97
7.402690451794827576e+97
1.247165490881142734e+98
2.101157372074426361e+98
3.539916983415120659e+98
5.963861829655967876e+98
1.004759379710212443e+99
1.692764587628679266e+99
2.851878775143277132e+99
4.804692044943717128e+99
8.094686859570491823e+99
1.363749325520793290e+100
2.297571549207720398e+100
3.870825030007613179e+100
6.521357917315715127e+100
1.098683323484906355e+101
1.851002598819770884e+101
3.118469669663375963e+101
5.253830052204753994e+101
8.851370428452866227e+101
1.491231305362615409e+102
2.512346335544953450e+102
4.232666043741487693e+102
7.130968204940631238e+102
1.201387187485111634e+103
2.024032547647541448e+103
3.409981225524503929e+103
5.744953050254221064e+103
9.678788053233248976e+103
1.630630178614095066e+104
2.747198063102449813e+104
4.628331608811042017e+104
7.797564278337727028e+104
1.313691710316519018e+105
2.213237170197165267e+105
3.728743001977329779e+105
6.281985754684730989e+105
1.058355188359028230e+106
1.783059924801038335e+106
3.004003505074259243e+106
5.060983611918586845e+106
8.526473113490216783e+106
1.436494352363636468e+107
2.420128459891452545e+107
4.077302324428049005e+107
6.869219762462546082e+107
1.157289217023925575e+108
1.949738657631105060e+108
3.284814873571829187e+108
5.534079509356732442e+108
9.323519648559781591e+108
1.570776467737279821e+109
2.646359748726496355e+109
4.458444637970565640e+109
7.511347842678437340e+109
1.265471503906835704e+110
2.131998358672331238e+110
3.591876219726318899e+110
6.051399957894212666e+110
1.019507332915621805e+111
1.717611146348599920e+111
2.893738921678493553e+111
4.875215769583778623e+111
8.213501439712833264e+111
1.383766567307068509e+112
2.331295522088454716e+112
3.927641366482886360e+112
6.617079026383142624e+112
1.114809901304132749e+113
1.878171790157318130e+113
3.164242862635657617e+113
5.330946266859385366e+113
8.981291681335626158e+113
1.513119739575723830e+114
2.549222792886282204e+114
4.294793516677365176e+114
7.235637231027314438e+114
1.219021262329414923e+115
2.053741488814834317e+115
3.460033252442792412e+115
5.829278014444718973e+115
9.820854220348205529e+115
1.654564722682737427e+116
2.787521696402540947e+116
4.696266698544315089e+116
7.912017665353002441e+116
1.332974201638942289e+117
2.245723275108658922e+117
3.783473845059213315e+117
6.374193336892097394e+117
1.073889826106535666e+118
1.809231847300084150e+118
3.048096553128036283e+118
5.135269208477925986e+118
8.651625493776659315e+118
1.457579352537625490e+119
2.455651334513726190e+119
4.137149354071245690e+119
6.970046821045292974e+119
1.174276017821465476e+120
1.978357106413352031e+120
3.333029697495809009e+120
5.615309252600173842e+120
9.460371152943924220e+120
1.593832473433903745e+121
2.685203267705856761e+121
4.523886110445278166e+121
7.621600117332454332e+121
1.284046214494037963e+122
2.163292032554158273e+122
3.644598119156679306e+122
6.140222979573808113e+122
1.034471758114429265e+123
1.742822405444362350e+123
2.936213495721247866e+123
4.946774648357666926e+123
8.334059991576562500e+123
1.404077623967258873e+124
2.365514498448647029e+124
3.985291658142549556e+124
6.714205138652386725e+124
1.131173186591429036e+125
1.905739773530154021e+125
3.210687918801588740e+125
5.409194401158392319e+125
9.113119932327675104e+125
1.535329454555697087e+126
2.586640526536638649e+126
4.357832902958567210e+126
7.341842600440841203e+126
1.236914172007626245e+127
2.083886501141467820e+127
3.510819948684343657e+127
5.914840709771217359e+127
9.965005649158757875e+127
1.678850580444019714e+128
2.828437203892609332e+128
4.765198945889543097e+128
8.028151009653734000e+128
1.352539723261917246e+129
2.278686214031247689e+129
3.839008032475090059e+129
6.467754350126237345e+129
1.089652482643437512e+130
1.835787923603725091e+130
3.092836802798561225e+130
5.210645176276947082e+130
8.778614871349351587e+130
1.478973840186235543e+131
2.491695617131292128e+131
4.197874823729510895e+131
7.072353827513644871e+131
1.191512152290094154e+132
2.007395619216838314e+132
3.381952222865163402e+132
5.697731293333055978e+132
9.599231376421359837e+132
1.617226897367688819e+133
2.724616935539589539e+133
4.590288139092493314e+133
7.733470685700363584e+133
1.302893566473936924e+134
2.195045037999022239e+134
3.698093875583025748e+134
6.230349754251579329e+134
1.049655832641784005e+135
1.768403717956097855e+135
2.979311515587923832e+135
5.019383875329581282e+135
8.456388113646780458e+135
1.424686808372001228e+136
2.400235744397370015e+136
4.043788146864013422e+136
6.812756878269043738e+136
1.147776653842509551e+137
1.933712402595154394e+137
3.257814700629229493e+137
5.488591069547571057e+137
9.246883170227693957e+137
1.557865165784785535e+138
2.624607481434419570e+138
4.421797587431468244e+138
7.449606861973189269e+138
1.255069715464951036e+139
2.114473984785713173e+139
3.562352096770598072e+139
6.001659302707169697e+139
1.011127294717567843e+140
1.703492908501865335e+140
2.869953273410175293e+140
4.835142988135811609e+140
8.145988972239389786e+140
1.372392429676081378e+141
2.312132986467860760e+141
3.895357356582029448e+141
6.562688662204533967e+141
1.105646505154999996e+142
1.862733792882341505e+142
3.138233754764882550e+142
5.287127520415603138e+142
8.907468213314673326e+142
1.500682358567331249e+143
2.528268961882022803e+143
4.259491628741643063e+143
7.176162508198412775e+143
1.209001280758396241e+144
2.036860362648514117e+144
3.431592838449888021e+144
5.781363133630775366e+144
9.740129804966551100e+144
1.640964707204919523e+145
2.764609121455195210e+145
4.657664824170718741e+145
7.846983302495349562e+145
1.322017561842998234e+146
2.227264117292870372e+146
3.752374848299951766e+146
6.321799418932121209e+146
1.065062780473076238e+147
1.794360515346813398e+147
3.023042132502262543e+147
5.093058867829781451e+147
8.580511780642720712e+147
1.445598496408238191e+148
2.435466632147439404e+148
4.103143252618777750e+148
6.912755169655630509e+148
1.164623828429147575e+149
1.962095616609503437e+149
3.305633213601564871e+149
5.569153129497963042e+149
9.382609798176147691e+149
1.580731658466382580e+150
2.663131718854857567e+150
4.486701151357645111e+150
7.558952897323380573e+150
1.273491747641714731e+151
2.145510434233794776e+151
3.614640638263743532e+151
6.089752226280330120e+151
1.025968716906356210e+152
1.728496938763714036e+152
2.912078719501028104e+152
4.906113674890950080e+152
8.265556569493256560e+152
1.392536535668540939e+153
2.346070693368576691e+153
3.952533780696163939e+153
6.659016427768987387e+153
1.121875289242823207e+154
1.890075175991881035e+154
3.184297047145709882e+154
5.364732478956910980e+154
9.038212875505753524e+154
1.522709516331429624e+155
2.565379133109690251e+155
4.322012850131000597e+155
7.281494900771547400e+155
1.226747115995663406e+156
2.066757591739712633e+156
3.481962082818005799e+156
5.866222528901422526e+156
9.883096352099294282e+156
1.665050942421553898e+157
2.805188315629404251e+157
4.726030468802842803e+157
7.962162064705826416e+157
1.341422260519250043e+158
2.259956110520022456e+158
3.807452560958747418e+158
6.414591388293127723e+158
1.080695872633199233e+159
1.820698308654002127e+159
3.067414630685003072e+159
5.167815267173829421e+159
8.706457343379731630e+159
1.466817127738526471e+160
2.471214641553653054e+160
4.163369577135540636e+160
7.014221242961537571e+160
1.181718286976265233e+161
1.990895441429580976e+161
3.354153610245982010e+161
5.650897685342474464e+161
9.520328631409098945e+161
1.603933787189433034e+162
2.702221418115860151e+162
4.552557375336276807e+162
7.669903923220189770e+162
1.292184180006922341e+163
2.177002439462586262e+163
3.667696675573342788e+163
6.179138185518276746e+163
1.041027982818940121e+164
1.753867980348381422e+164
2.954822486332745780e+164
4.978126075377655880e+164
8.386879190434787876e+164
1.412976318538362149e+165
2.380506540641544056e+165
4.010549445038160266e+165
6.756758100245888663e+165
1.138342280764429746e+166
1.917817878131153794e+166
3.231036460104474869e+166
5.443476529362689588e+166
9.170876618251259823e+166
1.545059990498148126e+167
2.603034010597149195e+167
4.385451763339914706e+167
7.388373371524006070e+167
1.244753426096705793e+168
2.097093655020920156e+168
3.533070651366140945e+168
5.952327497410619795e+168
1.002816137450373739e+169
1.689490717536302052e+169
2.846363134998012926e+169
4.795399590998100468e+169
8.079031432635399589e+169
1.361111783393291615e+170
2.293127960141182818e+170
3.863338709882090735e+170
6.508745367761616855e+170
1.096558428905742843e+171
1.847422690695114170e+171
3.112438433018644243e+171
5.243668948974847435e+171
8.834251548841521017e+171
1.488347208494925831e+172
2.507487364259338293e+172
4.224479910250869969e+172
7.117176647388968698e+172
1.199063659996584258e+173
2.020117993390845107e+173
3.403386194759878169e+173
5.733842096964952367e+173
9.660068917038002055e+173
1.627476479106920169e+174
2.741884879747316161e+174
4.619380243363240968e+174
7.782483498511559419e+174
1.311150981668183769e+175
2.208956687226913882e+175
3.721531474576360644e+175
6.269836160825672349e+175
1.056308290131441974e+176
1.779611420652660288e+176
2.998193650629455365e+176
5.051195481333715609e+176
8.509982597540034048e+176
1.433716118842964497e+177
2.415447841278961777e+177
4.069416669718189737e+177
6.855934435398803857e+177
1.155050976513103708e+178
1.945967790301526979e+178
3.278461919027321279e+178
5.523376392905237274e+178
9.305487613022490137e+178
1.567738527192842834e+179
2.641241590013913893e+179
4.449821838987452300e+179
7.496820614236372767e+179
1.263024034624255097e+180
2.127874994144354134e+180
3.584929396877948649e+180
6.039696324234644494e+180
1.017535567642081175e+181
1.714289222213127572e+181
2.888142322437824219e+181
4.865786920016438132e+181
8.197616220862578836e+181
1.381090310977564366e+182
2.326786709281212214e+182
3.920045161101240080e+182
6.604281347770674408e+182
1.112653817208211572e+183
1.874539335560540719e+183
3.158123098379970220e+183
5.320636017293131607e+183
8.963921527501062004e+183
1.510193309441375891e+184
2.544292500599358542e+184
4.286487225222623325e+184
7.221643237913479818e+184
1.216663629537905996e+185
2.049769475929610472e+185
3.453341418595578556e+185
5.818003972345465035e+185
9.801860319883599695e+185
1.651364732459501794e+186
2.782130524929464258e+186
4.687183942806845134e+186
7.896715526417899293e+186
1.330396179639502698e+187
2.241379962015039144e+187
3.776156464673019114e+187
6.361865407676376300e+187
1.071812882827338299e+188
1.805732724963859592e+188
3.042201419899678135e+188
5.125337405159867662e+188
8.634892925043779154e+188
1.454760339316958976e+189
2.450902012657629341e+189
4.129147951788243546e+189
6.956566488494116838e+189
1.172004923835969270e+190
1.974530889433965765e+190
3.326583492832192634e+190
5.604449033394789928e+190
9.442074439271340392e+190
1.590749941515737285e+191
2.680009983615225027e+191
4.515136744473239182e+191
7.606859656055162803e+191
1.281562820773423139e+192
2.159108144303514953e+192
3.637549329131896734e+192
6.128347557472394937e+192
1.032471050812754018e+193
1.739451721413073208e+193
2.930534748224492889e+193
4.937207399871208480e+193
8.317941605691874249e+193
1.401362084939677738e+194
2.360939504339379096e+194
3.977583954171535843e+194
6.701219613468773860e+194
1.128985455089497609e+195
1.902054001098050039e+195
3.204478327721902830e+195
5.398732815733730274e+195
9.095494815014340960e+195
1.532360069542554887e+196
2.581637866305427739e+196
4.349404689865521871e+196
7.327643199748528524e+196
1.234521933312820632e+197
2.079856186038940109e+197
3.504029890469091667e+197
5.903401184714862615e+197
9.945732952846154343e+197
1.675603620226275018e+198
2.822966900020930124e+198
4.755982871975621886e+198
8.012624263832326583e+198
1.349923860524087262e+199
2.274279149047915920e+199
3.831583246323130995e+199
6.455245469789572020e+199
1.087545053714063732e+200
1.832237440732317195e+200
3.086855140058402752e+200
5.200567592388820454e+200
8.761636700440320220e+200
1.476113449146481543e+201
2.486876584138718268e+201
4.189755975917704935e+201
7.058675629384823590e+201
1.189207723007203229e+202
2.003513240615205917e+202
3.375411400107969672e+202
5.686711666665252037e+202
9.580666101484040489e+202
1.614099119670160154e+203
2.719347423773598091e+203
4.581410349091023486e+203
7.718513862268592580e+203
1.300373721201187616e+204
2.190799738116089217e+204
3.690941622700235456e+204
6.218300022909428972e+204
1.047625758649876564e+205
1.764983558390800517e+205
2.973549414582656130e+205
5.009676197332990729e+205
8.440033139947001843e+205
1.421931410319124074e+206
2.395593597993115063e+206
4.035967307926019878e+206
6.799580749127484492e+206
1.145556810437062974e+207
1.929972529780352426e+207
3.251513963898152279e+207
5.477975926880649668e+207
9.228999348926089398e+207
1.554852195675354114e+208
2.619531391361298082e+208
4.413245663628310092e+208
7.435199040647554847e+208
1.252642363207766934e+209
2.110384512192319860e+209
3.555462372974131204e+209
5.990051866486986390e+209
1.009171736300199845e+210
1.700198288847101385e+210
2.864402675281596963e+210
4.825791638557189365e+210
8.130234320831188332e+210
1.369738170655897522e+211
2.307661233637675405e+211
3.887823588010555449e+211
6.549996173806114314e+211
1.103508142997762219e+212
1.859131195361117736e+212
3.132164292088040153e+212
5.276902015884549152e+212
8.890240833276075713e+212
1.497779982197215637e+213
2.523379194158910106e+213
4.251253611046361281e+213
7.162283538668979411e+213
1.206663026589884566e+214
2.032920997736247372e+214
3.424956008544211240e+214
5.770181759548262364e+214
9.721292026475906072e+214
1.637791019481049773e+215
2.759262262820462855e+215
4.648656724043520807e+215
7.831806939233797048e+215
1.319460729825335604e+216
2.222956504238694647e+216
3.745117613449139490e+216
6.309572819748759213e+216
1.063002908744666074e+217
1.790890154198265188e+217
3.017195454422729239e+217
5.083208698628516921e+217
8.563916745041366298e+217
1.442802654067155465e+218
2.430756347439479477e+218
4.095207618114085436e+218
6.899385639021597658e+218
1.162371401739966859e+219
1.958300849287093187e+219
3.299239993663551252e+219
5.558382176196506663e+219
9.364463474442140454e+219
1.577674463364116875e+220
2.657981121027110161e+220
4.478023701094914027e+220
7.544333595786960540e+220
1.271028766305264260e+221
2.141360935689301809e+221
3.607649786128791703e+221
6.077974414664338095e+221
1.023984454532350118e+222
1.725153960113138132e+222
2.906446648727435527e+222
4.896625064816566239e+222
8.249570669915761591e+222
1.389843317211972588e+223
2.341533303674921549e+223
3.944889430620573608e+223
6.646137637718353043e+223
1.119705539931986569e+224
1.886419699020769300e+224
3.178138496113289798e+224
5.354356883468983461e+224
9.020732630114670867e+224
1.519764538566007750e+225
2.560417592943470349e+225
4.313653913887494687e+225
7.267412214414334209e+225
1.224374540648713986e+226
