time H
0.000000000000000000e+00 2.999934216513191337e-02
1.000000000000000021e-02 2.999933566520961159e-02
2.000000000000000042e-02 2.999932917759590145e-02
2.999999999999999889e-02 2.999932270243539992e-02
4.000000000000000083e-02 2.999931623987718912e-02
5.000000000000000278e-02 2.999930979006935200e-02
5.999999999999999778e-02 2.999930335316322236e-02
7.000000000000000666e-02 2.999929692930240060e-02
8.000000000000000167e-02 2.999929051862103638e-02
8.999999999999999667e-02 2.999928412127505703e-02
1.000000000000000056e-01 2.999927773739355027e-02
1.100000000000000006e-01 2.999927136712423476e-02
1.199999999999999956e-01 2.999926501059365161e-02
1.300000000000000044e-01 2.999925866794623738e-02
1.400000000000000133e-01 2.999925233931835869e-02
1.499999999999999944e-01 2.999924602483082167e-02
1.600000000000000033e-01 2.999923972462608529e-02
1.700000000000000122e-01 2.999923343881965437e-02
1.799999999999999933e-01 2.999922716755573995e-02
1.900000000000000022e-01 2.999922091094781723e-02
2.000000000000000111e-01 2.999921466912363124e-02
2.099999999999999922e-01 2.999920844220327690e-02
2.200000000000000011e-01 2.999920223030392089e-02
2.300000000000000100e-01 2.999919603354938430e-02
2.399999999999999911e-01 2.999918985205683730e-02
2.500000000000000000e-01 2.999918368593562645e-02
2.600000000000000089e-01 2.999917753530568706e-02
2.700000000000000178e-01 2.999917140026757065e-02
2.800000000000000266e-01 2.999916528094273213e-02
2.899999999999999800e-01 2.999915917742722662e-02
2.999999999999999889e-01 2.999915308982657736e-02
3.099999999999999978e-01 2.999914701824881597e-02
3.200000000000000067e-01 2.999914096279548970e-02
3.300000000000000155e-01 2.999913492355868461e-02
3.400000000000000244e-01 2.999912890064669949e-02
3.500000000000000333e-01 2.999912289414674582e-02
3.599999999999999867e-01 2.999911690415368870e-02
3.699999999999999956e-01 2.999911093075990562e-02
3.800000000000000044e-01 2.999910497404664408e-02
3.900000000000000133e-01 2.999909903411279027e-02
4.000000000000000222e-01 2.999909311103603898e-02
4.100000000000000311e-01 2.999908720490698788e-02
4.199999999999999845e-01 2.999908131579335363e-02
4.299999999999999933e-01 2.999907544378126525e-02
4.400000000000000022e-01 2.999906958894667935e-02
4.500000000000000111e-01 2.999906375137131528e-02
4.600000000000000200e-01 2.999905793111429936e-02
4.700000000000000289e-01 2.999905212826279449e-02
4.799999999999999822e-01 2.999904634286882157e-02
4.899999999999999911e-01 2.999904057500837190e-02
5.000000000000000000e-01 2.999903482473601987e-02
5.100000000000000089e-01 2.999902909212563001e-02
5.200000000000000178e-01 2.999902337722932383e-02
5.300000000000000266e-01 2.999901768010808378e-02
5.400000000000000355e-01 2.999901200081475997e-02
5.500000000000000444e-01 2.999900633940823583e-02
5.600000000000000533e-01 2.999900069593532115e-02
5.700000000000000622e-01 2.999899507044597943e-02
5.799999999999999600e-01 2.999898946298804048e-02
5.899999999999999689e-01 2.999898387361001409e-02
5.999999999999999778e-01 2.999897830235066093e-02
6.099999999999999867e-01 2.999897274924982066e-02
6.199999999999999956e-01 2.999896721434580638e-02
6.300000000000000044e-01 2.999896169767718793e-02
6.400000000000000133e-01 2.999895619928267393e-02
6.500000000000000222e-01 2.999895071918907627e-02
6.600000000000000311e-01 2.999894525742742915e-02
6.700000000000000400e-01 2.999893981402725410e-02
6.800000000000000488e-01 2.999893438901308704e-02
6.900000000000000577e-01 2.999892898241352315e-02
7.000000000000000666e-01 2.999892359424579172e-02
7.099999999999999645e-01 2.999891822452974838e-02
7.199999999999999734e-01 2.999891287327741823e-02
7.299999999999999822e-01 2.999890754051907221e-02
7.399999999999999911e-01 2.999890222626465375e-02
7.500000000000000000e-01 2.999889693050946174e-02
7.600000000000000089e-01 2.999889165328529714e-02
7.700000000000000178e-01 2.999888639458382633e-02
7.800000000000000266e-01 2.999888115441756709e-02
7.900000000000000355e-01 2.999887593278853168e-02
8.000000000000000444e-01 2.999887072969723706e-02
8.100000000000000533e-01 2.999886554514074807e-02
8.200000000000000622e-01 2.999886037912343276e-02
8.300000000000000711e-01 2.999885523163683954e-02
8.399999999999999689e-01 2.999885010267058782e-02
8.499999999999999778e-01 2.999884499221885936e-02
8.599999999999999867e-01 2.999883990027383748e-02
8.699999999999999956e-01 2.999883482681978131e-02
8.800000000000000044e-01 2.999882977184450267e-02
8.900000000000000133e-01 2.999882473532534607e-02
9.000000000000000222e-01 2.999881971725255544e-02
9.100000000000000311e-01 2.999881471759753560e-02
9.200000000000000400e-01 2.999880973634373726e-02
9.300000000000000488e-01 2.999880477346985458e-02
9.400000000000000577e-01 2.999879982894003427e-02
9.500000000000000666e-01 2.999879490273724136e-02
9.599999999999999645e-01 2.999878999482093189e-02
9.699999999999999734e-01 2.999878510516764199e-02
9.799999999999999822e-01 2.999878023373865610e-02
9.899999999999999911e-01 2.999877538050114631e-02
1.000000000000000000e+00 2.999877054541730606e-02
1.010000000000000009e+00 2.999876572844983533e-02
1.020000000000000018e+00 2.999876092955778423e-02
1.030000000000000027e+00 2.999875614869655649e-02
1.040000000000000036e+00 2.999875138582218034e-02
1.050000000000000044e+00 2.999874664088925807e-02
1.060000000000000053e+00 2.999874191385398445e-02
1.070000000000000062e+00 2.999873720465697641e-02
1.080000000000000071e+00 2.999873251325801959e-02
1.090000000000000080e+00 2.999872783959900424e-02
1.100000000000000089e+00 2.999872318362360041e-02
1.110000000000000098e+00 2.999871854527819820e-02
1.120000000000000107e+00 2.999871392450606175e-02
1.130000000000000115e+00 2.999870932124419284e-02
1.140000000000000124e+00 2.999870473543374619e-02
1.150000000000000133e+00 2.999870016700987435e-02
1.159999999999999920e+00 2.999869561591080730e-02
1.169999999999999929e+00 2.999869108206737467e-02
1.179999999999999938e+00 2.999868656541796602e-02
1.189999999999999947e+00 2.999868206588512595e-02
1.199999999999999956e+00 2.999867758340521440e-02
1.209999999999999964e+00 2.999867311790570951e-02
1.219999999999999973e+00 2.999866866930540193e-02
1.229999999999999982e+00 2.999866423753513520e-02
1.239999999999999991e+00 2.999865982252081925e-02
1.250000000000000000e+00 2.999865542417659570e-02
1.260000000000000009e+00 2.999865104243124025e-02
1.270000000000000018e+00 2.999864667719923106e-02
1.280000000000000027e+00 2.999864232839917488e-02
1.290000000000000036e+00 2.999863799594558803e-02
1.300000000000000044e+00 2.999863367975387149e-02
1.310000000000000053e+00 2.999862937973658134e-02
1.320000000000000062e+00 2.999862509581281006e-02
1.330000000000000071e+00 2.999862082788125328e-02
1.340000000000000080e+00 2.999861657586327945e-02
1.350000000000000089e+00 2.999861233965998158e-02
1.360000000000000098e+00 2.999860811918138304e-02
1.370000000000000107e+00 2.999860391432632861e-02
1.380000000000000115e+00 2.999859972501250568e-02
1.390000000000000124e+00 2.999859555112950604e-02
1.400000000000000133e+00 2.999859139259031249e-02
1.409999999999999920e+00 2.999858724928571030e-02
1.419999999999999929e+00 2.999858312112193073e-02
1.429999999999999938e+00 2.999857900799569876e-02
1.439999999999999947e+00 2.999857490980084584e-02
1.449999999999999956e+00 2.999857082644304812e-02
1.459999999999999964e+00 2.999856675780589177e-02
1.469999999999999973e+00 2.999856270378968570e-02
1.479999999999999982e+00 2.999855866428683543e-02
1.489999999999999991e+00 2.999855463918699866e-02
1.500000000000000000e+00 2.999855062838205702e-02
1.510000000000000009e+00 2.999854663176584890e-02
1.520000000000000018e+00 2.999854264922083291e-02
1.530000000000000027e+00 2.999853868063636492e-02
1.540000000000000036e+00 2.999853472590051362e-02
1.550000000000000044e+00 2.999853078490215263e-02
1.560000000000000053e+00 2.999852685752025377e-02
1.570000000000000062e+00 2.999852294364296901e-02
1.580000000000000071e+00 2.999851904315348206e-02
1.590000000000000080e+00 2.999851515593401213e-02
1.600000000000000089e+00 2.999851128186347901e-02
1.610000000000000098e+00 2.999850742082674215e-02
1.620000000000000107e+00 2.999850357269832554e-02
1.630000000000000115e+00 2.999849973736177372e-02
1.640000000000000124e+00 2.999849591469590931e-02
1.650000000000000133e+00 2.999849210457494753e-02
1.660000000000000142e+00 2.999848830687774220e-02
1.669999999999999929e+00 2.999848452148239780e-02
1.679999999999999938e+00 2.999848074826018396e-02
1.689999999999999947e+00 2.999847698708962840e-02
1.699999999999999956e+00 2.999847323784253852e-02
1.709999999999999964e+00 2.999846950039671695e-02
1.719999999999999973e+00 2.999846577462301350e-02
1.729999999999999982e+00 2.999846206038869756e-02
1.739999999999999991e+00 2.999845835757176254e-02
1.750000000000000000e+00 2.999845466604235400e-02
1.760000000000000009e+00 2.999845098567332363e-02
1.770000000000000018e+00 2.999844731633144121e-02
1.780000000000000027e+00 2.999844365788911088e-02
1.790000000000000036e+00 2.999844001021434101e-02
1.800000000000000044e+00 2.999843637317638895e-02
1.810000000000000053e+00 2.999843274664628148e-02
1.820000000000000062e+00 2.999842913049058715e-02
1.830000000000000071e+00 2.999842552457526040e-02
1.840000000000000080e+00 2.999842192877174782e-02
1.850000000000000089e+00 2.999841834294503240e-02
1.860000000000000098e+00 2.999841476696347986e-02
1.870000000000000107e+00 2.999841120069211484e-02
1.880000000000000115e+00 2.999840764400068735e-02
1.890000000000000124e+00 2.999840409675266079e-02
1.900000000000000133e+00 2.999840055881504083e-02
1.910000000000000142e+00 2.999839703005656444e-02
1.919999999999999929e+00 2.999839351033921006e-02
1.929999999999999938e+00 2.999838999953021237e-02
1.939999999999999947e+00 2.999838649749663952e-02
1.949999999999999956e+00 2.999838300410073710e-02
1.959999999999999964e+00 2.999837951921052390e-02
1.969999999999999973e+00 2.999837604269307151e-02
1.979999999999999982e+00 2.999837257440784652e-02
1.989999999999999991e+00 2.999836911422924107e-02
2.000000000000000000e+00 2.999836566201581622e-02
2.010000000000000231e+00 2.999836221763542768e-02
2.020000000000000018e+00 2.999835878095523725e-02
2.030000000000000249e+00 2.999835535183883323e-02
2.040000000000000036e+00 2.999835193015638196e-02
2.049999999999999822e+00 2.999834851577029907e-02
2.060000000000000053e+00 2.999834510854709757e-02
2.069999999999999840e+00 2.999834170835318295e-02
2.080000000000000071e+00 2.999833831505945708e-02
2.089999999999999858e+00 2.999833492852754108e-02
2.100000000000000089e+00 2.999833154863038726e-02
2.109999999999999876e+00 2.999832817523281903e-02
2.120000000000000107e+00 2.999832480820110309e-02
2.129999999999999893e+00 2.999832144740672418e-02
2.140000000000000124e+00 2.999831809272047317e-02
2.149999999999999911e+00 2.999831474400566078e-02
2.160000000000000142e+00 2.999831140113750488e-02
2.169999999999999929e+00 2.999830806398081501e-02
2.180000000000000160e+00 2.999830473241416745e-02
2.189999999999999947e+00 2.999830140630195541e-02
2.200000000000000178e+00 2.999829808551923369e-02
2.209999999999999964e+00 2.999829476993765009e-02
2.220000000000000195e+00 2.999829145942900510e-02
2.229999999999999982e+00 2.999828815386922781e-02
2.240000000000000213e+00 2.999828485313095136e-02
2.250000000000000000e+00 2.999828155708703439e-02
2.260000000000000231e+00 2.999827826561800997e-02
2.270000000000000018e+00 2.999827497859688941e-02
2.280000000000000249e+00 2.999827169590294634e-02
2.290000000000000036e+00 2.999826841741071171e-02
2.300000000000000266e+00 2.999826514300112795e-02
2.310000000000000053e+00 2.999826187255363180e-02
2.319999999999999840e+00 2.999825860594816651e-02
2.330000000000000071e+00 2.999825534306359981e-02
2.339999999999999858e+00 2.999825208378574873e-02
2.350000000000000089e+00 2.999824882799498674e-02
2.359999999999999876e+00 2.999824557557547247e-02
2.370000000000000107e+00 2.999824232641402910e-02
2.379999999999999893e+00 2.999823908039216808e-02
2.390000000000000124e+00 2.999823583740130958e-02
2.399999999999999911e+00 2.999823259732532429e-02
2.410000000000000142e+00 2.999822936005570873e-02
2.419999999999999929e+00 2.999822612548102077e-02
2.430000000000000160e+00 2.999822289349438759e-02
2.439999999999999947e+00 2.999821966398351011e-02
2.450000000000000178e+00 2.999821643684630681e-02
2.459999999999999964e+00 2.999821321197340337e-02
2.470000000000000195e+00 2.999820998926334970e-02
2.479999999999999982e+00 2.999820676861089663e-02
2.490000000000000213e+00 2.999820354991426796e-02
2.500000000000000000e+00 2.999820033307319667e-02
2.510000000000000231e+00 2.999819711798790145e-02
2.520000000000000018e+00 2.999819390456057167e-02
2.530000000000000249e+00 2.999819069269338973e-02
2.540000000000000036e+00 2.999818748229180626e-02
2.550000000000000266e+00 2.999818427326046005e-02
2.560000000000000053e+00 2.999818106550473928e-02
2.569999999999999840e+00 2.999817785893780370e-02
2.580000000000000071e+00 2.999817465346324777e-02
2.589999999999999858e+00 2.999817144899806151e-02
2.600000000000000089e+00 2.999816824545004090e-02
2.609999999999999876e+00 2.999816504273810497e-02
2.620000000000000107e+00 2.999816184077136808e-02
2.629999999999999893e+00 2.999815863947374178e-02
2.640000000000000124e+00 2.999815543875920115e-02
2.649999999999999911e+00 2.999815223854830279e-02
2.660000000000000142e+00 2.999814903876178371e-02
2.669999999999999929e+00 2.999814583932568918e-02
2.680000000000000160e+00 2.999814264016223073e-02
2.689999999999999947e+00 2.999813944119759587e-02
2.700000000000000178e+00 2.999813624236083789e-02
2.709999999999999964e+00 2.999813304357734980e-02
2.720000000000000195e+00 2.999812984478382460e-02
2.729999999999999982e+00 2.999812664590800412e-02
2.740000000000000213e+00 2.999812344688716076e-02
2.750000000000000000e+00 2.999812024765337662e-02
2.760000000000000231e+00 2.999811704814657823e-02
2.770000000000000018e+00 2.999811384830401370e-02
2.780000000000000249e+00 2.999811064806806940e-02
2.790000000000000036e+00 2.999810744738372337e-02
2.800000000000000266e+00 2.999810424618781432e-02
2.810000000000000053e+00 2.999810104443298084e-02
2.819999999999999840e+00 2.999809784206045049e-02
2.830000000000000071e+00 2.999809463902586987e-02
2.839999999999999858e+00 2.999809143527594132e-02
2.850000000000000089e+00 2.999808823076282813e-02
2.859999999999999876e+00 2.999808502544294361e-02
2.870000000000000107e+00 2.999808181927169498e-02
2.879999999999999893e+00 2.999807861220670641e-02
2.890000000000000124e+00 2.999807540420401653e-02
2.899999999999999911e+00 2.999807219523382626e-02
2.910000000000000142e+00 2.999806898524940216e-02
2.919999999999999929e+00 2.999806577421876980e-02
2.930000000000000160e+00 2.999806256211276848e-02
2.939999999999999947e+00 2.999805934889422307e-02
2.950000000000000178e+00 2.999805613453341430e-02
2.959999999999999964e+00 2.999805291900493193e-02
2.970000000000000195e+00 2.999804970228052078e-02
2.979999999999999982e+00 2.999804648433452084e-02
2.990000000000000213e+00 2.999804326514899505e-02
3.000000000000000000e+00 2.999804004469761379e-02
3.010000000000000231e+00 2.999803682295917873e-02
3.020000000000000018e+00 2.999803359992100210e-02
3.030000000000000249e+00 2.999803037556519544e-02
3.040000000000000036e+00 2.999802714987762423e-02
3.050000000000000266e+00 2.999802392284496924e-02
3.060000000000000053e+00 2.999802069445816136e-02
3.070000000000000284e+00 2.999801746470671590e-02
3.080000000000000071e+00 2.999801423358401317e-02
3.089999999999999858e+00 2.999801100108316979e-02
3.100000000000000089e+00 2.999800776720306511e-02
3.109999999999999876e+00 2.999800453193957744e-02
3.120000000000000107e+00 2.999800129529351517e-02
3.129999999999999893e+00 2.999799805726376459e-02
3.140000000000000124e+00 2.999799481785302840e-02
3.149999999999999911e+00 2.999799157707127434e-02
3.160000000000000142e+00 2.999798833492001854e-02
3.169999999999999929e+00 2.999798509140678276e-02
3.180000000000000160e+00 2.999798184654490010e-02
3.189999999999999947e+00 2.999797860034076127e-02
3.200000000000000178e+00 2.999797535281147759e-02
3.209999999999999964e+00 2.999797210396934477e-02
3.220000000000000195e+00 2.999796885383152617e-02
3.229999999999999982e+00 2.999796560241334287e-02
3.240000000000000213e+00 2.999796234973741565e-02
3.250000000000000000e+00 2.999795909582143871e-02
3.260000000000000231e+00 2.999795584068900428e-02
3.270000000000000018e+00 2.999795258436440543e-02
3.280000000000000249e+00 2.999794932687183460e-02
3.290000000000000036e+00 2.999794606823975862e-02
3.300000000000000266e+00 2.999794280849449324e-02
3.310000000000000053e+00 2.999793954766709347e-02
3.320000000000000284e+00 2.999793628578955804e-02
3.330000000000000071e+00 2.999793302289211275e-02
3.339999999999999858e+00 2.999792975901094741e-02
3.350000000000000089e+00 2.999792649418141569e-02
3.359999999999999876e+00 2.999792322843845838e-02
3.370000000000000107e+00 2.999791996182329251e-02
3.379999999999999893e+00 2.999791669437230912e-02
3.390000000000000124e+00 2.999791342612873751e-02
3.399999999999999911e+00 2.999791015713332981e-02
3.410000000000000142e+00 2.999790688743176476e-02
3.419999999999999929e+00 2.999790361706570346e-02
3.430000000000000160e+00 2.999790034608312145e-02
3.439999999999999947e+00 2.999789707452990561e-02
3.450000000000000178e+00 2.999789380245646703e-02
3.459999999999999964e+00 2.999789052991118712e-02
3.470000000000000195e+00 2.999788725694255143e-02
3.479999999999999982e+00 2.999788398360725764e-02
3.490000000000000213e+00 2.999788070995497435e-02
3.500000000000000000e+00 2.999787743603984924e-02
3.510000000000000231e+00 2.999787416191611669e-02
3.520000000000000018e+00 2.999787088764278853e-02
3.530000000000000249e+00 2.999786761327481385e-02
3.540000000000000036e+00 2.999786433887038570e-02
3.550000000000000266e+00 2.999786106448975448e-02
3.560000000000000053e+00 2.999785779019360082e-02
3.570000000000000284e+00 2.999785451603946551e-02
3.580000000000000071e+00 2.999785124209325762e-02
3.589999999999999858e+00 2.999784796841412776e-02
3.600000000000000089e+00 2.999784469506912299e-02
3.609999999999999876e+00 2.999784142211983987e-02
3.620000000000000107e+00 2.999783814963274259e-02
3.629999999999999893e+00 2.999783487767251206e-02
3.640000000000000124e+00 2.999783160630656309e-02
3.649999999999999911e+00 2.999782833560254991e-02
3.660000000000000142e+00 2.999782506563045126e-02
3.669999999999999929e+00 2.999782179645462885e-02
3.680000000000000160e+00 2.999781852814861760e-02
3.689999999999999947e+00 2.999781526077874294e-02
3.700000000000000178e+00 2.999781199441932389e-02
3.709999999999999964e+00 2.999780872913830262e-02
3.720000000000000195e+00 2.999780546500899550e-02
3.729999999999999982e+00 2.999780220210355661e-02
3.740000000000000213e+00 2.999779894049444187e-02
3.750000000000000000e+00 2.999779568025380538e-02
3.760000000000000231e+00 2.999779242145603209e-02
3.770000000000000018e+00 2.999778916417545835e-02
3.780000000000000249e+00 2.999778590848537971e-02
3.790000000000000036e+00 2.999778265446075703e-02
3.800000000000000266e+00 2.999777940217686692e-02
3.810000000000000053e+00 2.999777615170859044e-02
3.820000000000000284e+00 2.999777290313195358e-02
3.830000000000000071e+00 2.999776965652149047e-02
3.839999999999999858e+00 2.999776641195361915e-02
3.850000000000000089e+00 2.999776316950598237e-02
3.859999999999999876e+00 2.999775992925312468e-02
3.870000000000000107e+00 2.999775669127257433e-02
3.879999999999999893e+00 2.999775345563981954e-02
3.890000000000000124e+00 2.999775022243184736e-02
3.899999999999999911e+00 2.999774699172605419e-02
3.910000000000000142e+00 2.999774376359820582e-02
3.919999999999999929e+00 2.999774053812592767e-02
3.930000000000000160e+00 2.999773731538477733e-02
3.939999999999999947e+00 2.999773409545219288e-02
3.950000000000000178e+00 2.999773087840475888e-02
3.959999999999999964e+00 2.999772766431842153e-02
3.970000000000000195e+00 2.999772445326997702e-02
3.979999999999999982e+00 2.999772124533568035e-02
3.990000000000000213e+00 2.999771804059144648e-02
4.000000000000000000e+00 2.999771483911303077e-02
4.009999999999999787e+00 2.999771164097595963e-02
4.020000000000000462e+00 2.999770844625652966e-02
4.030000000000000249e+00 2.999770525502808843e-02
4.040000000000000036e+00 2.999770206736741829e-02
4.049999999999999822e+00 2.999769888334815476e-02
4.060000000000000497e+00 2.999769570304386054e-02
4.070000000000000284e+00 2.999769252652916343e-02
4.080000000000000071e+00 2.999768935387780999e-02
4.089999999999999858e+00 2.999768618516180513e-02
4.099999999999999645e+00 2.999768302045445131e-02
4.110000000000000320e+00 2.999767985982788182e-02
4.120000000000000107e+00 2.999767670335379971e-02
4.129999999999999893e+00 2.999767355110331130e-02
4.139999999999999680e+00 2.999767040314721758e-02
4.150000000000000355e+00 2.999766725955474791e-02
4.160000000000000142e+00 2.999766412039712310e-02
4.169999999999999929e+00 2.999766098574296880e-02
4.179999999999999716e+00 2.999765785565959575e-02
4.190000000000000391e+00 2.999765473021643106e-02
4.200000000000000178e+00 2.999765160947957462e-02
4.209999999999999964e+00 2.999764849351534146e-02
4.219999999999999751e+00 2.999764538239094169e-02
4.230000000000000426e+00 2.999764227617059131e-02
4.240000000000000213e+00 2.999763917491818019e-02
4.250000000000000000e+00 2.999763607869949944e-02
4.259999999999999787e+00 2.999763298757539970e-02
4.270000000000000462e+00 2.999762990160976389e-02
4.280000000000000249e+00 2.999762682086350163e-02
4.290000000000000036e+00 2.999762374539679741e-02
4.299999999999999822e+00 2.999762067527050532e-02
4.310000000000000497e+00 2.999761761054224596e-02
4.320000000000000284e+00 2.999761455127208931e-02
4.330000000000000071e+00 2.999761149751609818e-02
4.339999999999999858e+00 2.999760844933093903e-02
4.350000000000000533e+00 2.999760540677324366e-02
4.360000000000000320e+00 2.999760236989625767e-02
4.370000000000000107e+00 2.999759933875510015e-02
4.379999999999999893e+00 2.999759631340120913e-02
4.389999999999999680e+00 2.999759329388767756e-02
4.400000000000000355e+00 2.999759028026511773e-02
4.410000000000000142e+00 2.999758727258329885e-02
4.419999999999999929e+00 2.999758427089194157e-02
4.429999999999999716e+00 2.999758127523840037e-02
4.440000000000000391e+00 2.999757828566996382e-02
4.450000000000000178e+00 2.999757530223266799e-02
4.459999999999999964e+00 2.999757232497175102e-02
4.469999999999999751e+00 2.999756935393085161e-02
4.480000000000000426e+00 2.999756638915281048e-02
4.490000000000000213e+00 2.999756343067969122e-02
4.500000000000000000e+00 2.999756047855224247e-02
4.509999999999999787e+00 2.999755753281037676e-02
4.520000000000000462e+00 2.999755459349244535e-02
4.530000000000000249e+00 2.999755166063630685e-02
4.540000000000000036e+00 2.999754873427805738e-02
4.549999999999999822e+00 2.999754581445318591e-02
4.560000000000000497e+00 2.999754290119605038e-02
4.570000000000000284e+00 2.999753999453965564e-02
4.580000000000000071e+00 2.999753709451576447e-02
4.589999999999999858e+00 2.999753420115545272e-02
4.600000000000000533e+00 2.999753131448838414e-02
4.610000000000000320e+00 2.999752843454307066e-02
4.620000000000000107e+00 2.999752556134666417e-02
4.629999999999999893e+00 2.999752269492556717e-02
4.639999999999999680e+00 2.999751983530481170e-02
4.650000000000000355e+00 2.999751698250843757e-02
4.660000000000000142e+00 2.999751413655887128e-02
4.669999999999999929e+00 2.999751129747772055e-02
4.679999999999999716e+00 2.999750846528533368e-02
4.690000000000000391e+00 2.999750564000072325e-02
4.700000000000000178e+00 2.999750282164199977e-02
4.709999999999999964e+00 2.999750001022569515e-02
4.719999999999999751e+00 2.999749720576761966e-02
4.730000000000000426e+00 2.999749440828196334e-02
4.740000000000000213e+00 2.999749161778199683e-02
4.750000000000000000e+00 2.999748883427949542e-02
4.759999999999999787e+00 2.999748605778526298e-02
4.770000000000000462e+00 2.999748328830892721e-02
4.780000000000000249e+00 2.999748052585866909e-02
4.790000000000000036e+00 2.999747777044169464e-02
4.799999999999999822e+00 2.999747502206375621e-02
4.810000000000000497e+00 2.999747228072970756e-02
4.820000000000000284e+00 2.999746954644293140e-02
4.830000000000000071e+00 2.999746681920568286e-02
4.839999999999999858e+00 2.999746409901910341e-02
4.850000000000000533e+00 2.999746138588297445e-02
4.860000000000000320e+00 2.999745867979598801e-02
4.870000000000000107e+00 2.999745598075549691e-02
4.879999999999999893e+00 2.999745328875784087e-02
4.889999999999999680e+00 2.999745060379799960e-02
4.900000000000000355e+00 2.999744792586981484e-02
4.910000000000000142e+00 2.999744525496592443e-02
4.919999999999999929e+00 2.999744259107774147e-02
4.929999999999999716e+00 2.999743993419553764e-02
4.940000000000000391e+00 2.999743728430836684e-02
4.950000000000000178e+00 2.999743464140409641e-02
4.959999999999999964e+00 2.999743200546943489e-02
4.969999999999999751e+00 2.999742937648990429e-02
4.980000000000000426e+00 2.999742675444982964e-02
4.990000000000000213e+00 2.999742413933240842e-02
5.000000000000000000e+00 2.999742153111964460e-02
5.009999999999999787e+00 2.999741892979241459e-02
5.020000000000000462e+00 2.999741633533039090e-02
5.030000000000000249e+00 2.999741374771216010e-02
5.040000000000000036e+00 2.999741116691512569e-02
5.049999999999999822e+00 2.999740859291556011e-02
5.060000000000000497e+00 2.999740602568861866e-02
5.070000000000000284e+00 2.999740346520832213e-02
5.080000000000000071e+00 2.999740091144759493e-02
5.089999999999999858e+00 2.999739836437820967e-02
5.100000000000000533e+00 2.999739582397087378e-02
5.110000000000000320e+00 2.999739329019520534e-02
5.120000000000000107e+00 2.999739076301971563e-02
5.129999999999999893e+00 2.999738824241183349e-02
5.139999999999999680e+00 2.999738572833791223e-02
5.150000000000000355e+00 2.999738322076327818e-02
5.160000000000000142e+00 2.999738071965213013e-02
5.169999999999999929e+00 2.999737822496771969e-02
5.179999999999999716e+00 2.999737573667214663e-02
5.190000000000000391e+00 2.999737325472664681e-02
5.200000000000000178e+00 2.999737077909125221e-02
5.209999999999999964e+00 2.999736830972509274e-02
5.219999999999999751e+00 2.999736584658622279e-02
5.230000000000000426e+00 2.999736338963183979e-02
5.240000000000000213e+00 2.999736093881804136e-02
5.250000000000000000e+00 2.999735849409999183e-02
5.259999999999999787e+00 2.999735605543189451e-02
5.270000000000000462e+00 2.999735362276706105e-02
5.280000000000000249e+00 2.999735119605768247e-02
5.290000000000000036e+00 2.999734877525535651e-02
5.299999999999999822e+00 2.999734636031038335e-02
5.310000000000000497e+00 2.999734395117249416e-02
5.320000000000000284e+00 2.999734154779032033e-02
5.330000000000000071e+00 2.999733915011170565e-02
5.339999999999999858e+00 2.999733675808364392e-02
5.350000000000000533e+00 2.999733437165209154e-02
5.360000000000000320e+00 2.999733199076239781e-02
5.370000000000000107e+00 2.999732961535903075e-02
5.379999999999999893e+00 2.999732724538555634e-02
5.389999999999999680e+00 2.999732488078472870e-02
5.400000000000000355e+00 2.999732252149880929e-02
5.410000000000000142e+00 2.999732016746877936e-02
5.419999999999999929e+00 2.999731781863542238e-02
5.429999999999999716e+00 2.999731547493809242e-02
5.440000000000000391e+00 2.999731313631620253e-02
5.450000000000000178e+00 2.999731080270797573e-02
5.459999999999999964e+00 2.999730847405082668e-02
5.469999999999999751e+00 2.999730615028189940e-02
5.480000000000000426e+00 2.999730383133737341e-02
5.490000000000000213e+00 2.999730151715256435e-02
5.500000000000000000e+00 2.999729920766269070e-02
5.509999999999999787e+00 2.999729690280223543e-02
5.520000000000000462e+00 2.999729460250458862e-02
5.530000000000000249e+00 2.999729230670302241e-02
5.540000000000000036e+00 2.999729001533001094e-02
5.549999999999999822e+00 2.999728772831757040e-02
5.560000000000000497e+00 2.999728544559719656e-02
5.570000000000000284e+00 2.999728316709978498e-02
5.580000000000000071e+00 2.999728089275552345e-02
5.589999999999999858e+00 2.999727862249466220e-02
5.600000000000000533e+00 2.999727635624643493e-02
5.610000000000000320e+00 2.999727409393975613e-02
5.620000000000000107e+00 2.999727183550324194e-02
5.629999999999999893e+00 2.999726958086506440e-02
5.639999999999999680e+00 2.999726732995281267e-02
5.650000000000000355e+00 2.999726508269384695e-02
5.660000000000000142e+00 2.999726283901520130e-02
5.669999999999999929e+00 2.999726059884363222e-02
5.679999999999999716e+00 2.999725836210488661e-02
5.690000000000000391e+00 2.999725612872558567e-02
5.700000000000000178e+00 2.999725389863086566e-02
5.709999999999999964e+00 2.999725167174618207e-02
5.719999999999999751e+00 2.999724944799654971e-02
5.730000000000000426e+00 2.999724722730732346e-02
5.740000000000000213e+00 2.999724500960321283e-02
5.750000000000000000e+00 2.999724279480807387e-02
5.759999999999999787e+00 2.999724058284673062e-02
5.770000000000000462e+00 2.999723837364259502e-02
5.780000000000000249e+00 2.999723616712074437e-02
5.790000000000000036e+00 2.999723396320459062e-02
5.799999999999999822e+00 2.999723176181807657e-02
5.810000000000000497e+00 2.999722956288466275e-02
5.820000000000000284e+00 2.999722736632789294e-02
5.830000000000000071e+00 2.999722517207271608e-02
5.839999999999999858e+00 2.999722298004080939e-02
5.850000000000000533e+00 2.999722079015666037e-02
5.860000000000000320e+00 2.999721860234408344e-02
5.870000000000000107e+00 2.999721641652621645e-02
5.879999999999999893e+00 2.999721423262852529e-02
5.889999999999999680e+00 2.999721205057276352e-02
5.900000000000000355e+00 2.999720987028405700e-02
5.910000000000000142e+00 2.999720769168634504e-02
5.919999999999999929e+00 2.999720551470362248e-02
5.929999999999999716e+00 2.999720333926006455e-02
5.940000000000000391e+00 2.999720116528119956e-02
5.950000000000000178e+00 2.999719899269179951e-02
5.959999999999999964e+00 2.999719682141629290e-02
5.969999999999999751e+00 2.999719465137962171e-02
5.980000000000000426e+00 2.999719248250911491e-02
5.990000000000000213e+00 2.999719031472919406e-02
6.000000000000000000e+00 2.999718814796713262e-02
6.009999999999999787e+00 2.999718598214944770e-02
6.020000000000000462e+00 2.999718381720220539e-02
6.030000000000000249e+00 2.999718165305349793e-02
6.040000000000000036e+00 2.999717948963157022e-02
6.049999999999999822e+00 2.999717732686424734e-02
6.060000000000000497e+00 2.999717516467925726e-02
6.070000000000000284e+00 2.999717300300733941e-02
6.080000000000000071e+00 2.999717084177763032e-02
6.089999999999999858e+00 2.999716868092019983e-02
6.100000000000000533e+00 2.999716652036548900e-02
6.110000000000000320e+00 2.999716436004565279e-02
6.120000000000000107e+00 2.999716219989215921e-02
6.129999999999999893e+00 2.999716003983674689e-02
6.140000000000000568e+00 2.999715787981450249e-02
6.150000000000000355e+00 2.999715571975708484e-02
6.160000000000000142e+00 2.999715355960012875e-02
6.169999999999999929e+00 2.999715139927857863e-02
6.179999999999999716e+00 2.999714923872846134e-02
6.190000000000000391e+00 2.999714707788604662e-02
6.200000000000000178e+00 2.999714491668843339e-02
6.209999999999999964e+00 2.999714275507521857e-02
6.219999999999999751e+00 2.999714059298311947e-02
6.230000000000000426e+00 2.999713843035407487e-02
6.240000000000000213e+00 2.999713626712689762e-02
6.250000000000000000e+00 2.999713410324483104e-02
6.259999999999999787e+00 2.999713193864859961e-02
6.270000000000000462e+00 2.999712977328146749e-02
6.280000000000000249e+00 2.999712760708870760e-02
6.290000000000000036e+00 2.999712544001512105e-02
6.299999999999999822e+00 2.999712327200672324e-02
6.310000000000000497e+00 2.999712110300910284e-02
6.320000000000000284e+00 2.999711893297197368e-02
6.330000000000000071e+00 2.999711676184379366e-02
6.339999999999999858e+00 2.999711458957466520e-02
6.350000000000000533e+00 2.999711241611448947e-02
6.360000000000000320e+00 2.999711024141787571e-02
6.370000000000000107e+00 2.999710806543596023e-02
6.379999999999999893e+00 2.999710588812313020e-02
6.390000000000000568e+00 2.999710370943645815e-02
6.400000000000000355e+00 2.999710152933096965e-02
6.410000000000000142e+00 2.999709934776508685e-02
6.419999999999999929e+00 2.999709716469588575e-02
6.429999999999999716e+00 2.999709498008775593e-02
6.440000000000000391e+00 2.999709279389739872e-02
6.450000000000000178e+00 2.999709060608935635e-02
6.459999999999999964e+00 2.999708841662660636e-02
6.469999999999999751e+00 2.999708622547548817e-02
6.480000000000000426e+00 2.999708403260245571e-02
6.490000000000000213e+00 2.999708183797242939e-02
6.500000000000000000e+00 2.999707964155504114e-02
6.509999999999999787e+00 2.999707744332182069e-02
6.520000000000000462e+00 2.999707524324266711e-02
6.530000000000000249e+00 2.999707304129005381e-02
6.540000000000000036e+00 2.999707083743892444e-02
6.549999999999999822e+00 2.999706863166495124e-02
6.560000000000000497e+00 2.999706642394373707e-02
6.570000000000000284e+00 2.999706421425404890e-02
6.580000000000000071e+00 2.999706200257390085e-02
6.589999999999999858e+00 2.999705978888706631e-02
6.600000000000000533e+00 2.999705757317464375e-02
6.610000000000000320e+00 2.999705535541703771e-02
6.620000000000000107e+00 2.999705313560403763e-02
6.629999999999999893e+00 2.999705091371965976e-02
6.640000000000000568e+00 2.999704868975211491e-02
6.650000000000000355e+00 2.999704646368897554e-02
6.660000000000000142e+00 2.999704423552553012e-02
6.669999999999999929e+00 2.999704200524952458e-02
6.679999999999999716e+00 2.999703977285784334e-02
6.690000000000000391e+00 2.999703753834309997e-02
6.700000000000000178e+00 2.999703530170330298e-02
6.709999999999999964e+00 2.999703306293787994e-02
6.719999999999999751e+00 2.999703082204541876e-02
6.730000000000000426e+00 2.999702857902555517e-02
6.740000000000000213e+00 2.999702633388074552e-02
6.750000000000000000e+00 2.999702408661771014e-02
6.759999999999999787e+00 2.999702183724152135e-02
6.770000000000000462e+00 2.999701958575626271e-02
6.780000000000000249e+00 2.999701733217350827e-02
6.790000000000000036e+00 2.999701507650186921e-02
6.799999999999999822e+00 2.999701281875378350e-02
6.810000000000000497e+00 2.999701055894208115e-02
6.820000000000000284e+00 2.999700829708066077e-02
6.830000000000000071e+00 2.999700603318753572e-02
6.839999999999999858e+00 2.999700376727694115e-02
6.850000000000000533e+00 2.999700149937268440e-02
6.860000000000000320e+00 2.999699922948957306e-02
6.870000000000000107e+00 2.999699695765453353e-02
6.879999999999999893e+00 2.999699468388728613e-02
6.890000000000000568e+00 2.999699240821522561e-02
6.900000000000000355e+00 2.999699013066427222e-02
6.910000000000000142e+00 2.999698785126368727e-02
6.919999999999999929e+00 2.999698557004133737e-02
6.929999999999999716e+00 2.999698328702785771e-02
6.940000000000000391e+00 2.999698100225526784e-02
6.950000000000000178e+00 2.999697871576086430e-02
6.959999999999999964e+00 2.999697642757417904e-02
6.969999999999999751e+00 2.999697413773930871e-02
6.980000000000000426e+00 2.999697184628689547e-02
6.990000000000000213e+00 2.999696955326171255e-02
7.000000000000000000e+00 2.999696725870024117e-02
7.009999999999999787e+00 2.999696496265041173e-02
7.020000000000000462e+00 2.999696266515107512e-02
7.030000000000000249e+00 2.999696036624981826e-02
7.040000000000000036e+00 2.999695806599501219e-02
7.049999999999999822e+00 2.999695576442943518e-02
7.060000000000000497e+00 2.999695346160719672e-02
7.070000000000000284e+00 2.999695115757550212e-02
7.080000000000000071e+00 2.999694885238774270e-02
7.089999999999999858e+00 2.999694654609582831e-02
7.100000000000000533e+00 2.999694423875725463e-02
7.110000000000000320e+00 2.999694193042688750e-02
7.120000000000000107e+00 2.999693962116043236e-02
7.129999999999999893e+00 2.999693731101365363e-02
7.140000000000000568e+00 2.999693500005200589e-02
7.150000000000000355e+00 2.999693268833258236e-02
7.160000000000000142e+00 2.999693037591884964e-02
7.169999999999999929e+00 2.999692806287160632e-02
7.179999999999999716e+00 2.999692574926038358e-02
7.190000000000000391e+00 2.999692343514604592e-02
7.200000000000000178e+00 2.999692112059839516e-02
7.209999999999999964e+00 2.999691880568030808e-02
7.219999999999999751e+00 2.999691649046485123e-02
7.230000000000000426e+00 2.999691417502276664e-02
7.240000000000000213e+00 2.999691185942401569e-02
7.250000000000000000e+00 2.999690954373760571e-02
7.259999999999999787e+00 2.999690722803937878e-02
7.270000000000000462e+00 2.999690491240576684e-02
7.280000000000000249e+00 2.999690259690882335e-02
7.290000000000000036e+00 2.999690028162451533e-02
7.299999999999999822e+00 2.999689796663336516e-02
7.310000000000000497e+00 2.999689565200769348e-02
7.320000000000000284e+00 2.999689333783356684e-02
7.330000000000000071e+00 2.999689102418465203e-02
7.339999999999999858e+00 2.999688871114528088e-02
7.350000000000000533e+00 2.999688639879402596e-02
7.360000000000000320e+00 2.999688408721750896e-02
7.370000000000000107e+00 2.999688177649482632e-02
7.379999999999999893e+00 2.999687946671359545e-02
7.390000000000000568e+00 2.999687715795443937e-02
7.400000000000000355e+00 2.999687485030656450e-02
7.410000000000000142e+00 2.999687254385252980e-02
7.419999999999999929e+00 2.999687023868165270e-02
7.429999999999999716e+00 2.999686793488180389e-02
7.440000000000000391e+00 2.999686563254107610e-02
7.450000000000000178e+00 2.999686333174563652e-02
7.459999999999999964e+00 2.999686103258561443e-02
7.469999999999999751e+00 2.999685873515601717e-02
7.480000000000000426e+00 2.999685643953916778e-02
7.490000000000000213e+00 2.999685414583179444e-02
7.500000000000000000e+00 2.999685185412414440e-02
7.509999999999999787e+00 2.999684956450927864e-02
7.520000000000000462e+00 2.999684727707557091e-02
7.530000000000000249e+00 2.999684499191971471e-02
7.540000000000000036e+00 2.999684270913407017e-02
7.549999999999999822e+00 2.999684042881112928e-02
7.560000000000000497e+00 2.999683815104679102e-02
7.570000000000000284e+00 2.999683587593386658e-02
7.580000000000000071e+00 2.999683360356513590e-02
7.589999999999999858e+00 2.999683133403906535e-02
7.600000000000000533e+00 2.999682906745045063e-02
7.610000000000000320e+00 2.999682680389196068e-02
7.620000000000000107e+00 2.999682454346219718e-02
7.629999999999999893e+00 2.999682228625393313e-02
7.640000000000000568e+00 2.999682003236465652e-02
7.650000000000000355e+00 2.999681778188954817e-02
7.660000000000000142e+00 2.999681553492586014e-02
7.669999999999999929e+00 2.999681329156751730e-02
7.679999999999999716e+00 2.999681105191505034e-02
7.690000000000000391e+00 2.999680881606128779e-02
7.700000000000000178e+00 2.999680658410128209e-02
7.709999999999999964e+00 2.999680435613601495e-02
7.719999999999999751e+00 2.999680213225580649e-02
7.730000000000000426e+00 2.999679991256077802e-02
7.740000000000000213e+00 2.999679769714545113e-02
7.750000000000000000e+00 2.999679548610722363e-02
7.759999999999999787e+00 2.999679327954072466e-02
7.770000000000000462e+00 2.999679107754056606e-02
7.780000000000000249e+00 2.999678888020521073e-02
7.790000000000000036e+00 2.999678668762470121e-02
7.799999999999999822e+00 2.999678449989914841e-02
7.810000000000000497e+00 2.999678231711983001e-02
7.820000000000000284e+00 2.999678013938322785e-02
7.830000000000000071e+00 2.999677796678309333e-02
7.839999999999999858e+00 2.999677579941202946e-02
7.850000000000000533e+00 2.999677363736380151e-02
7.860000000000000320e+00 2.999677148073248006e-02
7.870000000000000107e+00 2.999676932961049813e-02
7.879999999999999893e+00 2.999676718408937279e-02
7.890000000000000568e+00 2.999676504426338625e-02
7.900000000000000355e+00 2.999676291021875774e-02
7.910000000000000142e+00 2.999676078205106705e-02
7.919999999999999929e+00 2.999675865984599565e-02
7.930000000000000604e+00 2.999675654369970274e-02
7.940000000000000391e+00 2.999675443369659647e-02
7.950000000000000178e+00 2.999675232992912027e-02
7.959999999999999964e+00 2.999675023248275091e-02
7.969999999999999751e+00 2.999674814144374924e-02
7.980000000000000426e+00 2.999674605690264007e-02
7.990000000000000213e+00 2.999674397894344646e-02
8.000000000000000000e+00 2.999674190765345624e-02
8.009999999999999787e+00 2.999673984311636635e-02
8.019999999999999574e+00 2.999673778541540534e-02
8.029999999999999361e+00 2.999673573463790266e-02
8.040000000000000924e+00 2.999673369086402336e-02
8.050000000000000711e+00 2.999673165417345716e-02
8.060000000000000497e+00 2.999672962465290207e-02
8.070000000000000284e+00 2.999672760238128455e-02
8.080000000000000071e+00 2.999672558743587264e-02
8.089999999999999858e+00 2.999672357989776814e-02
8.099999999999999645e+00 2.999672157984357643e-02
8.109999999999999432e+00 2.999671958735439931e-02
8.120000000000000995e+00 2.999671760250083308e-02
8.130000000000000782e+00 2.999671562536438546e-02
8.140000000000000568e+00 2.999671365601397355e-02
8.150000000000000355e+00 2.999671169452761132e-02
8.160000000000000142e+00 2.999670974097505549e-02
8.169999999999999929e+00 2.999670779543072568e-02
8.179999999999999716e+00 2.999670585796517658e-02
8.189999999999999503e+00 2.999670392864711016e-02
8.199999999999999289e+00 2.999670200754733784e-02
8.210000000000000853e+00 2.999670009473180687e-02
8.220000000000000639e+00 2.999669819026837270e-02
8.230000000000000426e+00 2.999669629422406503e-02
8.240000000000000213e+00 2.999669440666136166e-02
8.250000000000000000e+00 2.999669252764729926e-02
8.259999999999999787e+00 2.999669065724366174e-02
8.269999999999999574e+00 2.999668879551097012e-02
8.279999999999999361e+00 2.999668694251396428e-02
8.290000000000000924e+00 2.999668509830680924e-02
8.300000000000000711e+00 2.999668326294938764e-02
8.310000000000000497e+00 2.999668143650382687e-02
8.320000000000000284e+00 2.999667961901993432e-02
8.330000000000000071e+00 2.999667781055878613e-02
8.339999999999999858e+00 2.999667601116951660e-02
8.349999999999999645e+00 2.999667422090807056e-02
8.359999999999999432e+00 2.999667243982762771e-02
8.370000000000000995e+00 2.999667066797543497e-02
8.380000000000000782e+00 2.999666890540424180e-02
8.390000000000000568e+00 2.999666715215915450e-02
8.400000000000000355e+00 2.999666540828955716e-02
8.410000000000000142e+00 2.999666367384232202e-02
8.419999999999999929e+00 2.999666194885828793e-02
8.429999999999999716e+00 2.999666023338584675e-02
8.439999999999999503e+00 2.999665852746356831e-02
8.449999999999999289e+00 2.999665683113419273e-02
8.460000000000000853e+00 2.999665514443906889e-02
8.470000000000000639e+00 2.999665346741530597e-02
8.480000000000000426e+00 2.999665180009906951e-02
8.490000000000000213e+00 2.999665014252986261e-02
8.500000000000000000e+00 2.999664849473825112e-02
8.509999999999999787e+00 2.999664685676180220e-02
8.519999999999999574e+00 2.999664522863289620e-02
8.529999999999999361e+00 2.999664361038106852e-02
8.540000000000000924e+00 2.999664200203797787e-02
8.550000000000000711e+00 2.999664040362943346e-02
8.560000000000000497e+00 2.999663881518473824e-02
8.570000000000000284e+00 2.999663723673216473e-02
8.580000000000000071e+00 2.999663566829181838e-02
8.589999999999999858e+00 2.999663410989081985e-02
8.599999999999999645e+00 2.999663256155193913e-02
8.609999999999999432e+00 2.999663102329107323e-02
8.620000000000000995e+00 2.999662949513390298e-02
8.630000000000000782e+00 2.999662797709471557e-02
8.640000000000000568e+00 2.999662646919292255e-02
8.650000000000000355e+00 2.999662497144525361e-02
8.660000000000000142e+00 2.999662348386570448e-02
8.669999999999999929e+00 2.999662200646277532e-02
8.679999999999999716e+00 2.999662053925431643e-02
8.689999999999999503e+00 2.999661908224694057e-02
8.700000000000001066e+00 2.999661763545139262e-02
8.710000000000000853e+00 2.999661619887475372e-02
8.720000000000000639e+00 2.999661477252706793e-02
8.730000000000000426e+00 2.999661335640957383e-02
8.740000000000000213e+00 2.999661195052774620e-02
8.750000000000000000e+00 2.999661055488284100e-02
8.759999999999999787e+00 2.999660916947682193e-02
8.769999999999999574e+00 2.999660779431022328e-02
8.779999999999999361e+00 2.999660642938239974e-02
8.790000000000000924e+00 2.999660507469083248e-02
8.800000000000000711e+00 2.999660373023021326e-02
8.810000000000000497e+00 2.999660239599121619e-02
8.820000000000000284e+00 2.999660107197468090e-02
8.830000000000000071e+00 2.999659975817065005e-02
8.839999999999999858e+00 2.999659845456725468e-02
8.849999999999999645e+00 2.999659716115195274e-02
8.859999999999999432e+00 2.999659587791895371e-02
8.870000000000000995e+00 2.999659460484885992e-02
8.880000000000000782e+00 2.999659334193021179e-02
8.890000000000000568e+00 2.999659208914782355e-02
8.900000000000000355e+00 2.999659084648409815e-02
8.910000000000000142e+00 2.999658961391723361e-02
8.919999999999999929e+00 2.999658839142822081e-02
8.929999999999999716e+00 2.999658717899750943e-02
8.939999999999999503e+00 2.999658597660314480e-02
8.950000000000001066e+00 2.999658478421608071e-02
8.960000000000000853e+00 2.999658360181901851e-02
8.970000000000000639e+00 2.999658242937565389e-02
8.980000000000000426e+00 2.999658126686609305e-02
8.990000000000000213e+00 2.999658011425802157e-02
9.000000000000000000e+00 2.999657897152026992e-02
9.009999999999999787e+00 2.999657783862084981e-02
9.019999999999999574e+00 2.999657671552674598e-02
9.029999999999999361e+00 2.999657560220366989e-02
9.040000000000000924e+00 2.999657449862017794e-02
9.050000000000000711e+00 2.999657340472833972e-02
9.060000000000000497e+00 2.999657232049847064e-02
9.070000000000000284e+00 2.999657124588802834e-02
9.080000000000000071e+00 2.999657018085327004e-02
9.089999999999999858e+00 2.999656912535698938e-02
9.099999999999999645e+00 2.999656807935441663e-02
9.109999999999999432e+00 2.999656704279719116e-02
9.120000000000000995e+00 2.999656601563481864e-02
9.130000000000000782e+00 2.999656499783550506e-02
9.140000000000000568e+00 2.999656398933275153e-02
9.150000000000000355e+00 2.999656299008774535e-02
9.160000000000000142e+00 2.999656200004054141e-02
9.169999999999999929e+00 2.999656101914823306e-02
9.179999999999999716e+00 2.999656004734868250e-02
9.189999999999999503e+00 2.999655908459008050e-02
9.200000000000001066e+00 2.999655813080661163e-02
9.210000000000000853e+00 2.999655718595509168e-02
9.220000000000000639e+00 2.999655624997391717e-02
9.230000000000000426e+00 2.999655532279262016e-02
9.240000000000000213e+00 2.999655440435710502e-02
9.250000000000000000e+00 2.999655349459732015e-02
9.259999999999999787e+00 2.999655259345674133e-02
9.269999999999999574e+00 2.999655170087543732e-02
9.279999999999999361e+00 2.999655081676848301e-02
9.290000000000000924e+00 2.999654994107957967e-02
9.300000000000000711e+00 2.999654907373928286e-02
9.310000000000000497e+00 2.999654821467810650e-02
9.320000000000000284e+00 2.999654736382018766e-02
9.330000000000000071e+00 2.999654652109596739e-02
9.339999999999999858e+00 2.999654568642611679e-02
9.349999999999999645e+00 2.999654485973961976e-02
9.359999999999999432e+00 2.999654404096457547e-02
9.370000000000000995e+00 2.999654323001688799e-02
9.380000000000000782e+00 2.999654242682082625e-02
9.390000000000000568e+00 2.999654163129465700e-02
9.400000000000000355e+00 2.999654084335559232e-02
9.410000000000000142e+00 2.999654006292315836e-02
9.419999999999999929e+00 2.999653928991197899e-02
9.429999999999999716e+00 2.999653852424283285e-02
9.439999999999999503e+00 2.999653776582880682e-02
9.450000000000001066e+00 2.999653701457848792e-02
9.460000000000000853e+00 2.999653627040036255e-02
9.470000000000000639e+00 2.999653553321934840e-02
9.480000000000000426e+00 2.999653480293566765e-02
9.490000000000000213e+00 2.999653407945019473e-02
9.500000000000000000e+00 2.999653336269436643e-02
9.509999999999999787e+00 2.999653265254741130e-02
9.519999999999999574e+00 2.999653194893560360e-02
9.529999999999999361e+00 2.999653125175141127e-02
9.540000000000000924e+00 2.999653056090404585e-02
9.550000000000000711e+00 2.999652987629290377e-02
9.560000000000000497e+00 2.999652919781812740e-02
9.570000000000000284e+00 2.999652852538506331e-02
9.580000000000000071e+00 2.999652785888863582e-02
9.589999999999999858e+00 2.999652719822504948e-02
9.599999999999999645e+00 2.999652654329514057e-02
9.609999999999999432e+00 2.999652589399576935e-02
9.620000000000000995e+00 2.999652525022473634e-02
9.630000000000000782e+00 2.999652461187220578e-02
9.640000000000000568e+00 2.999652397883311589e-02
9.650000000000000355e+00 2.999652335099769335e-02
9.660000000000000142e+00 2.999652272826202823e-02
9.669999999999999929e+00 2.999652211051351963e-02
9.679999999999999716e+00 2.999652149764063178e-02
9.689999999999999503e+00 2.999652088954091189e-02
9.700000000000001066e+00 2.999652028608972704e-02
9.710000000000000853e+00 2.999651968718768796e-02
9.720000000000000639e+00 2.999651909271556366e-02
9.730000000000000426e+00 2.999651850255524027e-02
9.740000000000000213e+00 2.999651791660236030e-02
9.750000000000000000e+00 2.999651733472210105e-02
9.759999999999999787e+00 2.999651675682305993e-02
9.769999999999999574e+00 2.999651618277292958e-02
9.779999999999999361e+00 2.999651561245295084e-02
9.790000000000000924e+00 2.999651504574744540e-02
9.800000000000000711e+00 2.999651448254079741e-02
9.810000000000000497e+00 2.999651392270987621e-02
9.820000000000000284e+00 2.999651336613677263e-02
9.830000000000000071e+00 2.999651281269421696e-02
9.839999999999999858e+00 2.999651226226111855e-02
9.849999999999999645e+00 2.999651171472395711e-02
9.859999999999999432e+00 2.999651116995494249e-02
9.870000000000000995e+00 2.999651062782510147e-02
9.880000000000000782e+00 2.999651008822196499e-02
9.890000000000000568e+00 2.999650955101092892e-02
9.900000000000000355e+00 2.999650901607105527e-02
9.910000000000000142e+00 2.999650848327778049e-02
9.919999999999999929e+00 2.999650795250207586e-02
9.929999999999999716e+00 2.999650742363067432e-02
9.939999999999999503e+00 2.999650689651909077e-02
9.950000000000001066e+00 2.999650637104818093e-02
9.960000000000000853e+00 2.999650584709224674e-02
9.970000000000000639e+00 2.999650532451882817e-02
