3.017908140797515015e-02
5.402089344911168572e-02
3.744539851853345702e-02
4.895550348356421388e-02
3.280444939118193348e-02
5.359893681822284345e-02
3.428076160487080609e-02
5.098905311379792887e-02
3.397686591401464368e-02
5.273219285317088528e-02
3.416819714804226332e-02
5.237525507913445150e-02
3.438551020079668591e-02
5.305739912720306567e-02
3.454621120195792983e-02
5.341265442244850364e-02
3.481448651529025357e-02
5.397521373677181822e-02
3.507337064513453562e-02
5.456127099611451925e-02
3.539696396279518043e-02
5.523016147130878351e-02
3.574418127878881829e-02
5.597334902767712311e-02
3.614258044944810427e-02
5.679446125870754591e-02
3.658497009092312457e-02
5.768124559624564218e-02
3.707486369898240625e-02
5.866480917157650826e-02
3.761589891501446181e-02
5.973610342032136672e-02
3.820706306492830523e-02
6.090013058674752927e-02
3.885835273592484762e-02
6.214454549106962489e-02
3.957788950695394214e-02
6.349130774720934678e-02
4.035537353142820000e-02
6.493556481928561275e-02
4.120801142520221644e-02
6.648755365098413250e-02
4.212785071173094642e-02
6.815161999548328964e-02
4.313048502191788730e-02
6.993065368785293667e-02
4.421099642239319227e-02
7.182207775737756150e-02
4.537697374995831173e-02
7.384353293470181934e-02
4.665321381001963363e-02
7.597079381296065193e-02
4.801357450436402607e-02
7.828064498040344932e-02
4.946916165589843734e-02
8.067728051514642951e-02
5.105117881369854171e-02
8.327444611266363039e-02
5.272377926412188248e-02
8.597841685312503091e-02
5.456270503050390797e-02
8.886119313211680859e-02
5.647975131954434402e-02
9.190336923957140303e-02
5.856964062336950799e-02
9.512825633830197802e-02
6.075888951399002758e-02
9.855550647057884084e-02
6.314913715479418543e-02
1.021298877912207026e-01
6.567798048819913082e-02
1.059207345810143919e-01
6.835553905965006949e-02
1.099342873510126550e-01
7.122908403731018079e-02
1.141525915231982047e-01
7.428014803342913863e-02
1.185866285559437905e-01
7.753914913046491830e-02
1.232655188500998700e-01
8.097846519189874637e-02
1.282179293295588329e-01
8.467367633160916007e-02
1.333781935068381330e-01
8.855636028615078426e-02
1.388719300318617123e-01
9.271096283089014234e-02
1.446070099605386849e-01
9.710232784121432259e-02
1.506729080031557477e-01
1.017611850926860850e-01
1.570470445116908254e-01
1.066991884008180319e-01
1.637129467927116722e-01
1.119974676434233180e-01
1.707544258712700991e-01
1.174809867954107051e-01
1.781940197760488453e-01
1.234583089150126101e-01
1.859422050645398450e-01
1.296277738369127075e-01
1.941635012413974182e-01
1.362560579846631703e-01
2.028159961051343718e-01
1.432936985500473659e-01
2.117810329391611457e-01
1.507103940094674799e-01
2.212820062360074391e-01
1.585893694588836889e-01
2.313562578795943514e-01
1.668478313631612253e-01
2.418828011524698229e-01
1.756858569443137119e-01
2.527813894762750424e-01
1.850352773077510171e-01
2.645708035180303064e-01
1.948256737010635453e-01
2.766563279288106747e-01
2.053493783846763732e-01
2.896041775349061931e-01
2.163166350954689454e-01
3.030829373135339178e-01
2.280406936506525484e-01
3.173196006595085938e-01
2.403381862523632506e-01
3.322478140453233864e-01
2.534178697269513503e-01
3.478741286918073938e-01
2.673981530049351907e-01
3.644230924275055350e-01
2.818357871086038524e-01
3.819233981175305104e-01
2.973388217973158554e-01
4.000998017850172506e-01
3.138738958360972608e-01
4.193043247277156160e-01
3.309754384313515208e-01
4.397360634600945284e-01
3.494495365036893730e-01
4.607077816217148847e-01
3.689000254790228417e-01
4.831312518297072311e-01
3.893158397769899137e-01
5.067722881194576257e-01
4.109423542726122203e-01
5.315732307034403137e-01
4.339110381220464552e-01
5.576732393378032171e-01
4.581205106375165759e-01
5.850677301719574563e-01
4.837255066297245221e-01
6.139953802592378329e-01
5.107833703910851231e-01
6.445259857787321023e-01
5.394860216453525315e-01
6.764144049259875890e-01
5.697761859680018359e-01
7.101662215873184580e-01
6.018413434902966097e-01
7.456267986079763155e-01
6.355848253626531497e-01
7.832218135711337403e-01
6.713639087133004280e-01
8.222183487566711024e-01
7.095126885401461525e-01
8.637407638113918651e-01
7.492804903833995001e-01
9.073840793285906647e-01
7.916454172949055623e-01
9.533845234782700739e-01
8.362562131722477421e-01
1.001784954308759579e+00
8.835869883401330505e-01
1.052714871333452873e+00
9.335664117288970942e-01
1.106362912863920966e+00
9.862702273478078929e-01
1.162949528275822875e+00
1.042032704556913325e+00
1.222468894972724041e+00
1.101255445170964631e+00
1.285405155911760744e+00
1.163272809828161503e+00
1.351294541296709451e+00
1.229301493912892340e+00
1.421129596366877745e+00
1.299010128379612716e+00
1.494273441194222674e+00
1.372126894135052400e+00
1.572053163515727547e+00
1.450154672089951857e+00
1.652564884542018664e+00
1.532317222542506796e+00
1.739633616048259057e+00
1.618185901765320178e+00
1.829810457489452702e+00
1.710612437828476384e+00
1.924867556215953401e+00
1.806888474702754266e+00
2.025539034710167829e+00
1.909550216605822914e+00
2.131292541112526084e+00
2.017177877635762950e+00
2.243010786550192037e+00
2.131277175421404380e+00
2.360542584659170995e+00
2.251838162298255064e+00
2.484678104995533765e+00
2.378633682436557262e+00
2.615668649373390942e+00
2.513210925881727675e+00
2.752645560819203308e+00
2.655195149826112822e+00
2.898571450729340526e+00
2.805000369415183048e+00
3.051284741249117083e+00
2.962636341762189929e+00
3.213333479765251965e+00
3.129924481307893913e+00
3.382672175345860843e+00
3.306084558198613799e+00
3.562994084710574327e+00
3.492158109971309710e+00
3.751428465825119130e+00
3.689422125123010598e+00
3.951039187867720681e+00
3.896125176756785269e+00
4.161312383629570455e+00
4.115461557695651251e+00
4.382772597788918034e+00
4.346889899651023015e+00
4.616063851588671163e+00
4.590970282872613772e+00
4.863203637948475766e+00
4.848209144431045559e+00
5.123255611353103589e+00
5.120071893565675047e+00
5.396198912913162005e+00
5.406784466273327538e+00
5.686285183378656960e+00
5.710116266434171806e+00
5.990058713762380194e+00
6.030195710598766468e+00
6.311768205781488561e+00
6.366745387933275602e+00
6.650155286367841256e+00
6.723869672241103324e+00
7.007568784318976007e+00
7.098371908027881538e+00
7.384732077798638272e+00
7.495305806468175014e+00
7.781898654195084752e+00
7.912573833080085883e+00
8.202676177604631746e+00
8.354436569639341670e+00
8.642834487003911548e+00
8.820526037954396159e+00
9.110027387464009863e+00
9.311452046641178981e+00
9.601012070543847088e+00
9.830952527687481179e+00
1.011987310481707780e+01
1.037677403374544838e+01
1.066738782829583876e+01
1.095355333147034216e+01
1.124314457760420893e+01
1.156402582808433088e+01
1.185117043659992575e+01
1.220633197101641976e+01
1.249500985484292315e+01
1.288274343312248504e+01
1.317096348164530539e+01
1.359852255620156747e+01
1.388470958881889317e+01
1.435228164415396357e+01
1.463868941452563277e+01
1.514832000625311181e+01
1.543306012283092699e+01
1.598652213368659325e+01
1.627114148873245369e+01
1.687372180049700177e+01
1.715369677139627669e+01
1.780678486439599695e+01
1.808756173855702087e+01
1.879188875090812871e+01
1.907027224768590656e+01
1.983033108514835874e+01
2.011067715894635199e+01
2.092521236333273649e+01
2.120361860817748223e+01
2.208314432913343595e+01
2.235789181038450479e+01
2.330194947194417665e+01
2.357771077655546321e+01
2.458701181641469091e+01
2.486338546711391473e+01
2.594237058918567840e+01
2.621680904554168734e+01
2.737839151134636140e+01
2.764707845969077837e+01
2.888248765855879796e+01
2.915748679370402030e+01
3.047671231568924810e+01
3.074735339853032556e+01
3.215424911607718172e+01
3.242794378557244528e+01
3.392548292806577592e+01
3.419730005829681119e+01
3.579029164976313382e+01
3.606943574824772725e+01
3.776153731174951389e+01
3.803804652142933662e+01
3.983700169840417971e+01
4.012028248417808385e+01
4.202687635455320958e+01
4.231343519447889179e+01
4.433745940907004268e+01
4.462897833436011297e+01
4.677401657545983937e+01
4.707160931889909961e+01
4.934137036956945366e+01
4.964636651643954934e+01
5.205205115157117746e+01
5.236852554449977504e+01
5.490979588407016365e+01
5.523081887430053882e+01
5.792450546375208376e+01
5.826017897647253818e+01
6.109970039298688960e+01
6.145233991708870036e+01
6.445457242619582416e+01
6.481582958069931522e+01
6.798634465477350375e+01
6.837340992868901424e+01
7.171620214844136854e+01
7.211580621490914211e+01
7.564675838336144409e+01
7.607515919569415530e+01
7.979126871426169032e+01
8.024451521606715687e+01
8.416598690267512950e+01
8.464445307830719400e+01
8.877505410028685162e+01
8.929147562894375767e+01
9.363572028775368494e+01
9.418903096430520350e+01
9.876490511108583803e+01
9.935627918189067032e+01
1.041720368460912880e+02
1.048100658243585599e+02
1.098734746409990493e+02
1.105626439883966725e+02
1.158897228685189162e+02
1.166282441402600227e+02
1.222310227706566081e+02
1.230330405735983277e+02
1.289190849930470222e+02
1.297875806855338112e+02
1.359719048284089524e+02
1.369144852598013244e+02
1.434105223822736548e+02
1.444313790043533174e+02
1.512557346004740282e+02
1.523642791173433864e+02
1.595240271762702946e+02
1.607328227348371286e+02
1.682515420381093918e+02
1.695583988906407740e+02
1.774519119645284491e+02
1.788714096069944048e+02
1.871521423611316379e+02
1.886992045184082656e+02
1.973855386314359635e+02
1.990631427281371089e+02
2.081744807120545318e+02
2.099976180760546072e+02
2.195548904454645367e+02
2.215383053342744120e+02
2.315519593816519546e+02
2.337074697786017339e+02
2.442114741101022162e+02
2.465450142212629885e+02
2.575582906666413123e+02
2.600942773819079434e+02
2.716295490302353528e+02
2.743816039545743592e+02
2.864796392358399544e+02
2.894588873744953617e+02
3.021276447213251117e+02
3.053620989345884027e+02
3.186410776608733499e+02
3.221422931822926898e+02
3.360487714031854694e+02
3.398412298163047467e+02
3.544076018804965429e+02
3.585157697464227908e+02
3.737726852117592671e+02
3.782147905340839884e+02
3.941949695540757830e+02
3.989931458900115331e+02
4.157301815415120245e+02
4.209220644821846236e+02
4.384403813293894814e+02
4.440440684831359590e+02
4.623983130149524072e+02
4.684440728853149949e+02
4.876578988513421109e+02
4.941800682350406078e+02
5.143012313678838154e+02
5.213325975601426308e+02
5.423957830490692231e+02
5.499754819724723802e+02
5.720280009771590812e+02
5.801906222374352637e+02
6.032804586358649885e+02
6.120634688240602372e+02
6.362396358809727417e+02
6.456878816807119392e+02
6.709986216163194968e+02
6.811605377346957084e+02
7.076569738521822046e+02
7.185774910449688377e+02
7.463202045926565233e+02
7.580517587964623090e+02
7.870926170859377180e+02
7.996908550657094565e+02
8.300969346247956082e+02
8.436156493970768224e+02
8.754506985854233108e+02
8.899516493122450811e+02
9.232841963984718632e+02
9.388306970017420099e+02
9.737308190020935399e+02
9.903933249080479300e+02
1.026936484290639328e+03
1.044783003079352966e+03
1.083050577465046217e+03
1.102159985625209401e+03
1.142232201741878271e+03
1.162682379121814165e+03
1.204648829976811385e+03
1.226529637054740078e+03
1.270477706353799704e+03
1.293877024002679036e+03
1.339907472973902941e+03
1.364919898901729084e+03
1.413132695039623513e+03
1.439860009028013110e+03
1.490362573557089718e+03
1.518911365738558516e+03
1.571815362373366725e+03
1.602298896697054488e+03
1.657722909541980471e+03
1.690260088866905107e+03
1.748328994894199241e+03
1.783044296527192728e+03
1.843891251609500614e+03
1.880919873653845798e+03
1.944679008585722386e+03
1.984161518069382282e+03
2.050980276657224294e+03
2.093064354984196143e+03
2.163096196459510338e+03
2.207941659300705396e+03
2.281344765712785374e+03
2.329116035061299954e+03
2.406061527447175195e+03
2.456933160825806226e+03
2.537605654168664387e+03
2.591761304578461932e+03
2.676338219166576437e+03
2.733982578680004281e+03
2.822668496079964370e+03
2.883993472863418901e+03
2.977002841792997060e+03
3.042235038031481963e+03
3.139777784573951976e+03
3.209154943489425932e+03
3.311465996143798748e+03
3.385213358912416425e+03
3.492545499943866616e+03
3.570932037384479827e+03
3.683531829438235945e+03
3.766822739945469493e+03
3.884973803850295099e+03
3.973460813928324569e+03
4.097436140678723859e+03
4.191409551097131043e+03
4.321527935262160099e+03
4.421317778785100927e+03
4.557884953581277841e+03
4.663820534447809223e+03
4.807171563815949412e+03
4.919613069736546095e+03
5.070109783805344705e+03
5.189419376745626323e+03
5.347432060081286181e+03
5.474017020526918714e+03
5.639943561615456019e+03
5.774210461120659602e+03
5.948450209723645457e+03
6.090850550548329011e+03
6.273859480257272480e+03
6.424836890151538682e+03
6.617074139776819720e+03
6.777148551532351121e+03
6.979059050338400084e+03
7.148728133666007125e+03
7.360897397454951715e+03
7.540678283137883227e+03
7.763615019504799420e+03
7.954113788611301061e+03
8.188370399467500647e+03
8.390197534357048426e+03
8.636401011264264525e+03
8.850152865393514730e+03
9.108959656985816764e+03
9.335329156180410791e+03
9.607357148557568507e+03
9.847079726817306437e+03
1.013306816672535206e+04
1.038687782195315594e+04
1.068755418646696307e+04
1.095621315475647316e+04
1.127239198260857120e+04
1.155678253420184774e+04
1.188926753543882296e+04
1.219020876982358459e+04
1.253990176150564912e+04
1.285835095713268311e+04
1.322617284320647741e+04
1.356307905060140729e+04
1.395002161150010215e+04
1.430644721169293189e+04
1.471344565190739377e+04
1.509050943658058713e+04
1.551875872673267622e+04
1.591751934532079395e+04
1.636809437974347566e+04
1.678983412952947401e+04
1.726399518286216335e+04
1.770990738267830966e+04
1.820891326561384267e+04
1.868041784295447724e+04
1.920558407250367600e+04
1.970401605081982416e+04
2.025683373736846625e+04
2.078377523408956040e+04
2.136563840967694341e+04
2.192256081531833479e+04
2.253517502107094333e+04
2.312380579328376916e+04
2.376876341701619458e+04
2.439081097338214749e+04
2.506980847979154714e+04
2.572723843584257702e+04
2.644227796130103161e+04
2.713679653492448415e+04
2.788970805251831553e+04
2.862362232159915220e+04
2.941657978486739012e+04
3.019181868995690820e+04
3.102687152735530253e+04
3.184599383808443235e+04
3.272549297951567496e+04
3.359062660036435409e+04
3.451713538575619168e+04
3.543092078416995355e+04
3.640679916593527741e+04
3.737193855074208113e+04
3.840004353928157070e+04
3.941926714953251940e+04
4.050235453800973482e+04
4.157875067887225305e+04
4.271987918250486837e+04
4.385644986647891346e+04
4.505872834383545705e+04
4.625896821658455156e+04
4.752576437540508778e+04
4.879295103120864951e+04
5.012786787200087565e+04
5.146586925663712464e+04
5.287242041174455517e+04
5.428497901789092430e+04
5.576739557263933966e+04
5.725856212794637395e+04
5.882084916817968769e+04
6.039488926537697262e+04
6.204158982893734355e+04
6.370316275216185022e+04
6.543847471762027271e+04
6.719249768300907454e+04
6.902167851267929655e+04
7.087286142990378721e+04
7.280099343632778618e+04
7.475488402247474005e+04
7.678724867837187776e+04
7.884945896201393043e+04
8.099183756858369452e+04
8.316821970570943085e+04
8.542670694126629678e+04
8.772359621740211151e+04
9.010439352287280781e+04
9.252821976228080166e+04
9.503842946642488823e+04
9.759625818569066178e+04
1.002423528956917871e+05
1.029416918524098000e+05
1.057314920239511266e+05
1.085797709199379606e+05
1.115212677235801384e+05
1.145266955447857326e+05
1.176280606681400241e+05
1.207991375481760624e+05
1.240693398420055019e+05
1.274152250191504572e+05
1.308633936086489703e+05
1.343936622906849661e+05
1.380293138818104053e+05
1.417540960723241733e+05
1.455879177175206132e+05
1.495177031773448107e+05
1.535604043583710445e+05
1.577065516162721033e+05
1.619692809548575024e+05
1.663436378214514989e+05
1.708390933305429353e+05
1.754536370645035058e+05
1.801943880119490495e+05
1.850627933537168137e+05
1.900621441576884827e+05
1.951978212035936012e+05
2.004702779756146192e+05
2.058883524271425558e+05
2.114480935353470850e+05
2.171638073357273533e+05
2.230277355600605952e+05
2.290570258164784755e+05
2.352409557694506366e+05
2.416016276816265308e+05
2.481232648344043118e+05
2.548328708763767499e+05
2.617111533532792237e+05
2.687888387335475418e+05
2.760431822804328986e+05
2.835090486124592717e+05
2.911597856155883055e+05
2.990355187881641323e+05
3.071046281828655046e+05
3.154118439881318482e+05
3.239224785418480169e+05
3.326855679200749146e+05
3.416612897243489278e+05
3.509043103444449953e+05
3.603721714679010329e+05
3.701216837108870968e+05
3.801066797503974522e+05
3.903910757328022155e+05
4.009228542193194735e+05
4.117702245242964127e+05
4.228785998233779101e+05
4.343204503443770809e+05
4.460369286088123918e+05
4.581054403866564389e+05
4.704632341709951288e+05
4.831930763367985492e+05
4.962273056078649242e+05
5.096544356387524749e+05
5.234024939127836842e+05
5.375649424104237696e+05
5.520657761362125166e+05
5.670036731317322701e+05
5.822989268532631686e+05
5.980547705518868752e+05
6.141875544180894503e+05
6.308061883046129951e+05
6.478227182540392969e+05
6.653511075980573660e+05
6.832997323174210032e+05
7.017879488512967946e+05
7.207197616311496822e+05
7.402200880257195095e+05
7.601887853104470996e+05
7.807566352954499889e+05
8.018196062015946954e+05
8.235134841163920937e+05
8.457301337869268609e+05
8.686113198756258935e+05
8.920452253299108706e+05
9.161790461609646445e+05
9.408971039614360780e+05
9.663520031866376521e+05
9.924235029234359972e+05
1.019272066015812452e+06
1.046772634850736475e+06
1.075090068709279643e+06
1.104097681183041306e+06
1.133965369890116155e+06
1.164561815368903568e+06
1.196064349536606576e+06
1.228337504634415265e+06
1.261564413860461907e+06
1.295605525620827451e+06
1.330650713981609792e+06
1.366557841750425985e+06
1.403521155105224811e+06
1.441395210941658588e+06
1.480381884251344716e+06
1.520331026872749673e+06
1.561451808402370661e+06
1.603589621788928984e+06
1.646960662431041012e+06
1.691408274145635776e+06
1.737153341989723267e+06
1.784035158539445605e+06
1.832284021824853960e+06
1.881735609574123053e+06
1.932625487310668919e+06
1.984785472057623556e+06
2.038460532467694487e+06
2.093479913763697259e+06
2.150092820059503429e+06
2.208125176961652003e+06
2.267837557525044307e+06
2.329050170470956247e+06
2.392030719982550014e+06
2.456596506457444746e+06
2.523024361684040166e+06
2.591128468393580057e+06
2.661192378955394961e+06
2.733026951012783218e+06
2.806926607036791742e+06
2.882696545978515875e+06
2.960641670999727678e+06
3.040562413148962893e+06
3.122774088018637151e+06
3.207073976575274020e+06
3.293786110449997708e+06
3.382703416140318383e+06
3.474162099441737868e+06
3.567952091893972363e+06
3.664418083851715084e+06
3.763343047008045018e+06
3.865090701402123086e+06
3.969437239463712554e+06
4.076753325373734813e+06
4.186816143348645885e+06
4.300008861482499167e+06
4.416098349402490072e+06
4.535488108017501421e+06
4.657939092300094664e+06
4.783864227625702508e+06
4.913021653750752099e+06
5.045842214052753523e+06
5.182074105548059568e+06
5.322165949595360085e+06
5.465860913107289001e+06
5.613623769787642173e+06
5.765186974760901183e+06
5.921040199470801279e+06
6.080907732127219439e+06
6.245293480969320983e+06
6.413915637035423890e+06
6.587302714709060267e+06
6.765162080903826281e+06
6.948042111650038511e+06
7.135642189611505717e+06
7.328536756418717094e+06
7.526410860832621343e+06
7.729867783914658241e+06
7.938580220676151104e+06
8.153176879567269236e+06
8.373320300214440562e+06
8.599667770207608119e+06
8.831867887451209128e+06
9.070610193579252809e+06
9.315526221877962351e+06
9.567341708467481658e+06
9.825673175600644201e+06
1.009127595163924806e+07
1.036375569118582644e+07
1.064390415728793293e+07
1.093130372466214374e+07
1.122679467042145878e+07
1.152993363866722025e+07
1.184160501238036528e+07
1.216134690172456577e+07
1.249008435584107041e+07
1.282733707369109243e+07
1.317407519067413732e+07
1.352980020290658996e+07
1.389552719817405194e+07
1.427072853894851357e+07
1.465648478473282419e+07
1.505223571313629299e+07
1.545911679829588532e+07
1.587653772113393620e+07
1.630570129471811093e+07
1.674598248309307173e+07
1.719864694687885419e+07
1.766304025613464788e+07
1.814049205306277797e+07
1.863031950379685685e+07
1.913392034446145594e+07
1.965056424869804829e+07
2.018174658390237391e+07
2.072668819723501429e+07
2.128695626227392256e+07
2.186173813950341940e+07
2.245268998877464235e+07
2.305894871355812624e+07
2.368226114144724607e+07
2.432172211332698539e+07
2.497917217092719674e+07
2.565364443975712359e+07
2.634709856176334992e+07
2.705851449928061292e+07
2.778994346660858765e+07
2.854030998371635750e+07
2.931179766151998565e+07
3.010325930108489469e+07
3.091699408122060448e+07
3.175179705898654461e+07
3.261009546829073504e+07
3.349061603439598158e+07
3.439591549455398321e+07
3.532465056493095309e+07
3.627953582838036120e+07
3.725912648344618082e+07
3.826630386093524098e+07
3.929954373014181107e+07
4.036187226944050938e+07
4.145169092436695099e+07
4.257220150011537969e+07
4.372170613633015752e+07
4.490357502426090837e+07
4.611602237483447790e+07
4.736261725726935267e+07
4.864146964544808120e+07
4.995633043852808326e+07
5.130520247244556993e+07
5.269208097032707930e+07
5.411482376763199270e+07
5.557763906934646517e+07
5.707830268230155110e+07
5.862123301324386895e+07
6.020406192487432808e+07
6.183148851340410858e+07
6.350100898286185414e+07
6.521754961539325118e+07
6.697849921462276578e+07
6.878904982021331787e+07
7.064642861117984354e+07
7.255611596831449866e+07
7.451522319385136664e+07
7.652950397492264211e+07
7.859588048265500367e+07
8.072046031915235519e+07
8.290001346205343306e+07
8.514093748910135031e+07
8.743984449166601896e+07
8.980348393724001944e+07
9.222829871060353518e+07
9.472137533934858441e+07
9.727897169989743829e+07
9.990856972355554998e+07
1.026062477949492037e+08
1.053798421342463195e+08
1.082252350597619265e+08
1.111507399295899719e+08
1.141519504946612865e+08
1.172376461455763131e+08
1.204032383691997826e+08
1.236578933493402600e+08
1.269968613115949035e+08
1.304297356648697257e+08
1.339515522238618881e+08
1.375724362356375158e+08
1.412871200378999114e+08
1.451062627567501962e+08
1.490243997765982151e+08
1.530526841246815622e+08
1.571853647918393314e+08
1.614342829948325753e+08
1.657932854941272140e+08
1.702748070645336807e+08
1.748726286890683472e+08
1.795995484797898233e+08
1.844490880737239122e+08
1.894349108096186221e+08
1.945500568340648711e+08
1.998088671570147276e+08
2.052041531318080723e+08
2.107509180991787612e+08
2.164417511679173112e+08
2.222922080635258555e+08
2.282946597206929624e+08
2.344655295402546525e+08
2.407967566048895419e+08
2.473054770545190573e+08
2.539834072524043918e+08
2.608486124180297554e+08
2.678923066352181137e+08
2.751333475487523079e+08
2.825628035293856263e+08
2.902004244218475819e+08
2.980367391016830802e+08
3.060925424902702570e+08
3.143580749721807837e+08
3.228550039851846099e+08
3.315731889057517648e+08
3.405353746871352792e+08
3.497311013350607157e+08
3.591840304270052910e+08
3.688833059753751755e+08
3.788538670890305042e+08
3.890844655903604627e+08
3.996008991506961584e+08
4.103918171463093758e+08
4.214841302555835247e+08
4.328659679962536097e+08
4.445656970579669476e+08
4.565709753876802921e+08
4.689112910129734278e+08
4.815741181468108296e+08
4.945901137302244306e+08
5.079463431910318136e+08
5.216752017563914657e+08
5.357630472117187381e+08
5.502434550029492378e+08
5.651029329327598810e+08
5.803762631425989866e+08
5.960495123721591234e+08
6.121592018360761404e+08
6.286908884218988419e+08
6.456827287557342052e+08
6.631196618569818735e+08
6.810419907291066647e+08
6.994341026731632948e+08
7.183374859153627157e+08
7.377370558824301958e+08
7.576757184671475887e+08
7.781375057791811228e+08
7.991679895305581093e+08
8.207505986888383627e+08
8.429325486580622196e+08
8.656972234164865017e+08
8.890936731794817448e+08
9.131052315602623224e+08
9.377827229105174541e+08
9.631094957518477440e+08
9.891382626912344694e+08
1.015851959815715432e+09
1.043306084164153099e+09
1.071483009699158907e+09
1.100440217184747458e+09
1.130160234216649771e+09
1.160703312301448107e+09
1.192051100969534397e+09
1.224266354819010496e+09
1.257331265684848547e+09
1.291310444096169710e+09
1.326186127045288801e+09
1.362026038804828167e+09
1.398811830346883774e+09
1.436614058865631819e+09
1.475414756610026836e+09
1.515286912104999781e+09
1.556212605242909670e+09
1.598267938958875656e+09
1.641435198885423183e+09
1.685793361865102291e+09
1.731324703877323627e+09
1.778111916262755632e+09
1.826136998500217676e+09
1.875485639306231260e+09
1.926141279339301109e+09
1.978192394911939859e+09
2.031622370400588751e+09
2.086523459475099802e+09
2.142879520964114428e+09
2.200786815218586445e+09
2.260229493117981434e+09
2.321307864850596905e+09
2.384006288821558475e+09
2.448428517978193283e+09
2.514560999992093563e+09
2.582510980337548256e+09
2.652265680498570442e+09
2.723935908593773365e+09
2.797510728498417854e+09
2.873106288956779957e+09
2.950710300422714710e+09
3.030445107960350990e+09
3.112299458309978485e+09
3.196399885742381096e+09
3.282737913252617359e+09
3.371443065172553062e+09
