1.118187089069095802e+10
1.118187088199390793e+10
1.118187087977927780e+10
1.118187087588611984e+10
1.118187089609463501e+10
1.118187090561071587e+10
1.118187101367029381e+10
1.118187117983349991e+10
1.118187165929472733e+10
1.118187282795597839e+10
1.118187508919042587e+10
1.118188167339983559e+10
1.118189547820453072e+10
1.118193238358302498e+10
1.118201484498314095e+10
1.118222246597135353e+10
1.118270644412946510e+10
1.118389212886144066e+10
1.118671952553410530e+10
1.119351105754702759e+10
1.120987846802448082e+10
1.124905210781664848e+10
1.134358274612850952e+10
1.157021623337365913e+10
1.211545860184784126e+10
1.342553860551806259e+10
1.657460184951914978e+10
2.414300759286358261e+10
4.233293842230230713e+10
8.605156317761349487e+10
1.911429073625861816e+11
4.437022111046198120e+11
1.050651688139953369e+12
2.509782637071024902e+12
6.015859887082985352e+12
1.444470474456209961e+13
3.469999677442065234e+13
8.338827823562489062e+13
2.003972185604330938e+14
4.816770661441750000e+14
1.157629300104552750e+15
2.782287557281109500e+15
6.687409807039387000e+15
1.607295151741238000e+16
3.863018869466537600e+16
9.284545106735856000e+16
2.231713931844455040e+17
5.363673850302295680e+17
1.289122618655527424e+18
3.098476445732387328e+18
7.446955766400086016e+18
1.789845630991054234e+19
4.301846969964205670e+19
1.033986869102783037e+20
2.485018787851110973e+20
5.972858865639328317e+20
1.435548509360355803e+21
3.450319253833286943e+21
8.292991948045675397e+21
1.993188733392239827e+22
4.790524122475564263e+22
1.151424133943993376e+23
2.767428698177595895e+23
6.651297466938797253e+23
1.598656607611415746e+24
3.842337206862954768e+24
9.234370512151292861e+24
2.219652479213805019e+25
5.334834898991283911e+25
1.282196293413046604e+26
3.081860168370524473e+26
7.406622339095590780e+26
1.780295655382544352e+27
4.278745194207265114e+27
1.028399775953388840e+28
2.471735240793026716e+28
5.940775731865327582e+28
1.427849082294977687e+29
3.431844842103716813e+29
8.247871100610765718e+29
1.982462296459572752e+30
4.764724018410407909e+30
1.145240421468938083e+31
2.752454692346333872e+31
6.615450780951231359e+31
1.590051885944824239e+32
3.821810742990965406e+32
9.185486923773713391e+32
2.207690932230678054e+33
5.306114558784576115e+33
1.275363775699298481e+34
3.065106630829526359e+34
7.367357226724769372e+34
1.770590689073990132e+35
4.256068275258848661e+35
1.022835393968768475e+36
2.458543203625056133e+36
5.908955377080128672e+36
1.420150223782415062e+37
3.413397406820065385e+37
8.203849600683048596e+37
1.971877059931428754e+38
4.739185693328079848e+38
1.139063795105108886e+39
2.737677288079212977e+39
6.580354348059656813e+39
1.581486031301454219e+40
3.801099070783766652e+40
9.136316685697173021e+40
2.195755770633482366e+41
5.277805473195756758e+41
1.268466643701428487e+42
3.048611665854344936e+42
7.327682029708712241e+42
1.761136048357730820e+43
4.232994647399389489e+43
1.017368110030875920e+44
2.445260065733655347e+44
5.877067561152950421e+44
1.412593933470265667e+45
3.395180876252667693e+45
8.159446502209322944e+45
1.961304780452296960e+46
4.713686969306526773e+46
1.132946844582764781e+47
2.723092550206103266e+47
6.544788823621305870e+47
1.572963181796781524e+48
3.780744028599883413e+48
9.087139156411983653e+48
2.184026515440163191e+49
5.249237224695526695e+49
1.261663525272971948e+50
3.032383748872165774e+50
7.288226659825073540e+50
1.751775239715963698e+51
4.210152679517541504e+51
1.011970466616890094e+52
2.432039510330193669e+52
5.845600635454038440e+52
1.405003953327828458e+53
3.376786757441953194e+53
8.115996703185671030e+53
1.950659458911797487e+54
4.688601157769325763e+54
1.126797077300647884e+55
2.708546742604677265e+55
6.509475143701186472e+55
1.564581023800348707e+56
3.760372231703355260e+56
9.038066708608604352e+56
2.172269706302261658e+57
5.221015803379581199e+57
1.254859176445930249e+58
3.016017324954519485e+58
7.249214921893485974e+58
1.742181920349549421e+59
4.187569765510557646e+59
1.006473422300240958e+60
2.418958635997870787e+60
5.814258910749046858e+60
1.397402735715595944e+61
3.358691962973097153e+61
8.072613210771783606e+61
1.940291723214399845e+62
4.663238918851233161e+62
1.120794300099196865e+63
2.693818264121758696e+63
6.474838176110776216e+63
1.556104431913527686e+64
3.740290369999269857e+64
8.989606984677438835e+64
2.160563075864703310e+65
5.192959745593966526e+65
1.248120429568852221e+66
2.999804204293140758e+66
7.209906788416471566e+66
1.732991446278430447e+67
4.164889678409785089e+67
1.001090944407773033e+68
2.406046357988922071e+68
5.782838062412334615e+68
1.389916828442452463e+69
3.340525494795559301e+69
8.029754382498299953e+69
1.929710024058394517e+70
4.638358156231939333e+70
1.114721220231003747e+71
2.679408063630969226e+71
6.439956852054235025e+71
1.547740287806375598e+72
3.720185243547017165e+72
8.941416621660540218e+72
2.149021386745689291e+73
5.165276868663971465e+73
1.241338877689252820e+74
2.983706917355122284e+74
7.171206461429344973e+74
1.723685226568283019e+75
4.142566721057364684e+75
9.956816474887972553e+75
2.393123414392679406e+76
5.751799464672665882e+76
1.382473712659043473e+77
3.322624599413117298e+77
7.985706167519789130e+77
1.919425926215325388e+78
4.613101016995674458e+78
1.108869851728090629e+79
2.664810355544640915e+79
6.405345629481069424e+79
1.539502117279057780e+80
3.700016629002562816e+80
8.893117430927863968e+80
2.137577667699400860e+81
5.137377485676110567e+81
1.234767968555270672e+82
2.967584594358825644e+82
7.133017239848486557e+82
1.714344688630528341e+83
4.120448231687046504e+83
9.903470776742405217e+83
2.380286388886841955e+84
5.720975393974081696e+84
1.375036962437954921e+85
3.304684457234198846e+85
7.943346443396098699e+85
1.909046064569131975e+86
4.588604237721174037e+86
1.102804595479717573e+87
2.650773859007870251e+87
6.370819811751939877e+87
1.531176672433432596e+88
3.680409467801482350e+88
8.845256614290596503e+88
2.126043522230514848e+89
5.109578410393956005e+89
1.228138515397064622e+90
2.951683042564298175e+90
7.094644827815569951e+90
1.705198268531412575e+91
4.098364903527550935e+91
9.849972298548535631e+91
2.367462433436110824e+92
5.690271536923104257e+92
1.367584004094098768e+93
3.287167273577086491e+93
7.900200054157311264e+93
1.898912222457136091e+94
4.563850525100510066e+94
1.096916344471179635e+95
2.636393850278020718e+95
6.336783731232754722e+95
1.522916941254513805e+96
3.660646490318589246e+96
8.797599064646939451e+96
2.114613626197515275e+97
5.082434751938675560e+97
1.221477793752372251e+98
2.935923847189860014e+98
7.056197973915796592e+98
1.695986689475941759e+99
4.076316621776089748e+99
9.797000232621242187e+99
2.354797528308118295e+100
5.659701417323267963e+100
1.360239233578618386e+101
3.269361744606646257e+101
7.857911052793338567e+101
1.888599183969966772e+102
4.539397378106046160e+102
1.090967819175158789e+103
2.622315402280195572e+103
6.302236876359621672e+103
1.514866825905984670e+104
3.640762298535863360e+104
8.750516310616252993e+104
2.103196436061430504e+105
5.054908458861136091e+105
1.214944831811234554e+106
2.920078952557710359e+106
7.018618417172587064e+106
1.686881428069922194e+107
4.054386165677457759e+107
9.744861924842768307e+107
2.342114569737097361e+108
5.629111631603755745e+108
1.352997854575218126e+109
3.251863321870064472e+109
7.815518028967734963e+109
1.878548644307822762e+110
4.514823498731506634e+110
1.085160743595505715e+111
2.608190427328234306e+111
6.268585009772065065e+111
1.506652741079639247e+112
3.621229387440030434e+112
8.703213728727058867e+112
2.091891670398002588e+113
5.027749957867516762e+113
1.208396396467862143e+114
2.904446209688029706e+114
6.980600692437473323e+114
1.677808477339973685e+115
4.032536178348312962e+115
9.692255038000700816e+115
2.329422250599109169e+116
5.599068877987576446e+116
1.345708629792898739e+117
3.234144345370449920e+117
7.773994662451302120e+117
1.868458412862748543e+118
4.490830284395663841e+118
1.079305729590704511e+119
2.594234172375828352e+119
6.234834686677361963e+119
1.498569684307378835e+120
3.601785445427470366e+120
8.656823494819267459e+120
2.080688727683716896e+121
5.000632993278181631e+121
1.202003459710663627e+122
2.888705004766039177e+122
6.943872327550261710e+122
1.668685578553724748e+123
4.011166215625970091e+123
9.640312944398743909e+123
2.317044547745053044e+124
5.568772056378718334e+124
1.338580144757761362e+125
3.216673324338254772e+125
7.732684718086515784e+125
1.858258556618356329e+126
4.466571669186132142e+126
1.073530828119431477e+127
2.580175564970805823e+127
6.201494782257245716e+127
1.490536027931602606e+128
3.582601842767580684e+128
8.610192175561176236e+128
2.069460061077614791e+129
4.973910856919609034e+129
1.195438778632778436e+130
2.873389678437048843e+130
6.905902075703862899e+130
1.659899897454407418e+131
3.989260252662240620e+131
9.588802296040157048e+131
2.304506841875761160e+132
5.539280138139225342e+132
1.331261616173320423e+133
3.199652933952380043e+133
7.690372142416095128e+133
1.848321923929091775e+134
4.442771413508826645e+134
1.067698205588386463e+135
2.566485713718213645e+135
6.167769127078322712e+135
1.482526279045942444e+136
3.563199184490640813e+136
8.563932576674663680e+136
2.058292557380577777e+137
4.947188946520278984e+137
1.189067508571604469e+138
2.857905165441001094e+138
6.868919830197497870e+138
1.650838783958280066e+139
3.968021048485508309e+139
9.536649834873015700e+139
2.292323383317394854e+140
5.509113059088970026e+140
1.324141064132827828e+141
3.182414335140072050e+141
7.649273040474523930e+141
1.838486019250641491e+142
4.418733260493017686e+142
1.062015128237310930e+143
2.552485751165306811e+143
6.135426930618990248e+143
1.474504594818055147e+144
3.544305682409746515e+144
8.517861068285324697e+144
2.047301130711254146e+145
4.920678298654845698e+145
1.182728085161512646e+146
2.842438992686924672e+146
6.832057264354886261e+146
1.642062607241993309e+147
3.946617818625758865e+147
9.485858822403559167e+147
2.279814104003156053e+148
5.479903563670658474e+148
1.316997186586169556e+149
3.165350396856223976e+149
7.608207123421540821e+149
1.828516890625476096e+150
4.394926730676798421e+150
1.056312151499279378e+151
2.538895312318033124e+151
6.101682779592165278e+151
1.466679364570239583e+152
3.524935206761311242e+152
8.472358746027706128e+152
2.036298618857092367e+153
4.894223383110835028e+153
1.176342999514006982e+154
2.827279647254329681e+154
6.794921157281220554e+154
1.633261060587261590e+155
3.925491519318904926e+155
9.434468641449884565e+155
2.267726551197516144e+156
5.450236837617397947e+156
1.309959729057678044e+157
3.148461485284336049e+157
7.567561906053373310e+157
1.818705249614422354e+158
4.371541506911006541e+158
1.050623976727711544e+159
2.525355859307101934e+159
6.069350779702623469e+159
1.458766702553513878e+160
3.506214027180606467e+160
8.426694101358277799e+160
2.025334014234944614e+161
4.868211916430517534e+161
1.169985663607982936e+162
2.812100599089432390e+162
6.758643654410787030e+162
1.624483744464315516e+163
3.904445464978885997e+163
9.384304225765033764e+163
2.255358204914966571e+164
5.420849296833357903e+164
1.302877978177885309e+165
3.131730206764756404e+165
7.526214666667424101e+165
1.809100246338712702e+166
4.347794948057774416e+166
1.044998218823538485e+167
2.511814432713036304e+167
6.036474436928584724e+167
1.450998209862503699e+168
3.487234471179370924e+168
8.381676965357158238e+168
2.014413920056503885e+169
4.841845576212117395e+169
1.163722521570185810e+170
2.796941410688317006e+170
6.722746651773833097e+170
1.615739568242564975e+171
3.883331988417032532e+171
9.334113365552474109e+171
2.243279446578812175e+172
5.391917681835738952e+172
1.295959358312084629e+173
3.114700728633792418e+173
7.486289140396401340e+173
1.799297048907655616e+174
4.324523525821784425e+174
1.039413605553936093e+175
2.498119344282927800e+175
6.004293165720194751e+175
1.443155568548393206e+176
3.468428258808759861e+176
8.337084544159046750e+176
2.003590876063854908e+177
4.815974470415202592e+177
1.157440712440678992e+178
2.782036816125569632e+178
6.686206658176578074e+178
1.607068947068335791e+179
3.862397687292354952e+179
9.283969567775204832e+179
2.231225898470990491e+180
5.362717345111175002e+180
1.288928608635681320e+181
3.097969504623980049e+181
7.446024593672196442e+181
1.789696173295380209e+182
4.301013161871186745e+182
1.033840217977240926e+183
2.484713708715811631e+183
5.972229888517832319e+183
1.435352141304165084e+184
3.449857749563697183e+184
8.291725692279961347e+184
1.992896225189207946e+185
4.790046610703443907e+185
1.151208814799742844e+186
2.767065325302642304e+186
6.650264295563908020e+186
1.598487114045992741e+187
3.841705462749636149e+187
9.233595069223949862e+187
2.219355090992092670e+188
5.333621022902153910e+188
1.282152271381449654e+189
3.081263059047100108e+189
7.405747894375373682e+189
1.779964317191684661e+190
4.278066093488570349e+190
1.028262822326030504e+191
2.471335232116742469e+191
5.940163846218973638e+191
1.427648229821002667e+192
3.431410617817705413e+192
8.246896115039855698e+192
1.982259141326738998e+193
4.764133014709050672e+193
1.145069664114572632e+194
2.752149709796043755e+194
6.614920054738886426e+194
1.589862084539168771e+195
3.821020344805085539e+195
9.184341465210195747e+195
2.207265013653006461e+196
5.305492627767246141e+196
1.275094945195447892e+197
3.064857763226066612e+197
7.365839759454168936e+197
1.770442833430810012e+198
4.255346043439224481e+198
1.022694472328461065e+199
2.458226283685448579e+199
5.907877272431632471e+199
1.419927498184584232e+200
3.413277009770761760e+200
8.202132291623321717e+200
1.971641936385780973e+201
4.738612476512987374e+201
1.138849490585540534e+202
2.737406976239867495e+202
6.579007768885315714e+202
1.581236409431157806e+203
3.800507094024975948e+203
9.134610408139227968e+203
2.195508327169126980e+204
5.277002571092203654e+204
1.268227674853828084e+205
3.048393202498792145e+205
7.326365242123215007e+205
1.760933206145584162e+206
4.232282566191105605e+206
1.017232823787223146e+207
2.444940366577629601e+207
5.875900758332271386e+207
1.412498766738356593e+208
3.394577973028755534e+208
8.158622738250394592e+208
1.960960357750651593e+209
4.712914655261481682e+209
1.132782798733894177e+210
2.722706537144300733e+210
6.543852192372241547e+210
1.572747333136807456e+211
3.780345212485368477e+211
9.085472513666391482e+211
2.183677363469302075e+212
5.248704503024929279e+212
1.261443011748253194e+213
3.031932574271826088e+213
7.287286754616924975e+213
1.751386704243502361e+214
4.209707532276252074e+214
1.011787636050578607e+215
2.431762368359779943e+215
5.844594460049927093e+215
1.404766589651451071e+216
3.376366670850671466e+216
8.115393307794897677e+216
1.950413177719439282e+217
4.687897890894144711e+217
1.126681132210916224e+218
2.708067633173922052e+218
6.508464540776864363e+218
1.564398630149024962e+219
3.759864312051679093e+219
9.036930874942014960e+219
2.171933026672157829e+220
5.220338666723271602e+220
1.254638293772431304e+221
3.015683819088684258e+221
7.248147867963638477e+221
1.742022635581264848e+222
4.186951904657989409e+222
1.006307780334476437e+223
2.418619019981995834e+223
5.813507481236537038e+223
1.397182725809354866e+224
3.358338173336977399e+224
8.071328970329534861e+224
1.940042344866746055e+225
4.662555741484531745e+225
1.120668004932397259e+226
2.693579552896278292e+226
6.473782307555844239e+226
1.555958810750635812e+227
3.739788793497485539e+227
8.988245048756908944e+227
2.160257933504273560e+228
5.192462938755345336e+228
1.247927606083543431e+229
2.999482671691174328e+229
7.208907424493294197e+229
1.732694368422710579e+230
4.164718634495856248e+230
1.000909798509711070e+231
2.405662273351533704e+231
5.782116612486067107e+231
1.389759848698686398e+232
3.339973156225505491e+232
8.028189317824736605e+232
1.929530211687621213e+233
4.637307973167679678e+233
1.114695111907239278e+234
2.678879390761199251e+234
6.438902373868275945e+234
1.547581412638269265e+235
3.719836985916144017e+235
8.939789955498832256e+235
2.148718679647916685e+236
5.164593100693068735e+236
1.241268845577486293e+237
2.983273507035147495e+237
7.170558361414316161e+237
1.723387618751840539e+238
4.142206412150549169e+238
9.955531128145769365e+238
2.392732975477541852e+239
5.751150869310713220e+239
1.382245650145337558e+240
3.322219578115630060e+240
7.985505213190145136e+240
1.919067436383529277e+241
4.612846950302922484e+241
1.108605759793047566e+242
2.664801761213489351e+242
6.404277032692021215e+242
1.539311546417496898e+243
3.699602541216848904e+243
8.892707080313382857e+243
2.137138358665118656e+244
5.136692200004439169e+244
1.234607715389242226e+245
2.967315760718483829e+245
7.132100372077643292e+245
1.714063005947884882e+246
4.120158048595080725e+246
9.901780130218299150e+246
2.379941639747131196e+247
5.720266139209352355e+247
1.374756700670144913e+248
3.304559994213484057e+248
7.941583181732998001e+248
1.908845614040264199e+249
4.587835223282127061e+249
1.102699014452769837e+250
2.650312101113045364e+250
6.369730290469995338e+250
1.530978314983502261e+251
3.679823822496548459e+251
8.844142651573349116e+251
2.125728029291544233e+252
5.109232580044408879e+252
1.227941690164247973e+253
2.951388985668507528e+253
7.093300645435004728e+253
1.704978556857030670e+254
4.097728194666037560e+254
9.849135046283656168e+254
2.367076628917785980e+255
5.689395005806383926e+255
1.367485494725365640e+256
3.286611726707081294e+256
7.899672966069697421e+256
1.898553655265084421e+257
4.563339231352737246e+257
1.096752940988327856e+258
2.636129112819344163e+258
6.335651150314353993e+258
1.522836820842293454e+259
3.659941631227703083e+259
8.796977150049462865e+259
2.114232606309875275e+260
5.081630623199314571e+260
1.221353748368148380e+261
2.935477381193985584e+261
7.055708577628543373e+261
1.695723323886190521e+262
4.076045089058126927e+262
9.795457403771654382e+262
2.354480239944005769e+263
5.658868775099703299e+263
1.360071288437767159e+264
3.269036914943545358e+264
7.856705371346898010e+264
1.888433305808583169e+265
4.538653715251629110e+265
1.090867552836015040e+266
2.621917111364967247e+266
6.301765847640115647e+266
1.514584290877472196e+267
3.640443178244834984e+267
8.748963271307976416e+267
2.103035639259359582e+268
5.054194388102269761e+268
1.214844718120435687e+269
2.919784264237450955e+269
7.017478637884314425e+269
1.686716080878122439e+270
4.053802506476271393e+270
9.743994914602314941e+270
2.341873354152026592e+271
5.628293930093459540e+271
1.352833185817713490e+272
3.251291407731403809e+272
7.814685182898765234e+272
1.878326578699169491e+273
4.514345538729749718e+273
1.085054931991549827e+274
2.607784900975246951e+274
6.268247741999691541e+274
1.506467105149816227e+275
3.620766714565935842e+275
8.702597302563639908e+275
2.091617253044569526e+276
5.027255361016610465e+276
1.208284100023415390e+277
2.903982487339327509e+277
6.980012845720677872e+277
1.677646683746534393e+278
4.031978055454224711e+278
9.691339530709636993e+278
2.329158223735317267e+279
5.598389046704172038e+279
1.345527734779255577e+280
3.234124944347949457e+280
7.772378172440497161e+280
1.868259292625105684e+281
4.490096537457861325e+281
1.079192298742640089e+282
2.593764142790906498e+282
6.234178550205176427e+282
1.498456971945705386e+283
3.601346316856136524e+283
8.655765829250959879e+283
2.080523804280471696e+284
5.000039704374392036e+284
1.201820710896836453e+285
2.888333024632989199e+285
6.942639362830146596e+285
1.668558453229015585e+286
4.010510913551249887e+286
9.638787095179721910e+286
2.316840428745116411e+287
5.567891700255086863e+287
1.338344387773848754e+288
3.216447903786896033e+288
7.731140710134909943e+288
1.858092149643530077e+289
4.466137766094052251e+289
1.073401192248789498e+290
2.579871301263647022e+290
6.200794706996569603e+290
1.490345584386042672e+291
3.581937705022388702e+291
8.609288780753389193e+291
2.069227949445691392e+292
4.973098009036890422e+292
1.195366520194203463e+293
2.872915452507546567e+293
6.905194993510157786e+293
1.659626238575470482e+294
3.988758960541471609e+294
9.587640835234859254e+294
2.304213475744472831e+295
5.538182034226832787e+295
1.331171926142483579e+296
3.199243098506206384e+296
7.689531966798638777e+296
1.848225071967268083e+297
4.441904805552611802e+297
1.067624718609044174e+298
2.566010904264323935e+298
6.167470927669451183e+298
1.482299034979034019e+299
3.562764682505676646e+299
8.562862346431438448e+299
2.058064083334604815e+300
4.946810009477953651e+300
1.188800673981235205e+301
2.857704370428619163e+301
6.868061575099457653e+301
1.650683053070430197e+302
3.967607642663129484e+302
9.535572367197842657e+302
2.291974237645512482e+303
5.508546604137802814e+303
1.324024787987005418e+304
3.182159343585467643e+304
7.648194759643708779e+304
1.838261937843432847e+305
4.418232830376885068e+305
1.061930572675960046e+306
2.552208596172666152e+306
6.134381903715591565e+306
1.474307661306306554e+307
3.543759083233216313e+307
8.517010548767223705e+307
inf
inf
inf
inf
inf
nan
nan
nan
nan
nan
nan
nan
nan
nan
nan
nan
nan
nan
nan
nan
nan
nan
nan
nan
nan
nan
nan
nan
nan
nan
nan
nan
nan
nan
nan
nan
nan
nan
nan
nan
nan
nan
nan
nan
nan
nan
nan
nan
nan
nan
nan
nan
nan
nan
nan
nan
nan
nan
nan
nan
nan
nan
nan
nan
nan
nan
nan
nan
nan
nan
nan
nan
nan
nan
nan
nan
nan
nan
nan
nan
nan
nan
nan
nan
nan
nan
nan
nan
nan
nan
nan
nan
nan
nan
nan
nan
nan
nan
nan
nan
nan
nan
nan
nan
nan
nan
nan
nan
nan
nan
nan
nan
nan
nan
nan
nan
nan
nan
nan
nan
nan
nan
nan
nan
nan
nan
nan
nan
nan
nan
nan
nan
nan
nan
nan
nan
nan
nan
nan
nan
nan
nan
nan
nan
nan
nan
nan
nan
nan
nan
nan
nan
nan
nan
nan
nan
nan
nan
nan
nan
nan
nan
nan
nan
nan
nan
nan
nan
nan
nan
nan
nan
nan
nan
nan
nan
nan
nan
nan
nan
nan
nan
nan
nan
nan
nan
nan
nan
