2.999928026393607408e-02
2.999928026359693564e-02
2.999928026322419908e-02
2.999928026336776132e-02
2.999928026419448890e-02
2.999928026421779664e-02
2.999928026257954461e-02
2.999928026279568422e-02
2.999928026389455174e-02
2.999928026371860221e-02
2.999928026391541006e-02
2.999928026408293230e-02
2.999928026467627365e-02
2.999928026456840507e-02
2.999928026462407582e-02
2.999928026542768300e-02
2.999928026584605320e-02
2.999928026580593252e-02
2.999928026607516507e-02
2.999928026670822465e-02
2.999928026649277199e-02
2.999928026662835104e-02
2.999928026647452617e-02
2.999928026733589964e-02
2.999928026694060473e-02
2.999928026712835039e-02
2.999928026780739401e-02
2.999928026799369291e-02
2.999928026849366797e-02
2.999928026849911153e-02
2.999928026930432159e-02
2.999928026908688788e-02
2.999928026864992839e-02
2.999928026885874052e-02
2.999928026889689403e-02
2.999928026840071454e-02
2.999928026832542755e-02
2.999928026892256100e-02
2.999928026954835902e-02
2.999928026954627389e-02
2.999928026970734296e-02
2.999928027044445472e-02
2.999928027053140253e-02
2.999928027034802838e-02
2.999928027025951932e-02
2.999928027075334999e-02
2.999928027084906509e-02
2.999928027130402061e-02
2.999928027100182137e-02
2.999928027087125221e-02
2.999928027093100302e-02
2.999928027079822729e-02
2.999928027163966532e-02
2.999928027159097510e-02
2.999928027033371691e-02
2.999928027039373835e-02
2.999928027160755906e-02
2.999928027153155735e-02
2.999928027125897331e-02
2.999928027139052433e-02
2.999928027192763288e-02
2.999928027144853696e-02
2.999928027138825878e-02
2.999928027132885838e-02
2.999928027124782598e-02
2.999928027178450432e-02
2.999928027183412088e-02
2.999928027186649776e-02
2.999928027191857763e-02
2.999928027140193187e-02
2.999928027189009000e-02
2.999928027253752350e-02
2.999928027271955844e-02
2.999928027263682948e-02
2.999928027260992391e-02
2.999928027256688196e-02
2.999928027195690114e-02
2.999928027167602512e-02
2.999928027261850386e-02
2.999928027260211419e-02
2.999928027247728349e-02
2.999928027252521390e-02
2.999928027312129611e-02
2.999928027291158886e-02
2.999928027215140180e-02
2.999928027241764023e-02
2.999928027286184740e-02
2.999928027211212073e-02
2.999928027212370174e-02
2.999928027265540142e-02
2.999928027252379836e-02
2.999928027272782266e-02
2.999928027282043955e-02
2.999928027281941953e-02
2.999928027283079238e-02
2.999928027286058105e-02
2.999928027288265367e-02
2.999928027342633335e-02
2.999928027350403509e-02
2.999928027328221253e-02
2.999928027335124758e-02
2.999928027326717594e-02
2.999928027341314252e-02
2.999928027315839837e-02
2.999928027323797708e-02
2.999928027309751999e-02
2.999928027304185618e-02
2.999928027302360342e-02
2.999928027339112541e-02
2.999928027297816407e-02
2.999928027275374637e-02
2.999928027277509734e-02
2.999928027304501338e-02
2.999928027312472739e-02
2.999928027313227691e-02
2.999928027326923333e-02
2.999928027350529797e-02
2.999928027362947641e-02
2.999928027365799180e-02
2.999928027361831867e-02
2.999928027360697358e-02
2.999928027310713730e-02
2.999928027325769048e-02
2.999928027335951181e-02
2.999928027333555181e-02
2.999928027316759935e-02
2.999928027372315842e-02
2.999928027385572599e-02
2.999928027378945261e-02
2.999928027357878779e-02
2.999928027406377484e-02
2.999928027408515357e-02
2.999928027410642128e-02
2.999928027408307885e-02
2.999928027493875549e-02
2.999928027497612143e-02
2.999928027510827613e-02
2.999928027515046114e-02
2.999928027531596070e-02
2.999928027556203816e-02
2.999928027543352638e-02
2.999928027551147097e-02
2.999928027565580690e-02
2.999928027564015276e-02
2.999928027561042307e-02
2.999928027561911403e-02
2.999928027561810095e-02
2.999928027569651046e-02
2.999928027560597871e-02
2.999928027568893318e-02
2.999928027564010419e-02
2.999928027552532100e-02
2.999928027558384364e-02
2.999928027568415922e-02
2.999928027559509158e-02
2.999928027572795752e-02
2.999928027539926906e-02
2.999928027540411588e-02
2.999928027536238884e-02
2.999928027535465544e-02
2.999928027522269502e-02
2.999928027498917349e-02
2.999928027490864069e-02
2.999928027490022728e-02
2.999928027509267750e-02
2.999928027451082696e-02
2.999928027443315645e-02
2.999928027457260046e-02
2.999928027460860291e-02
2.999928027432504155e-02
2.999928027405376549e-02
2.999928027426944366e-02
2.999928027429118668e-02
2.999928027408497663e-02
2.999928027417485960e-02
2.999928027425763366e-02
2.999928027427415517e-02
2.999928027411754780e-02
2.999928027398976460e-02
2.999928027410275061e-02
2.999928027405854292e-02
2.999928027402019859e-02
2.999928027403080122e-02
2.999928027412324463e-02
2.999928027406630754e-02
2.999928027408201026e-02
2.999928027423240384e-02
2.999928027431075089e-02
2.999928027416772641e-02
2.999928027432912508e-02
2.999928027442953782e-02
2.999928027470400924e-02
2.999928027454998314e-02
2.999928027469663666e-02
2.999928027476984893e-02
2.999928027500053940e-02
2.999928027481670728e-02
2.999928027490947335e-02
2.999928027489126570e-02
2.999928027523153518e-02
2.999928027527630492e-02
2.999928027536141739e-02
2.999928027539562614e-02
2.999928027538023567e-02
2.999928027539825251e-02
2.999928027547011516e-02
2.999928027559110866e-02
2.999928027544329981e-02
2.999928027554463195e-02
2.999928027569956704e-02
2.999928027558902352e-02
2.999928027559296828e-02
2.999928027512499540e-02
2.999928027532885316e-02
2.999928027522805879e-02
2.999928027512682033e-02
2.999928027478555165e-02
2.999928027469875996e-02
2.999928027452624171e-02
2.999928027441358530e-02
2.999928027443883247e-02
2.999928027473615366e-02
2.999928027443377748e-02
2.999928027462797631e-02
2.999928027462725466e-02
2.999928027462584953e-02
2.999928027469721606e-02
2.999928027481740464e-02
2.999928027510471301e-02
2.999928027523012658e-02
2.999928027490256915e-02
2.999928027512168555e-02
2.999928027511343173e-02
2.999928027521578389e-02
2.999928027512562684e-02
2.999928027523773855e-02
2.999928027531755664e-02
2.999928027531541253e-02
2.999928027520414736e-02
2.999928027540236380e-02
2.999928027530031002e-02
2.999928027519714602e-02
2.999928027524237373e-02
2.999928027550250939e-02
2.999928027527592328e-02
2.999928027533545205e-02
2.999928027540823411e-02
2.999928027571135969e-02
2.999928027541622771e-02
2.999928027551393775e-02
2.999928027554464582e-02
2.999928027587484697e-02
2.999928027552638959e-02
2.999928027567718564e-02
2.999928027560846630e-02
2.999928027562443617e-02
2.999928027567295291e-02
2.999928027584829529e-02
2.999928027569145894e-02
2.999928027570651981e-02
2.999928027532868663e-02
2.999928027584438175e-02
2.999928027582506387e-02
2.999928027587064547e-02
2.999928027550290838e-02
2.999928027537191594e-02
2.999928027519138327e-02
2.999928027510134765e-02
2.999928027524588481e-02
2.999928027598850258e-02
2.999928027588153606e-02
2.999928027571726816e-02
2.999928027565739244e-02
2.999928027574454148e-02
2.999928027559363442e-02
2.999928027574557537e-02
2.999928027574935013e-02
2.999928027618659065e-02
2.999928027587945786e-02
2.999928027595376648e-02
2.999928027599941399e-02
2.999928027638465791e-02
2.999928027628651767e-02
2.999928027649827189e-02
2.999928027658899793e-02
2.999928027664339539e-02
2.999928027690047794e-02
2.999928027710992151e-02
2.999928027702558619e-02
2.999928027701940364e-02
2.999928027695854260e-02
2.999928027733161223e-02
2.999928027720914075e-02
2.999928027703530758e-02
2.999928027700423175e-02
2.999928027721854989e-02
2.999928027693577262e-02
2.999928027702206124e-02
2.999928027698209668e-02
2.999928027752573473e-02
2.999928027729212646e-02
2.999928027735732430e-02
2.999928027736599445e-02
2.999928027747404691e-02
2.999928027699349034e-02
2.999928027711218706e-02
2.999928027711616652e-02
2.999928027727993135e-02
2.999928027710777739e-02
2.999928027733580679e-02
2.999928027725375090e-02
2.999928027733858582e-02
2.999928027684526516e-02
2.999928027746818701e-02
2.999928027752824661e-02
2.999928027752184895e-02
2.999928027719613727e-02
2.999928027728141627e-02
2.999928027709702211e-02
2.999928027706666445e-02
2.999928027713973794e-02
2.999928027715006995e-02
2.999928027693026661e-02
2.999928027687243093e-02
2.999928027692232504e-02
2.999928027720382209e-02
2.999928027717908841e-02
2.999928027716440571e-02
2.999928027720152879e-02
2.999928027757168061e-02
2.999928027648433512e-02
2.999928027665292596e-02
2.999928027679023279e-02
2.999928027684421045e-02
2.999928027648158038e-02
2.999928027676948550e-02
2.999928027690788174e-02
2.999928027691144139e-02
2.999928027677218820e-02
2.999928027703982827e-02
2.999928027693221297e-02
2.999928027672211367e-02
2.999928027688574320e-02
2.999928027745526332e-02
2.999928027729496099e-02
2.999928027718243989e-02
2.999928027723233748e-02
2.999928027762543623e-02
2.999928027750512621e-02
2.999928027759366303e-02
2.999928027763009569e-02
2.999928027780871323e-02
2.999928027735546815e-02
2.999928027741498304e-02
2.999928027765723371e-02
2.999928027797304705e-02
2.999928027702366759e-02
2.999928027719316742e-02
2.999928027719787546e-02
2.999928027731486868e-02
2.999928027701173269e-02
2.999928027718460830e-02
2.999928027709652251e-02
2.999928027709131834e-02
2.999928027653723378e-02
2.999928027682342152e-02
2.999928027678704090e-02
2.999928027663983227e-02
2.999928027673377448e-02
2.999928027672244327e-02
2.999928027672164876e-02
2.999928027660749702e-02
2.999928027649600287e-02
2.999928027695047961e-02
2.999928027689995752e-02
2.999928027689165166e-02
2.999928027693865226e-02
2.999928027702249145e-02
2.999928027663682772e-02
2.999928027662972230e-02
2.999928027679858028e-02
2.999928027693958207e-02
2.999928027631728472e-02
2.999928027646488887e-02
2.999928027649949314e-02
2.999928027662314076e-02
2.999928027634446437e-02
2.999928027701559766e-02
2.999928027708161429e-02
2.999928027703989419e-02
2.999928027676983244e-02
2.999928027739812153e-02
2.999928027737814445e-02
2.999928027749108883e-02
2.999928027764234284e-02
2.999928027752745557e-02
2.999928027743458542e-02
2.999928027724764468e-02
2.999928027717236462e-02
2.999928027771522204e-02
2.999928027743092168e-02
2.999928027735827146e-02
2.999928027738014286e-02
2.999928027768481234e-02
2.999928027755361173e-02
2.999928027759674737e-02
2.999928027769325350e-02
2.999928027785917634e-02
2.999928027778256748e-02
2.999928027780406070e-02
2.999928027792918978e-02
2.999928027808269893e-02
2.999928027783390488e-02
2.999928027774245720e-02
2.999928027781309514e-02
2.999928027777872680e-02
2.999928027742386483e-02
2.999928027747685022e-02
2.999928027748725162e-02
2.999928027735059358e-02
2.999928027736841266e-02
2.999928027798314661e-02
2.999928027791273072e-02
2.999928027782416962e-02
2.999928027786737117e-02
2.999928027830530558e-02
2.999928027797729019e-02
2.999928027782114773e-02
2.999928027779812795e-02
2.999928027805549846e-02
2.999928027790711021e-02
2.999928027788741763e-02
2.999928027794636354e-02
2.999928027788813928e-02
2.999928027747163564e-02
2.999928027769623723e-02
2.999928027770502534e-02
2.999928027757793256e-02
2.999928027773277397e-02
2.999928027778887493e-02
2.999928027776739906e-02
2.999928027770396022e-02
2.999928027735562427e-02
2.999928027736898165e-02
2.999928027730197622e-02
2.999928027718135742e-02
2.999928027694445665e-02
2.999928027739612313e-02
2.999928027720926912e-02
2.999928027713280251e-02
2.999928027707209413e-02
2.999928027728679045e-02
2.999928027720026244e-02
2.999928027717734327e-02
2.999928027721787682e-02
2.999928027726173410e-02
2.999928027691219079e-02
2.999928027692001439e-02
2.999928027698629124e-02
2.999928027689552704e-02
2.999928027662653734e-02
2.999928027662935801e-02
2.999928027664319763e-02
2.999928027663021149e-02
2.999928027636983296e-02
2.999928027652477847e-02
2.999928027651855775e-02
2.999928027650024948e-02
2.999928027626512853e-02
2.999928027652869547e-02
2.999928027648156997e-02
2.999928027642272121e-02
2.999928027644922779e-02
2.999928027675705794e-02
2.999928027665286351e-02
2.999928027663471830e-02
2.999928027664119923e-02
2.999928027685899723e-02
2.999928027700046740e-02
2.999928027699258481e-02
2.999928027701728381e-02
2.999928027700354133e-02
2.999928027699748367e-02
2.999928027701359579e-02
2.999928027700748956e-02
2.999928027701502520e-02
2.999928027700547034e-02
2.999928027703494676e-02
2.999928027702754990e-02
2.999928027702469108e-02
2.999928027694509503e-02
2.999928027699595018e-02
2.999928027700035291e-02
2.999928027700850611e-02
2.999928027704498387e-02
2.999928027705092357e-02
2.999928027703957847e-02
2.999928027701513275e-02
2.999928027699280339e-02
2.999928027699881594e-02
2.999928027699994698e-02
2.999928027701623603e-02
2.999928027701773484e-02
2.999928027700483543e-02
2.999928027701550398e-02
2.999928027701559072e-02
2.999928027701785280e-02
2.999928027699340014e-02
2.999928027703548106e-02
2.999928027702631131e-02
2.999928027703522085e-02
2.999928027700054026e-02
2.999928027703413491e-02
2.999928027701461233e-02
2.999928027701429314e-02
2.999928027702388270e-02
2.999928027715556209e-02
2.999928027720596968e-02
2.999928027719440948e-02
2.999928027723902310e-02
2.999928027725416724e-02
2.999928027713326395e-02
2.999928027715321674e-02
2.999928027718494830e-02
2.999928027719836465e-02
2.999928027708764419e-02
2.999928027716129014e-02
2.999928027715282469e-02
2.999928027714903953e-02
2.999928027707932446e-02
2.999928027711147929e-02
2.999928027712938511e-02
2.999928027710670533e-02
2.999928027699899982e-02
2.999928027718959389e-02
2.999928027710525857e-02
2.999928027709888173e-02
2.999928027713394396e-02
2.999928027734204486e-02
2.999928027722947518e-02
2.999928027714514334e-02
2.999928027718047965e-02
2.999928027713922099e-02
2.999928027727001914e-02
2.999928027727473412e-02
2.999928027734907396e-02
2.999928027719616502e-02
2.999928027718917409e-02
2.999928027724333909e-02
2.999928027738545805e-02
2.999928027740903641e-02
2.999928027705505568e-02
2.999928027720719093e-02
2.999928027726202900e-02
2.999928027720212206e-02
2.999928027725484031e-02
2.999928027733569230e-02
2.999928027733293756e-02
2.999928027731460153e-02
2.999928027724265561e-02
2.999928027754849777e-02
2.999928027752042994e-02
2.999928027736722611e-02
2.999928027743780506e-02
2.999928027713997386e-02
2.999928027721095875e-02
2.999928027713956794e-02
2.999928027716235526e-02
2.999928027760184052e-02
2.999928027719071105e-02
2.999928027715865336e-02
2.999928027735073235e-02
2.999928027733544250e-02
2.999928027703175140e-02
2.999928027709134956e-02
2.999928027718902490e-02
2.999928027728196445e-02
2.999928027719213353e-02
2.999928027741015357e-02
2.999928027759891924e-02
2.999928027758880927e-02
2.999928027741825473e-02
2.999928027790828636e-02
2.999928027787737705e-02
2.999928027768389988e-02
2.999928027739386105e-02
2.999928027773500483e-02
2.999928027768119024e-02
2.999928027766857880e-02
2.999928027773389808e-02
2.999928027835041186e-02
2.999928027794291491e-02
2.999928027786425561e-02
2.999928027790958740e-02
2.999928027793696828e-02
2.999928027763772154e-02
2.999928027769489108e-02
2.999928027785640078e-02
2.999928027773641342e-02
2.999928027770566025e-02
2.999928027797957308e-02
2.999928027827263727e-02
2.999928027824533966e-02
2.999928027805054409e-02
2.999928027859087576e-02
2.999928027877504788e-02
2.999928027860351495e-02
2.999928027854802115e-02
2.999928027872275291e-02
2.999928027872453967e-02
2.999928027874122077e-02
2.999928027856373081e-02
2.999928027892335980e-02
2.999928027901618138e-02
2.999928027889384174e-02
2.999928027889331786e-02
2.999928027868169547e-02
2.999928027825488411e-02
2.999928027824141571e-02
2.999928027835984182e-02
2.999928027836620825e-02
2.999928027782941195e-02
2.999928027785470769e-02
2.999928027784519793e-02
2.999928027786024493e-02
2.999928027857963822e-02
2.999928027869881025e-02
2.999928027884631032e-02
2.999928027888111234e-02
2.999928027852234030e-02
2.999928027859224619e-02
2.999928027847204373e-02
2.999928027839348504e-02
2.999928027838300384e-02
2.999928027855379778e-02
2.999928027851116868e-02
2.999928027842420353e-02
2.999928027853495521e-02
2.999928027904715661e-02
2.999928027898034200e-02
2.999928027869362690e-02
2.999928027874528697e-02
2.999928027918412690e-02
2.999928027884725054e-02
2.999928027885188225e-02
2.999928027906489242e-02
2.999928027889073659e-02
2.999928027841982509e-02
2.999928027852566403e-02
2.999928027863680430e-02
2.999928027860592969e-02
2.999928027829997304e-02
2.999928027848864850e-02
2.999928027852902246e-02
2.999928027854260534e-02
2.999928027786687851e-02
2.999928027812678866e-02
2.999928027814554449e-02
2.999928027804317499e-02
2.999928027768797995e-02
2.999928027804468766e-02
2.999928027794606863e-02
2.999928027773758610e-02
2.999928027757019222e-02
2.999928027820239831e-02
2.999928027805835035e-02
2.999928027801893743e-02
2.999928027807922254e-02
2.999928027817144738e-02
2.999928027763590008e-02
2.999928027758803212e-02
2.999928027777499367e-02
2.999928027796715246e-02
2.999928027797892430e-02
2.999928027810636055e-02
2.999928027825081445e-02
2.999928027817398701e-02
2.999928027808840963e-02
2.999928027814496162e-02
2.999928027810258579e-02
2.999928027805157799e-02
2.999928027786210802e-02
2.999928027845199380e-02
2.999928027846117742e-02
2.999928027838939457e-02
2.999928027835115085e-02
2.999928027804310907e-02
2.999928027802277464e-02
2.999928027783215628e-02
2.999928027781424700e-02
2.999928027825137650e-02
2.999928027794124957e-02
2.999928027782441942e-02
2.999928027791188417e-02
2.999928027796208013e-02
2.999928027790628796e-02
2.999928027791785856e-02
2.999928027794961441e-02
2.999928027774676279e-02
2.999928027816840814e-02
2.999928027823233617e-02
2.999928027828806937e-02
2.999928027830925381e-02
2.999928027815072437e-02
2.999928027805618541e-02
2.999928027819648985e-02
2.999928027818674417e-02
2.999928027752441634e-02
2.999928027771579450e-02
2.999928027767845978e-02
2.999928027762033961e-02
2.999928027752479798e-02
2.999928027806015099e-02
2.999928027797333502e-02
2.999928027786129964e-02
2.999928027784807757e-02
2.999928027818632090e-02
2.999928027813492798e-02
2.999928027799450558e-02
2.999928027804899325e-02
2.999928027832250016e-02
2.999928027800568414e-02
2.999928027805055797e-02
2.999928027807335917e-02
2.999928027807891029e-02
2.999928027789803414e-02
2.999928027808479100e-02
2.999928027812615722e-02
2.999928027812312839e-02
2.999928027780654483e-02
2.999928027770052547e-02
2.999928027763309676e-02
2.999928027760691979e-02
2.999928027751663437e-02
2.999928027749845447e-02
2.999928027745607517e-02
2.999928027717030377e-02
2.999928027688869916e-02
2.999928027673489511e-02
2.999928027662925045e-02
2.999928027647481843e-02
2.999928027651573015e-02
2.999928027650056173e-02
2.999928027654175794e-02
2.999928027668219768e-02
2.999928027675689141e-02
2.999928027668181951e-02
2.999928027651919960e-02
2.999928027658673932e-02
2.999928027679273773e-02
2.999928027672840031e-02
2.999928027620905185e-02
2.999928027637095013e-02
2.999928027632367544e-02
2.999928027624335775e-02
2.999928027600868088e-02
2.999928027622093818e-02
2.999928027625831453e-02
2.999928027615512624e-02
2.999928027601688960e-02
2.999928027603594727e-02
2.999928027599601393e-02
2.999928027592235064e-02
2.999928027585519602e-02
2.999928027616521886e-02
2.999928027605644476e-02
2.999928027594547797e-02
2.999928027602927205e-02
2.999928027587983950e-02
2.999928027571820144e-02
2.999928027582764861e-02
2.999928027587601964e-02
2.999928027561320210e-02
2.999928027518604379e-02
2.999928027521016338e-02
2.999928027524274496e-02
2.999928027535944328e-02
2.999928027528791369e-02
2.999928027533230873e-02
2.999928027536589298e-02
2.999928027532581393e-02
2.999928027497397384e-02
2.999928027496101546e-02
2.999928027493306559e-02
2.999928027480798856e-02
2.999928027467595182e-02
2.999928027498530159e-02
2.999928027496750332e-02
2.999928027488647092e-02
2.999928027491857718e-02
2.999928027495483290e-02
2.999928027502611616e-02
2.999928027519318391e-02
2.999928027524556909e-02
2.999928027540092051e-02
2.999928027543433129e-02
2.999928027545457898e-02
2.999928027554177312e-02
2.999928027519910625e-02
2.999928027491169380e-02
2.999928027495040242e-02
2.999928027494094471e-02
2.999928027484560777e-02
2.999928027487932386e-02
2.999928027490020299e-02
2.999928027494657215e-02
2.999928027487731852e-02
2.999928027495591884e-02
2.999928027474665221e-02
2.999928027475200210e-02
2.999928027463100166e-02
2.999928027470188246e-02
2.999928027467613917e-02
2.999928027461244012e-02
2.999928027463331925e-02
2.999928027467007458e-02
2.999928027471381042e-02
2.999928027463812097e-02
2.999928027473067541e-02
2.999928027473664632e-02
2.999928027465248448e-02
2.999928027496485267e-02
2.999928027499484950e-02
2.999928027496875232e-02
2.999928027488849014e-02
2.999928027480244785e-02
2.999928027485068704e-02
2.999928027485547488e-02
2.999928027481739076e-02
2.999928027472585981e-02
2.999928027465797314e-02
2.999928027463790586e-02
2.999928027464671479e-02
2.999928027477447023e-02
2.999928027493885610e-02
2.999928027489920032e-02
2.999928027475508990e-02
2.999928027489534924e-02
2.999928027437643446e-02
2.999928027434178857e-02
2.999928027454837332e-02
2.999928027461319993e-02
2.999928027423393040e-02
2.999928027420981080e-02
2.999928027433876321e-02
2.999928027436855882e-02
2.999928027389865692e-02
2.999928027428544475e-02
2.999928027439447559e-02
2.999928027447798864e-02
2.999928027433556785e-02
2.999928027463054370e-02
2.999928027462151967e-02
2.999928027460509877e-02
2.999928027455450730e-02
2.999928027478575981e-02
2.999928027461841798e-02
2.999928027451047655e-02
2.999928027466355895e-02
2.999928027507775541e-02
2.999928027499596667e-02
2.999928027491947230e-02
2.999928027513863033e-02
2.999928027515175177e-02
2.999928027494720706e-02
2.999928027495639415e-02
2.999928027490327692e-02
2.999928027489862092e-02
2.999928027501348043e-02
2.999928027511337969e-02
2.999928027531827829e-02
2.999928027528143276e-02
2.999928027519771848e-02
2.999928027532031485e-02
2.999928027528458302e-02
2.999928027514039974e-02
2.999928027501109346e-02
2.999928027486883225e-02
2.999928027485047194e-02
2.999928027504542363e-02
2.999928027509468284e-02
2.999928027558807636e-02
2.999928027574184225e-02
2.999928027540954903e-02
2.999928027563121546e-02
2.999928027601356934e-02
2.999928027616331760e-02
2.999928027600050340e-02
2.999928027599360614e-02
2.999928027590380991e-02
2.999928027605612904e-02
2.999928027610580458e-02
2.999928027662256136e-02
2.999928027665963934e-02
2.999928027731377234e-02
2.999928027741762676e-02
2.999928027784599244e-02
2.999928027755810467e-02
2.999928027729563407e-02
2.999928027715902459e-02
2.999928027722769536e-02
2.999928027676667178e-02
2.999928027677777401e-02
2.999928027670848568e-02
2.999928027672176672e-02
2.999928027662161767e-02
2.999928027667987315e-02
2.999928027640329578e-02
2.999928027634173738e-02
2.999928027598775665e-02
2.999928027575635495e-02
2.999928027581234835e-02
2.999928027565387442e-02
2.999928027577454179e-02
2.999928027646630441e-02
2.999928027665701297e-02
2.999928027627581789e-02
2.999928027641767664e-02
2.999928027672993727e-02
2.999928027674703818e-02
2.999928027695884097e-02
2.999928027660108201e-02
2.999928027697960561e-02
2.999928027647571702e-02
2.999928027671893566e-02
2.999928027681398462e-02
2.999928027710815209e-02
2.999928027712646730e-02
2.999928027726259799e-02
2.999928027701009164e-02
2.999928027709243897e-02
2.999928027616375475e-02
2.999928027618990745e-02
2.999928027659076041e-02
2.999928027628864097e-02
2.999928027598483884e-02
2.999928027650664714e-02
2.999928027676848630e-02
2.999928027639819569e-02
2.999928027630455879e-02
2.999928027662382424e-02
2.999928027659601662e-02
2.999928027774922609e-02
2.999928027766602182e-02
2.999928027783848455e-02
2.999928027767045924e-02
2.999928027849612169e-02
2.999928027886764048e-02
2.999928027829434213e-02
2.999928027788628312e-02
2.999928027770565331e-02
2.999928027756860668e-02
2.999928027752054097e-02
2.999928027674146624e-02
2.999928027688748833e-02
2.999928027772367709e-02
2.999928027753283322e-02
2.999928027624463103e-02
2.999928027636287325e-02
2.999928027615545237e-02
2.999928027560841079e-02
2.999928027602377992e-02
2.999928027597832669e-02
2.999928027594847904e-02
2.999928027572645178e-02
2.999928027562695498e-02
2.999928027631114033e-02
2.999928027633363622e-02
2.999928027664776342e-02
2.999928027666728947e-02
2.999928027761199906e-02
2.999928027700537667e-02
2.999928027779132436e-02
2.999928027817899689e-02
2.999928027843802233e-02
2.999928027831795865e-02
2.999928027814995415e-02
2.999928027838729902e-02
2.999928027854591867e-02
2.999928027882746776e-02
2.999928027886967011e-02
2.999928027904644537e-02
2.999928027893392427e-02
2.999928027882958759e-02
2.999928027952705051e-02
2.999928027928804378e-02
2.999928027884182086e-02
2.999928027863665858e-02
2.999928027916972176e-02
2.999928027905097300e-02
2.999928027921501539e-02
2.999928027922034446e-02
2.999928027891532803e-02
2.999928027903333780e-02
2.999928027869721431e-02
2.999928027877219947e-02
2.999928027839422751e-02
2.999928027838465183e-02
