2.999935068947122072e-02
2.999934920491119025e-02
2.999934775663435846e-02
2.999934634471162695e-02
2.999934496912688708e-02
2.999934362982610569e-02
2.999934232668426820e-02
2.999934105952629937e-02
2.999933982810175370e-02
2.999933863211700497e-02
2.999933747121637934e-02
2.999933634500325658e-02
2.999933525300985115e-02
2.999933419473219814e-02
2.999933316960584628e-02
2.999933217704301575e-02
2.999933121638456365e-02
2.999933028695452725e-02
2.999932938802119323e-02
2.999932851882991872e-02
2.999932767858184621e-02
2.999932686645725641e-02
2.999932608159843264e-02
2.999932532312940547e-02
2.999932459014539518e-02
2.999932388173181391e-02
2.999932319695339938e-02
2.999932253484603045e-02
2.999932189445417632e-02
2.999932127480492428e-02
2.999932067491210830e-02
2.999932009380001929e-02
2.999931953048145736e-02
2.999931898396832053e-02
2.999931845328103128e-02
2.999931793744024106e-02
2.999931743548861843e-02
2.999931694645487784e-02
2.999931646940400334e-02
2.999931600338009291e-02
2.999931554748844903e-02
2.999931510080810354e-02
2.999931466246456846e-02
2.999931423158832058e-02
2.999931380732344735e-02
2.999931338885347340e-02
2.999931297537933306e-02
2.999931256610856301e-02
2.999931216029033676e-02
2.999931175719887724e-02
2.999931135612089392e-02
2.999931095636896444e-02
2.999931055728393206e-02
2.999931015824235450e-02
2.999930975863524321e-02
2.999930935786415676e-02
2.999930895538331643e-02
2.999930855065090218e-02
2.999930814315870248e-02
2.999930773242102944e-02
2.999930731796784239e-02
2.999930689936378125e-02
2.999930647617903012e-02
2.999930604801997677e-02
2.999930561450521449e-02
2.999930517527743534e-02
2.999930472998387290e-02
2.999930427832049606e-02
2.999930381996290807e-02
2.999930335462184378e-02
2.999930288203953715e-02
2.999930240194351172e-02
2.999930191409063557e-02
2.999930141824920515e-02
2.999930091420172779e-02
2.999930040174849516e-02
2.999929988068525052e-02
2.999929935082719379e-02
2.999929881201649981e-02
2.999929826407654598e-02
2.999929770686707298e-02
2.999929714022862154e-02
2.999929656404894812e-02
2.999929597819580435e-02
2.999929538255101391e-02
2.999929477701861538e-02
2.999929416149826195e-02
2.999929353590920916e-02
2.999929290016316655e-02
2.999929225421435822e-02
2.999929159798233810e-02
2.999929093144503012e-02
2.999929025455021214e-02
2.999928956728598398e-02
2.999928886963253855e-02
2.999928816159352571e-02
2.999928744318183793e-02
2.999928671442412403e-02
2.999928597535584524e-02
2.999928522604174835e-02
2.999928446654094583e-02
2.999928369694235264e-02
2.999928291734468844e-02
2.999928212787041776e-02
2.999928132864641481e-02
2.999928051983406785e-02
2.999927970159464719e-02
2.999927887412492944e-02
2.999927803762694745e-02
2.999927719232690915e-02
2.999927633847618638e-02
2.999927547633653158e-02
2.999927460619419839e-02
2.999927372835708636e-02
2.999927284314939796e-02
2.999927195091680460e-02
2.999927105202156510e-02
2.999927014685537657e-02
2.999926923581476557e-02
2.999926831932543669e-02
2.999926739782645888e-02
2.999926647177423092e-02
2.999926554164901449e-02
2.999926460793824606e-02
2.999926367114767733e-02
2.999926273180093805e-02
2.999926179043352001e-02
2.999926084758742367e-02
2.999925990382588253e-02
2.999925895971191497e-02
2.999925801582522047e-02
2.999925707274843714e-02
2.999925613107031971e-02
2.999925519138632937e-02
2.999925425429204873e-02
2.999925332038631126e-02
2.999925239027090990e-02
2.999925146453780861e-02
2.999925054377940853e-02
2.999924962858275743e-02
2.999924871953740108e-02
2.999924781720838401e-02
2.999924692216126079e-02
2.999924603494594569e-02
2.999924515610528919e-02
2.999924428615419886e-02
2.999924342561027801e-02
2.999924257495900984e-02
2.999924173467334587e-02
2.999924090520298542e-02
2.999924008697401820e-02
2.999923928039936044e-02
2.999923848586136949e-02
2.999923770371199297e-02
2.999923693429227753e-02
2.999923617790035621e-02
2.999923543481783361e-02
2.999923470529651526e-02
2.999923398955044868e-02
2.999923328778497655e-02
2.999923260015547460e-02
2.999923192679406284e-02
2.999923126781055618e-02
2.999923062327645301e-02
2.999922999323619346e-02
2.999922937770749254e-02
2.999922877667257626e-02
2.999922819009571279e-02
2.999922761790320413e-02
2.999922705999621270e-02
2.999922651625184025e-02
2.999922598651953709e-02
2.999922547062128936e-02
2.999922496836063268e-02
2.999922447951245200e-02
2.999922400383573523e-02
2.999922354106082656e-02
2.999922309090189559e-02
2.999922265305943192e-02
2.999922222720886184e-02
2.999922181301896071e-02
2.999922141013496718e-02
2.999922101819761655e-02
2.999922063683047729e-02
2.999922026564891958e-02
2.999921990426104856e-02
2.999921955226535555e-02
2.999921920926259394e-02
2.999921887483580560e-02
2.999921854857885359e-02
2.999921823007369384e-02
2.999921791890858280e-02
2.999921761467101711e-02
2.999921731695174773e-02
2.999921702534213974e-02
2.999921673944219366e-02
2.999921645885421720e-02
2.999921618319130109e-02
2.999921591206781979e-02
2.999921564511628252e-02
2.999921538196482010e-02
2.999921512226667170e-02
2.999921486567588141e-02
2.999921461185717925e-02
2.999921436049307610e-02
2.999921411127316750e-02
2.999921386389985817e-02
2.999921361809235881e-02
2.999921337357121243e-02
2.999921313008394042e-02
2.999921288738031586e-02
2.999921264522829867e-02
2.999921240339923495e-02
2.999921216168933980e-02
2.999921191989752406e-02
2.999921167783574372e-02
2.999921143532639778e-02
2.999921119220552365e-02
2.999921094831699969e-02
2.999921070351259378e-02
2.999921045765593930e-02
2.999921021061633525e-02
2.999920996227062667e-02
2.999920971250514407e-02
2.999920946120870902e-02
2.999920920827827547e-02
2.999920895361890549e-02
2.999920869712929816e-02
2.999920843872369916e-02
2.999920817830963732e-02
2.999920791580477225e-02
2.999920765112282922e-02
2.999920738418040966e-02
2.999920711489407685e-02
2.999920684317917974e-02
2.999920656895441184e-02
2.999920629213369272e-02
2.999920601263249970e-02
2.999920573035973898e-02
2.999920544522716170e-02
2.999920515714268182e-02
2.999920486601009156e-02
2.999920457173050475e-02
2.999920427420767199e-02
2.999920397333750294e-02
2.999920366901231983e-02
2.999920336112602351e-02
2.999920304956605818e-02
2.999920273421765454e-02
2.999920241497169501e-02
2.999920209170811591e-02
2.999920176430621171e-02
2.999920143265209088e-02
2.999920109662571055e-02
2.999920075610556375e-02
2.999920041097301621e-02
2.999920006111232024e-02
2.999919970640527178e-02
2.999919934673941913e-02
2.999919898200289342e-02
2.999919861209071961e-02
2.999919823689797121e-02
2.999919785632590430e-02
2.999919747028285261e-02
2.999919707868244079e-02
2.999919668144323398e-02
2.999919627849746001e-02
2.999919586977927224e-02
2.999919545523331219e-02
2.999919503481160779e-02
2.999919460848115768e-02
2.999919417621819268e-02
2.999919373800607678e-02
2.999919329384034133e-02
2.999919284373580436e-02
2.999919238770671487e-02
2.999919192579342253e-02
2.999919145803814358e-02
2.999919098450168353e-02
2.999919050525744549e-02
2.999919002039226970e-02
2.999918953000482724e-02
2.999918903420749697e-02
2.999918853312673328e-02
2.999918802690434982e-02
2.999918751568964037e-02
2.999918699965076208e-02
2.999918647896371998e-02
2.999918595381811937e-02
2.999918542441248198e-02
2.999918489096723567e-02
2.999918435369791289e-02
2.999918381284293750e-02
2.999918326864486201e-02
2.999918272135716074e-02
2.999918217123611480e-02
2.999918161855348944e-02
2.999918106357848252e-02
2.999918050660023774e-02
2.999917994789662312e-02
2.999917938776163265e-02
2.999917882648912848e-02
2.999917826437418708e-02
2.999917770171543416e-02
2.999917713880961151e-02
2.999917657595843612e-02
2.999917601345768875e-02
2.999917545160586674e-02
2.999917489069429954e-02
2.999917433101192618e-02
2.999917377284740116e-02
2.999917321647767310e-02
2.999917266218143572e-02
2.999917211022391436e-02
2.999917156086525510e-02
2.999917101435804062e-02
2.999917047094678019e-02
2.999916993086830519e-02
2.999916939434132956e-02
2.999916886158253068e-02
2.999916833279673775e-02
2.999916780817261583e-02
2.999916728789059350e-02
2.999916677212078123e-02
2.999916626101691020e-02
2.999916575472055813e-02
2.999916525336505935e-02
2.999916475706309107e-02
2.999916426592356966e-02
2.999916378003460518e-02
2.999916329947531837e-02
2.999916282430921399e-02
2.999916235458966254e-02
2.999916189035682634e-02
2.999916143163713217e-02
2.999916097844384372e-02
2.999916053078256414e-02
2.999916008864224673e-02
2.999915965200109988e-02
2.999915922083222150e-02
2.999915879508827793e-02
2.999915837472185570e-02
2.999915795966864168e-02
2.999915754985940652e-02
2.999915714521170923e-02
2.999915674564165163e-02
2.999915635105070838e-02
2.999915596133608670e-02
2.999915557638956065e-02
2.999915519609827261e-02
2.999915482033645164e-02
2.999915444898102607e-02
2.999915408190278326e-02
2.999915371896502009e-02
2.999915336003261893e-02
2.999915300496438370e-02
2.999915265361766809e-02
2.999915230584835474e-02
2.999915196150992197e-02
2.999915162045663566e-02
2.999915128254146066e-02
2.999915094761513440e-02
2.999915061553430976e-02
2.999915028615049092e-02
2.999914995931921360e-02
2.999914963489695371e-02
2.999914931274153332e-02
2.999914899271404964e-02
2.999914867467683502e-02
2.999914835849386285e-02
2.999914804403397417e-02
2.999914773116767880e-02
2.999914741976834887e-02
2.999914710971470291e-02
2.999914680088510213e-02
2.999914649316514498e-02
2.999914618644088440e-02
2.999914588060515613e-02
2.999914557555203448e-02
2.999914527118048568e-02
2.999914496739302175e-02
2.999914466409511760e-02
2.999914436119809763e-02
2.999914405861430280e-02
2.999914375626265214e-02
2.999914345406376470e-02
2.999914315194144449e-02
2.999914284982631643e-02
2.999914254764922059e-02
2.999914224534485502e-02
2.999914194285428076e-02
2.999914164011859008e-02
2.999914133708513064e-02
2.999914103370112176e-02
2.999914072991879607e-02
2.999914042569610390e-02
2.999914012098844202e-02
2.999913981575993288e-02
2.999913950997435894e-02
2.999913920359876390e-02
2.999913889660482669e-02
2.999913858896567642e-02
2.999913828065708943e-02
2.999913797165858209e-02
2.999913766195247411e-02
2.999913735152343400e-02
2.999913704035920073e-02
2.999913672844885248e-02
2.999913641578780960e-02
2.999913610236995890e-02
2.999913578819392301e-02
2.999913547326208893e-02
2.999913515757807181e-02
2.999913484114880707e-02
2.999913452398384958e-02
2.999913420609483239e-02
2.999913388749714249e-02
2.999913356820897020e-02
2.999913324824944952e-02
2.999913292764355699e-02
2.999913260641493690e-02
2.999913228459344036e-02
2.999913196220939382e-02
2.999913163929634335e-02
2.999913131589075632e-02
2.999913099203076888e-02
2.999913066775731704e-02
2.999913034311345664e-02
2.999913001814567826e-02
2.999912969290045861e-02
2.999912936742870836e-02
2.999912904178096001e-02
2.999912871601188163e-02
2.999912839017690458e-02
2.999912806433201878e-02
2.999912773853710690e-02
2.999912741285056320e-02
2.999912708733469199e-02
2.999912676205063189e-02
2.999912643706183213e-02
2.999912611243167257e-02
2.999912578822436920e-02
2.999912546450457865e-02
2.999912514133643363e-02
2.999912481878487525e-02
2.999912449691449767e-02
2.999912417578869811e-02
2.999912385547103683e-02
2.999912353602426224e-02
2.999912321750987723e-02
2.999912289998810100e-02
2.999912258351815700e-02
2.999912226815755825e-02
2.999912195396205530e-02
2.999912164098569867e-02
2.999912132928020739e-02
2.999912101889538885e-02
2.999912070987880569e-02
2.999912040227535603e-02
2.999912009612725264e-02
2.999911979147423108e-02
2.999911948835334852e-02
2.999911918679831063e-02
2.999911888684023489e-02
2.999911858850705035e-02
2.999911829182384110e-02
2.999911799681216282e-02
2.999911770349077828e-02
2.999911741187514733e-02
2.999911712197711466e-02
2.999911683380628025e-02
2.999911654736833744e-02
2.999911626266626302e-02
2.999911597969972046e-02
2.999911569846570175e-02
2.999911541895791331e-02
2.999911514116743866e-02
2.999911486508256842e-02
2.999911459068888356e-02
2.999911431796940114e-02
2.999911404690489350e-02
2.999911377747349964e-02
2.999911350965149548e-02
2.999911324341285671e-02
2.999911297872979651e-02
2.999911271557267889e-02
2.999911245391025799e-02
2.999911219370978571e-02
2.999911193493721637e-02
2.999911167755723446e-02
2.999911142153354957e-02
2.999911116682892065e-02
2.999911091340527053e-02
2.999911066122398426e-02
2.999911041024593689e-02
2.999911016043152467e-02
2.999910991174100858e-02
2.999910966413442404e-02
2.999910941757182384e-02
2.999910917201329547e-02
2.999910892741914498e-02
2.999910868374985884e-02
2.999910844096633292e-02
2.999910819902983777e-02
2.999910795790212276e-02
2.999910771754547498e-02
2.999910747792274707e-02
2.999910723899745085e-02
2.999910700073372960e-02
2.999910676309645516e-02
2.999910652605115857e-02
2.999910628956411682e-02
2.999910605360233892e-02
2.999910581813359026e-02
2.999910558312639600e-02
2.999910534854995786e-02
2.999910511437422697e-02
2.999910488056984834e-02
2.999910464710823371e-02
2.999910441396141589e-02
2.999910418110207644e-02
2.999910394850366716e-02
2.999910371614013943e-02
2.999910348398604140e-02
2.999910325201659428e-02
2.999910302020762642e-02
2.999910278853546927e-02
2.999910255697708222e-02
2.999910232550986877e-02
2.999910209411193324e-02
2.999910186276181709e-02
2.999910163143868630e-02
2.999910140012233828e-02
2.999910116879299024e-02
2.999910093743171635e-02
2.999910070601999323e-02
2.999910047454028977e-02
2.999910024297542527e-02
2.999910001130924944e-02
2.999909977952610121e-02
2.999909954761163094e-02
2.999909931555207535e-02
2.999909908333469807e-02
2.999909885094769607e-02
2.999909861838070263e-02
2.999909838562418718e-02
2.999909815266973978e-02
2.999909791951082746e-02
2.999909768614140299e-02
2.999909745255783730e-02
2.999909721875705648e-02
2.999909698473835276e-02
2.999909675050228819e-02
2.999909651605079525e-02
2.999909628138820034e-02
2.999909604651979089e-02
2.999909581145364032e-02
2.999909557619878653e-02
2.999909534076694584e-02
2.999909510517087541e-02
2.999909486942600387e-02
2.999909463354898109e-02
2.999909439755934007e-02
2.999909416147768584e-02
2.999909392532661839e-02
2.999909368913036140e-02
2.999909345291566082e-02
2.999909321670988366e-02
2.999909298054332513e-02
2.999909274444657187e-02
2.999909250845289935e-02
2.999909227259555874e-02
2.999909203690930351e-02
2.999909180143121162e-02
2.999909156619869066e-02
2.999909133124869370e-02
2.999909109662115408e-02
2.999909086235457920e-02
2.999909062848867686e-02
2.999909039506327632e-02
2.999909016211739499e-02
2.999908992969164273e-02
2.999908969782417653e-02
2.999908946655435033e-02
2.999908923591913107e-02
2.999908900595649533e-02
2.999908877670186269e-02
2.999908854818941414e-02
2.999908832045279639e-02
2.999908809352306444e-02
2.999908786742954553e-02
2.999908764220030749e-02
2.999908741786118382e-02
2.999908719443519778e-02
2.999908697194421381e-02
2.999908675040585671e-02
2.999908652983695675e-02
2.999908631025053479e-02
2.999908609165814755e-02
2.999908587406647717e-02
2.999908565748213990e-02
2.999908544190717577e-02
2.999908522734118232e-02
2.999908501378208830e-02
2.999908480122202153e-02
2.999908458965559743e-02
2.999908437906934067e-02
2.999908416945058082e-02
2.999908396078326128e-02
2.999908375305011116e-02
2.999908354622930762e-02
2.999908334029953438e-02
2.999908313523611328e-02
2.999908293101313447e-02
2.999908272760454589e-02
2.999908252498040967e-02
2.999908232311114878e-02
2.999908212196700924e-02
2.999908192151615194e-02
2.999908172172728246e-02
2.999908152256928334e-02
2.999908132400970137e-02
2.999908112601787705e-02
2.999908092856173186e-02
2.999908073161313554e-02
2.999908053514145634e-02
2.999908033912041319e-02
2.999908014352024518e-02
2.999907994831874092e-02
2.999907975349131589e-02
2.999907955901806589e-02
2.999907936487649848e-02
2.999907917105224323e-02
2.999907897752915331e-02
2.999907878429527303e-02
2.999907859133845583e-02
2.999907839865288695e-02
2.999907820623265442e-02
2.999907801407654742e-02
2.999907782218168631e-02
2.999907763055034357e-02
2.999907743919019015e-02
2.999907724810627063e-02
2.999907705730562105e-02
2.999907686680193530e-02
2.999907667660801913e-02
2.999907648673679969e-02
2.999907629720548891e-02
2.999907610803000113e-02
2.999907591922838790e-02
2.999907573082065057e-02
2.999907554282556579e-02
2.999907535526319391e-02
2.999907516815240871e-02
2.999907498151158092e-02
2.999907479535932758e-02
2.999907460971171919e-02
2.999907442458558254e-02
2.999907423999084721e-02
2.999907405594325407e-02
2.999907387245030060e-02
2.999907368951611544e-02
2.999907350714539969e-02
2.999907332533893745e-02
2.999907314408831183e-02
2.999907296339152096e-02
2.999907278323192539e-02
2.999907260359443995e-02
2.999907242445519484e-02
2.999907224579156234e-02
2.999907206757056882e-02
2.999907188975629163e-02
2.999907171230391592e-02
2.999907153517192282e-02
2.999907135830404137e-02
2.999907118164558961e-02
2.999907100513257707e-02
2.999907082869907385e-02
2.999907065226908170e-02
2.999907047576802488e-02
2.999907029911234521e-02
2.999907012221707595e-02
2.999906994499077287e-02
2.999906976733918151e-02
2.999906958916453287e-02
2.999906941036670563e-02
2.999906923084204313e-02
2.999906905048481398e-02
2.999906886918776716e-02
2.999906868684485209e-02
2.999906850334560504e-02
2.999906831858224765e-02
2.999906813244598500e-02
2.999906794482990260e-02
2.999906775562908787e-02
2.999906756474193456e-02
2.999906737206666299e-02
2.999906717750887644e-02
2.999906698097511495e-02
2.999906678238082464e-02
2.999906658164423756e-02
2.999906637868737444e-02
2.999906617344638357e-02
2.999906596585870042e-02
2.999906575587088509e-02
2.999906554343698475e-02
2.999906532852153127e-02
2.999906511109868418e-02
2.999906489115107891e-02
2.999906466867240107e-02
2.999906444366611663e-02
2.999906421614220026e-02
2.999906398613189779e-02
2.999906375366952899e-02
2.999906351880271896e-02
2.999906328158579577e-02
2.999906304209381050e-02
2.999906280040565837e-02
2.999906255661325197e-02
2.999906231082139635e-02
2.999906206314077034e-02
2.999906181369552116e-02
2.999906156262267809e-02
2.999906131006330190e-02
2.999906105616984703e-02
2.999906080110717466e-02
2.999906054503992392e-02
2.999906028814542866e-02
2.999906003061210413e-02
2.999905977262240508e-02
2.999905951437286528e-02
2.999905925606224585e-02
2.999905899789451214e-02
2.999905874007204737e-02
2.999905848280237999e-02
2.999905822629139740e-02
2.999905797074835581e-02
2.999905771637600971e-02
2.999905746338190488e-02
2.999905721196340080e-02
2.999905696231599389e-02
2.999905671463538176e-02
2.999905646910323853e-02
2.999905622590044729e-02
2.999905598519689298e-02
2.999905574715353018e-02
2.999905551192246292e-02
2.999905527964881469e-02
2.999905505046365078e-02
2.999905482448111602e-02
2.999905460181043204e-02
2.999905438254606843e-02
2.999905416676881126e-02
2.999905395454215140e-02
2.999905374592023305e-02
2.999905354093754944e-02
2.999905333961616627e-02
2.999905314196160688e-02
2.999905294796600258e-02
2.999905275760470641e-02
2.999905257083438845e-02
2.999905238760384313e-02
2.999905220784145066e-02
2.999905203146379512e-02
2.999905185836798313e-02
2.999905168844362036e-02
2.999905152156370075e-02
2.999905135758954705e-02
2.999905119636813930e-02
2.999905103773374895e-02
2.999905088151760824e-02
2.999905072753511828e-02
2.999905057559199006e-02
2.999905042549019102e-02
2.999905027702152310e-02
2.999905012997307330e-02
2.999904998412631849e-02
2.999904983926311025e-02
2.999904969515828496e-02
2.999904955158227277e-02
2.999904940831483319e-02
2.999904926512850928e-02
2.999904912180578059e-02
2.999904897812118165e-02
2.999904883386616400e-02
2.999904868882691950e-02
2.999904854280488475e-02
2.999904839560415398e-02
2.999904824703968076e-02
2.999904809693261509e-02
2.999904794512302242e-02
2.999904779145361883e-02
2.999904763578641401e-02
2.999904747798876059e-02
2.999904731795108304e-02
2.999904715557209778e-02
2.999904699076585968e-02
2.999904682346605372e-02
2.999904665361801531e-02
2.999904648118427095e-02
2.999904630614538131e-02
2.999904612849507018e-02
2.999904594824995968e-02
2.999904576543047791e-02
2.999904558008908984e-02
2.999904539228372136e-02
2.999904520208932640e-02
2.999904500960064169e-02
2.999904481492159797e-02
2.999904461817601981e-02
2.999904441949291858e-02
2.999904421902540447e-02
2.999904401692805866e-02
2.999904381337433618e-02
2.999904360854031490e-02
2.999904340261990571e-02
2.999904319581012113e-02
2.999904298831516936e-02
2.999904278034720706e-02
2.999904257211825215e-02
2.999904236385407194e-02
2.999904215577324507e-02
2.999904194809999147e-02
2.999904174105862825e-02
2.999904153487070735e-02
2.999904132976043136e-02
2.999904112594001596e-02
2.999904092362704749e-02
2.999904072302360739e-02
2.999904052433320645e-02
2.999904032774842327e-02
2.999904013345638942e-02
2.999903994162171628e-02
2.999903975241629064e-02
2.999903956598819893e-02
2.999903938248178747e-02
2.999903920202036736e-02
2.999903902471998118e-02
2.999903885067936593e-02
2.999903867998376938e-02
2.999903851270235844e-02
2.999903834889512677e-02
2.999903818860024524e-02
2.999903803184215956e-02
2.999903787863228422e-02
2.999903772896190396e-02
2.999903758281287358e-02
2.999903744014997820e-02
2.999903730092595006e-02
2.999903716507254167e-02
2.999903703251435155e-02
2.999903690315793708e-02
2.999903677690437739e-02
2.999903665363807745e-02
2.999903653323223590e-02
2.999903641555046185e-02
2.999903630044714956e-02
2.999903618777405648e-02
2.999903607736328914e-02
2.999903596905140191e-02
2.999903586266379485e-02
2.999903575802560785e-02
2.999903565495565250e-02
2.999903555327057547e-02
2.999903545278527484e-02
2.999903535331915894e-02
2.999903525468642848e-02
2.999903515670277604e-02
2.999903505919496866e-02
2.999903496198188038e-02
2.999903486490191132e-02
2.999903476777944847e-02
2.999903467046401151e-02
2.999903457280114413e-02
2.999903447464708633e-02
2.999903437586736582e-02
2.999903427633394612e-02
2.999903417593295304e-02
2.999903407455506432e-02
2.999903397210274686e-02
2.999903386848909448e-02
2.999903376364154717e-02
2.999903365749216622e-02
2.999903354998707111e-02
2.999903344108025005e-02
2.999903333074055434e-02
2.999903321894487745e-02
2.999903310567881773e-02
2.999903299093717446e-02
2.999903287472184543e-02
2.999903275705321365e-02
2.999903263794825511e-02
2.999903251743453458e-02
2.999903239554835982e-02
2.999903227232538286e-02
2.999903214781940441e-02
2.999903202207167968e-02
2.999903189513696694e-02
2.999903176706342212e-02
2.999903163791471650e-02
2.999903150774310689e-02
2.999903137660100971e-02
2.999903124453969297e-02
2.999903111161081326e-02
2.999903097786073627e-02
2.999903084333049863e-02
2.999903070805253619e-02
2.999903057205978441e-02
2.999903043537968661e-02
2.999903029801226362e-02
2.999903015997353387e-02
2.999903002125341514e-02
2.999902988184325117e-02
2.999902974171479719e-02
2.999902960083282791e-02
2.999902945915131069e-02
2.999902931661026922e-02
2.999902917314049150e-02
2.999902902866111859e-02
2.999902888307951973e-02
2.999902873628645592e-02
2.999902858816606149e-02
2.999902843858799628e-02
2.999902828741736471e-02
2.999902813450332217e-02
2.999902797968747800e-02
2.999902782280287894e-02
2.999902766366573451e-02
2.999902750210275970e-02
2.999902733791634524e-02
2.999902717091530724e-02
2.999902700089118052e-02
2.999902682764763254e-02
2.999902665098022267e-02
2.999902647067948652e-02
2.999902628653859996e-02
2.999902609836164330e-02
2.999902590593814949e-02
2.999902570907718447e-02
2.999902550758865027e-02
2.999902530129864436e-02
2.999902509001876189e-02
2.999902487359880354e-02
2.999902465188793860e-02
2.999902442475031739e-02
2.999902419205846202e-02
2.999902395371085301e-02
2.999902370962082010e-02
2.999902345970933276e-02
2.999902320393632929e-02
2.999902294226914484e-02
2.999902267469875886e-02
2.999902240123375127e-02
2.999902212192635462e-02
2.999902183682999143e-02
2.999902154602964582e-02
2.999902124964111058e-02
2.999902094780143580e-02
2.999902064066574045e-02
2.999902032843396876e-02
2.999902001131555737e-02
2.999901968954908626e-02
2.999901936340113040e-02
2.999901903315674648e-02
2.999901869913625119e-02
2.999901836167081018e-02
2.999901802113153632e-02
2.999901767789314722e-02
2.999901733235479928e-02
2.999901698494728680e-02
2.999901663610133815e-02
2.999901628628167533e-02
2.999901593596742203e-02
2.999901558562611051e-02
2.999901523577671106e-02
2.999901488691606929e-02
2.999901453956367939e-02
2.999901419425123408e-02
2.999901385149417524e-02
2.999901351182930956e-02
2.999901317578802448e-02
2.999901284390300502e-02
2.999901251669417554e-02
2.999901219469297553e-02
2.999901187840291888e-02
2.999901156832467108e-02
2.999901126495598674e-02
2.999901096877256867e-02
2.999901068022778339e-02
2.999901039977111161e-02
2.999901012782450402e-02
2.999900986479310180e-02
2.999900961104860417e-02
2.999900936694157097e-02
2.999900913280739018e-02
2.999900890894338992e-02
2.999900869561808459e-02
2.999900849306713982e-02
