2.999572465589067996e-02
2.999552863025725657e-02
2.999533261013056021e-02
2.999513659549505121e-02
2.999494058636511737e-02
2.999474458272922278e-02
2.999454858458899115e-02
2.999435259194650066e-02
2.999415660480635876e-02
2.999396062316176184e-02
2.999376464701124581e-02
2.999356867635788113e-02
2.999337271120828055e-02
2.999317675154746649e-02
2.999298079738706505e-02
2.999278484871641115e-02
2.999258890555043383e-02
2.999239296788124010e-02
2.999219703569833487e-02
2.999200110901926314e-02
2.999180518783299901e-02
2.999160927214570421e-02
2.999141336194629387e-02
2.999121745724710186e-02
2.999102155804286157e-02
2.999082566432970803e-02
2.999062977611604772e-02
2.999043389338871060e-02
2.999023801616306634e-02
2.999004214442835964e-02
2.998984627819129695e-02
2.998965041744364873e-02
2.998945456218868322e-02
2.998925871243061231e-02
2.998906286816318406e-02
2.998886702938757809e-02
2.998867119610784324e-02
2.998847536832097843e-02
2.998827954602406934e-02
2.998808372921960355e-02
2.998788791790999927e-02
2.998769211209265442e-02
2.998749631176485242e-02
2.998730051692424792e-02
2.998710472758238377e-02
2.998690894372688792e-02
2.998671316536635073e-02
2.998651739249921094e-02
2.998632162511779414e-02
2.998612586322942780e-02
2.998593010683006654e-02
2.998573435592124040e-02
2.998553861050272731e-02
2.998534287057303890e-02
2.998514713613601584e-02
2.998495140718553803e-02
2.998475568372494307e-02
2.998455996575682611e-02
2.998436425327564991e-02
2.998416854628664988e-02
2.998397284478384467e-02
2.998377714876753961e-02
2.998358145824770588e-02
2.998338577320414089e-02
2.998319009365710622e-02
2.998299441959549963e-02
2.998279875101963338e-02
2.998260308793334467e-02
2.998240743033819475e-02
2.998221177822390712e-02
2.998201613160297180e-02
2.998182049046444267e-02
2.998162485481339554e-02
2.998142922465462171e-02
2.998123359997961757e-02
2.998103798078244342e-02
2.998084236707845157e-02
2.998064675886557423e-02
2.998045115612903849e-02
2.998025555888035251e-02
2.998005996712426249e-02
2.997986438084639105e-02
2.997966880005622017e-02
2.997947322474940959e-02
2.997927765493096572e-02
2.997908209059444926e-02
2.997888653173813242e-02
2.997869097837266295e-02
2.997849543048509632e-02
2.997829988808820706e-02
2.997810435117377256e-02
2.997790881974490493e-02
2.997771329379550140e-02
2.997751777333257373e-02
2.997732225834945710e-02
2.997712674885064446e-02
2.997693124483743685e-02
2.997673574630307577e-02
2.997654025325217214e-02
2.997634476568271367e-02
2.997614928359698672e-02
2.997595380699398515e-02
2.997575833587165506e-02
2.997556287023181790e-02
2.997536741006970318e-02
2.997517195539465759e-02
2.997497650619777854e-02
2.997478106247875723e-02
2.997458562424673220e-02
2.997439019149517048e-02
2.997419476421932585e-02
2.997399934242771236e-02
2.997380392611156269e-02
2.997360851528002579e-02
2.997341310992975016e-02
2.997321771005242302e-02
2.997302231566109296e-02
2.997282692674872392e-02
2.997263154331270343e-02
2.997243616535732319e-02
2.997224079288157358e-02
2.997204542588076392e-02
2.997185006436098656e-02
2.997165470831532341e-02
2.997145935775534162e-02
2.997126401267056692e-02
2.997106867305993072e-02
2.997087333893053498e-02
2.997067801027980538e-02
2.997048268710511901e-02
2.997028736940985857e-02
2.997009205718179081e-02
2.996989675044522614e-02
2.996970144917560780e-02
2.996950615338686910e-02
2.996931086307175890e-02
2.996911557823108557e-02
2.996892029887213496e-02
2.996872502498469995e-02
2.996852975657312776e-02
2.996833449363672103e-02
2.996813923617619446e-02
2.996794398419350830e-02
2.996774873768795477e-02
2.996755349665035026e-02
2.996735826109230005e-02
2.996716303100565443e-02
2.996696780639559674e-02
2.996677258725818915e-02
2.996657737359676929e-02
2.996638216540726748e-02
2.996618696269170642e-02
2.996599176545438128e-02
2.996579657368001609e-02
2.996560138738827567e-02
2.996540620656830411e-02
2.996521103122010837e-02
2.996501586134018777e-02
2.996482069693775022e-02
2.996462553800827502e-02
2.996443038455067973e-02
2.996423523656087037e-02
2.996404009404829080e-02
2.996384495699735626e-02
2.996364982543364350e-02
2.996345469933283517e-02
2.996325957870156140e-02
2.996306446354776720e-02
2.996286935385584008e-02
2.996267424963936291e-02
2.996247915089457481e-02
2.996228405761585875e-02
2.996208896981311307e-02
2.996189388747705004e-02
2.996169881061211751e-02
2.996150373921776730e-02
2.996130867329081446e-02
2.996111361283455149e-02
2.996091855784871125e-02
2.996072350833230494e-02
2.996052846428205740e-02
2.996033342569928010e-02
2.996013839258713368e-02
2.995994336494288771e-02
2.995974834276820403e-02
2.995955332606345042e-02
2.995935831482176431e-02
2.995916330905128502e-02
2.995896830874258954e-02
2.995877331391155751e-02
2.995857832454363462e-02
2.995838334063914352e-02
2.995818836220595638e-02
2.995799338923477856e-02
2.995779842173109872e-02
2.995760345969445543e-02
2.995740850312677075e-02
2.995721355202889818e-02
2.995701860638723402e-02
2.995682366622050632e-02
2.995662873150856456e-02
2.995643380226755206e-02
2.995623887849637595e-02
2.995604396018633833e-02
2.995584904734110987e-02
2.995565413996235590e-02
2.995545923804018157e-02
2.995526434159280840e-02
2.995506945060609147e-02
2.995487456508014179e-02
2.995467968502216888e-02
2.995448481042584793e-02
2.995428994129761477e-02
2.995409507762893109e-02
2.995390021942545555e-02
2.995370536668307687e-02
2.995351051940203096e-02
2.995331567758454522e-02
2.995312084123331192e-02
2.995292601034310262e-02
2.995273118491513856e-02
2.995253636494616192e-02
2.995234155044426347e-02
2.995214674140252858e-02
2.995195193782052359e-02
2.995175713969738113e-02
2.995156234704161174e-02
2.995136755984419835e-02
2.995117277810723302e-02
2.995097800182799919e-02
2.995078323101148243e-02
2.995058846565861951e-02
2.995039370576588547e-02
2.995019895133241641e-02
2.995000420235585659e-02
2.994980945884252038e-02
2.994961472078876488e-02
2.994941998819389967e-02
2.994922526106045049e-02
2.994903053938247073e-02
2.994883582316745091e-02
2.994864111240422289e-02
2.994844640710690384e-02
2.994825170726149802e-02
2.994805701288090483e-02
2.994786232396114481e-02
2.994766764048394092e-02
2.994747296247736792e-02
2.994727828992748211e-02
2.994708362282984954e-02
2.994688896119572161e-02
2.994669430501491897e-02
2.994649965429357560e-02
2.994630500902640755e-02
2.994611036921833794e-02
2.994591573486646632e-02
2.994572110596417300e-02
2.994552648252584576e-02
2.994533186454181872e-02
2.994513725201674095e-02
2.994494264493994043e-02
2.994474804332112813e-02
2.994455344715713299e-02
2.994435885645873457e-02
2.994416427120473456e-02
2.994396969140287676e-02
2.994377511706368053e-02
2.994358054817334094e-02
2.994338598474072591e-02
2.994319142676487785e-02
2.994299687423308473e-02
2.994280232716371379e-02
2.994260778554679037e-02
2.994241324938241161e-02
2.994221871867299226e-02
2.994202419341502816e-02
2.994182967360966077e-02
2.994163515925912442e-02
2.994144065035914473e-02
2.994124614691193523e-02
2.994105164892020207e-02
2.994085715637276671e-02
2.994066266929071296e-02
2.994046818764466503e-02
2.994027371146290584e-02
2.994007924072638466e-02
2.993988477544391388e-02
2.993969031560952607e-02
2.993949586123170054e-02
2.993930141229941139e-02
2.993910696882143285e-02
2.993891253079270648e-02
2.993871809821451943e-02
2.993852367108764193e-02
2.993832924940357729e-02
2.993813483317354571e-02
2.993794042240052744e-02
2.993774601707109573e-02
2.993755161718951799e-02
2.993735722276096717e-02
2.993716283377864315e-02
2.993696845024785766e-02
2.993677407216296937e-02
2.993657969952838449e-02
2.993638533234418975e-02
2.993619097060382442e-02
2.993599661431288472e-02
2.993580226346782142e-02
2.993560791807569135e-02
2.993541357812722764e-02
2.993521924362910550e-02
2.993502491457510073e-02
2.993483059097104201e-02
2.993463627280950126e-02
2.993444196009600183e-02
2.993424765283430808e-02
2.993405335101460146e-02
2.993385905464212432e-02
2.993366476371672052e-02
2.993347047823703005e-02
2.993327619820041960e-02
2.993308192360988676e-02
2.993288765446806832e-02
2.993269339076647453e-02
2.993249913251545477e-02
2.993230487970674827e-02
2.993211063234446634e-02
2.993191639042653077e-02
2.993172215395361116e-02
2.993152792291586470e-02
2.993133369733489910e-02
2.993113947719412346e-02
2.993094526249182041e-02
2.993075105323855442e-02
2.993055684942553044e-02
2.993036265105947225e-02
2.993016845813882207e-02
2.992997427065405627e-02
2.992978008861077455e-02
2.992958591201747356e-02
2.992939174086432785e-02
2.992919757515113618e-02
2.992900341488502480e-02
2.992880926005303185e-02
2.992861511067121741e-02
2.992842096672612001e-02
2.992822682821925234e-02
2.992803269516063416e-02
2.992783856753656463e-02
2.992764444535775392e-02
2.992745032862318202e-02
2.992725621732528901e-02
2.992706211146452244e-02
2.992686801104881347e-02
2.992667391607973723e-02
2.992647982653526620e-02
2.992628574244100143e-02
2.992609166378036589e-02
2.992589759056449999e-02
2.992570352278626708e-02
2.992550946044822760e-02
2.992531540354880989e-02
2.992512135208157120e-02
2.992492730606455612e-02
2.992473326548067414e-02
2.992453923033283961e-02
2.992434520062446993e-02
2.992415117635675859e-02
2.992395715752498367e-02
2.992376314413325994e-02
2.992356913617517586e-02
2.992337513365597376e-02
2.992318113657354423e-02
2.992298714493042688e-02
2.992279315871677198e-02
2.992259917794866733e-02
2.992240520261471928e-02
2.992221123271474048e-02
2.992201726825298100e-02
2.992182330922683875e-02
2.992162935563719151e-02
2.992143540748519459e-02
2.992124146476732999e-02
2.992104752748039539e-02
2.992085359563406363e-02
2.992065966921829759e-02
2.992046574824380051e-02
2.992027183269771462e-02
2.992007792258703086e-02
2.991988401791511806e-02
2.991969011867129033e-02
2.991949622486402005e-02
2.991930233649432724e-02
2.991910845355592874e-02
2.991891457604636123e-02
2.991872070397673042e-02
2.991852683733963597e-02
2.991833297613583423e-02
2.991813912036344128e-02
2.991794527002418838e-02
2.991775142511333627e-02
2.991755758563834078e-02
2.991736375159632921e-02
2.991716992298911609e-02
2.991697609981517486e-02
2.991678228206476678e-02
2.991658846974998634e-02
2.991639466286350954e-02
2.991620086141103668e-02
2.991600706539006629e-02
2.991581327480363414e-02
2.991561948964452378e-02
2.991542570991320704e-02
2.991523193560919475e-02
2.991503816674705163e-02
2.991484440330842431e-02
2.991465064530264215e-02
2.991445689272202030e-02
2.991426314557947899e-02
2.991406940385533259e-02
2.991387566756557870e-02
2.991368193670826056e-02
2.991348821127136001e-02
2.991329449127184612e-02
2.991310077669317655e-02
2.991290706755192139e-02
2.991271336383333548e-02
2.991251966554433345e-02
2.991232597268323953e-02
2.991213228525090029e-02
2.991193860324448464e-02
2.991174492667019943e-02
2.991155125551922533e-02
2.991135758979265521e-02
2.991116392949806635e-02
2.991097027462533489e-02
2.991077662518113606e-02
2.991058298116871031e-02
2.991038934257430823e-02
2.991019570940935124e-02
2.991000208166995009e-02
2.990980845936434124e-02
2.990961484247560420e-02
2.990942123101406405e-02
2.990922762497754891e-02
2.990903402436669370e-02
2.990884042918065186e-02
2.990864683942019708e-02
2.990845325508287994e-02
2.990825967617516401e-02
2.990806610268982590e-02
2.990787253462409701e-02
2.990767897198757727e-02
2.990748541477088532e-02
2.990729186298060963e-02
2.990709831661302054e-02
2.990690477566985972e-02
2.990671124014860488e-02
2.990651771004922826e-02
2.990632418537325296e-02
2.990613066612048468e-02
2.990593715229563493e-02
2.990574364388823986e-02
2.990555014089884417e-02
2.990535664333479962e-02
2.990516315119725807e-02
2.990496966447614077e-02
2.990477618318120728e-02
2.990458270730636872e-02
2.990438923684975853e-02
2.990419577181676822e-02
2.990400231220220403e-02
2.990380885800991012e-02
2.990361540923704153e-02
2.990342196588673812e-02
2.990322852795949254e-02
2.990303509544321031e-02
2.990284166835813218e-02
2.990264824668458638e-02
2.990245483043307839e-02
2.990226141960273393e-02
2.990206801418914331e-02
2.990187461419737888e-02
2.990168121962270137e-02
2.990148783046752204e-02
2.990129444673289213e-02
2.990110106841114765e-02
2.990090769550670172e-02
2.990071432802661119e-02
2.990052096596538048e-02
2.990032760931863806e-02
2.990013425808942318e-02
2.989994091227895709e-02
2.989974757188531077e-02
2.989955423690777297e-02
2.989936090734580595e-02
2.989916758320422877e-02
2.989897426447947135e-02
2.989878095117100981e-02
2.989858764327307447e-02
2.989839434079546304e-02
2.989820104373863349e-02
2.989800775209414813e-02
2.989781446586041794e-02
2.989762118505060254e-02
2.989742790964621325e-02
2.989723463966536404e-02
2.989704137509762577e-02
2.989684811594016389e-02
2.989665486220389329e-02
2.989646161388198956e-02
2.989626837097193734e-02
2.989607513347393442e-02
2.989588190139292126e-02
2.989568867472973401e-02
2.989549545346977671e-02
2.989530223763114600e-02
2.989510902720492191e-02
2.989491582218497742e-02
2.989472262258846894e-02
2.989452942839975272e-02
2.989433623962643033e-02
2.989414305626255861e-02
2.989394987831065290e-02
2.989375670577377325e-02
2.989356353864892207e-02
2.989337037693412871e-02
2.989317722063508306e-02
2.989298406974262579e-02
2.989279092426209983e-02
2.989259778419132638e-02
2.989240464953450346e-02
2.989221152028938636e-02
2.989201839645472258e-02
2.989182527803151135e-02
2.989163216501619993e-02
2.989143905741532131e-02
2.989124595522092698e-02
2.989105285843204549e-02
2.989085976706213135e-02
2.989066668109723046e-02
2.989047360053959101e-02
2.989028052539887542e-02
2.989008745565967240e-02
2.988989439133492645e-02
2.988970133241138777e-02
2.988950827890508172e-02
2.988931523080228317e-02
2.988912218811193983e-02
2.988892915082397642e-02
2.988873611894600144e-02
2.988854309247562097e-02
2.988835007141799407e-02
2.988815705576215731e-02
2.988796404551353689e-02
2.988777104067631696e-02
2.988757804124328107e-02
2.988738504721580660e-02
2.988719205859801178e-02
2.988699907538577144e-02
2.988680609757638981e-02
2.988661312518378632e-02
2.988642015818778266e-02
2.988622719659810717e-02
2.988603424041601925e-02
2.988584128963845538e-02
2.988564834426295225e-02
2.988545540430373459e-02
2.988526246973857020e-02
2.988506954058358159e-02
2.988487661683010208e-02
2.988468369848295073e-02
2.988449078554274510e-02
2.988429787799884441e-02
2.988410497587019529e-02
2.988391207913857275e-02
2.988371918781097814e-02
2.988352630188797696e-02
2.988333342136929513e-02
2.988314054624935032e-02
2.988294767653689940e-02
2.988275481222971153e-02
2.988256195331398177e-02
2.988236909981777448e-02
2.988217625171225855e-02
2.988198340901008707e-02
2.988179057171268596e-02
2.988159773981966319e-02
2.988140491331737689e-02
2.988121209223291649e-02
2.988101927653647946e-02
2.988082646624728653e-02
2.988063366135669183e-02
2.988044086186554885e-02
2.988024806778409245e-02
2.988005527909419826e-02
2.987986249580761033e-02
2.987966971792529319e-02
2.987947694543751156e-02
2.987928417834937594e-02
2.987909141666991036e-02
2.987889866037780201e-02
2.987870590949079364e-02
2.987851316400283799e-02
2.987832042391292894e-02
2.987812768922478227e-02
2.987793495993352338e-02
2.987774223604337809e-02
2.987754951754792790e-02
2.987735680445648134e-02
2.987716409676043419e-02
2.987697139445572372e-02
2.987677869755485729e-02
2.987658600605462220e-02
2.987639331994831893e-02
2.987620063923834141e-02
2.987600796392645558e-02
2.987581529401484720e-02
2.987562262949641084e-02
2.987542997038009421e-02
2.987523731664745372e-02
2.987504466832842723e-02
2.987485202539297280e-02
2.987465938785690070e-02
2.987446675571983276e-02
2.987427412897716156e-02
2.987408150762673603e-02
2.987388889167685510e-02
2.987369628111647898e-02
2.987350367595385456e-02
2.987331107618507869e-02
2.987311848181527230e-02
2.987292589283732647e-02
2.987273330924933301e-02
2.987254073106446542e-02
2.987234815827089635e-02
2.987215559086585717e-02
2.987196302885683843e-02
2.987177047224589752e-02
2.987157792102579021e-02
2.987138537519505935e-02
2.987119283476182691e-02
2.987100029972249160e-02
2.987080777007516952e-02
2.987061524581217237e-02
2.987042272695399417e-02
2.987023021348358953e-02
2.987003770540214154e-02
2.986984520271873320e-02
2.986965270542037143e-02
2.986946021351826949e-02
2.986926772700871854e-02
2.986907524588544235e-02
2.986888277015466164e-02
2.986869029981968626e-02
2.986849783487156157e-02
2.986830537531371885e-02
2.986811292114647728e-02
2.986792047237310510e-02
2.986772802898651769e-02
2.986753559099031285e-02
2.986734315838730086e-02
2.986715073116551905e-02
2.986695830933713824e-02
2.986676589290689771e-02
2.986657348185565650e-02
2.986638107619377092e-02
2.986618867592937682e-02
2.986599628104755211e-02
2.986580389155173501e-02
2.986561150744586335e-02
2.986541912873258084e-02
2.986522675540462940e-02
2.986503438746134984e-02
2.986484202491043391e-02
2.986464966774823523e-02
2.986445731597120457e-02
2.986426496957707288e-02
2.986407262857750100e-02
2.986388029296013769e-02
2.986368796272635337e-02
2.986349563788980033e-02
2.986330331843070618e-02
2.986311100436210217e-02
2.986291869567503365e-02
2.986272639238134533e-02
2.986253409446461976e-02
2.986234180193875209e-02
2.986214951480019308e-02
2.986195723304210445e-02
2.986176495667298286e-02
2.986157268568537596e-02
2.986138042008171928e-02
2.986118815987121033e-02
2.986099590503830947e-02
2.986080365558611838e-02
2.986061141152640194e-02
2.986041917284827305e-02
2.986022693955028839e-02
2.986003471163625050e-02
2.985984248911053782e-02
2.985965027196385568e-02
2.985945806020330259e-02
2.985926585382484358e-02
2.985907365282824966e-02
2.985888145721818376e-02
2.985868926698854661e-02
2.985849708213808226e-02
2.985830490267230367e-02
2.985811272858764770e-02
2.985792055988607113e-02
2.985772839656885766e-02
2.985753623862687223e-02
2.985734408606775109e-02
2.985715193888991911e-02
2.985695979709703310e-02
2.985676766068147067e-02
2.985657552964832151e-02
2.985638340399579191e-02
2.985619128372520373e-02
2.985599916883177607e-02
2.985580705931966533e-02
2.985561495519003725e-02
2.985542285643074528e-02
2.985523076306394533e-02
2.985503867506968459e-02
2.985484659245603994e-02
2.985465451521875438e-02
2.985446244336297655e-02
2.985427037688461946e-02
2.985407831578650376e-02
2.985388626006129156e-02
2.985369420972382865e-02
2.985350216476142723e-02
2.985331012517760535e-02
2.985311809096734270e-02
2.985292606214024966e-02
2.985273403868394723e-02
2.985254202060915948e-02
2.985235000791152185e-02
2.985215800058992064e-02
2.985196599864747835e-02
2.985177400207802978e-02
2.985158201088762911e-02
2.985139002507249811e-02
2.985119804463435417e-02
2.985100606957037661e-02
2.985081409988509654e-02
2.985062213557641841e-02
2.985043017663643536e-02
2.985023822307830005e-02
2.985004627489598258e-02
2.984985433208077119e-02
2.984966239464811877e-02
2.984947046258752332e-02
2.984927853590134753e-02
2.984908661459476434e-02
2.984889469865141878e-02
2.984870278808942484e-02
2.984851088289810356e-02
2.984831898308527853e-02
2.984812708864052408e-02
2.984793519957473079e-02
2.984774331588493576e-02
2.984755143755627241e-02
2.984735956461183684e-02
2.984716769703357406e-02
2.984697583483255506e-02
2.984678397799830213e-02
2.984659212654490815e-02
2.984640028045534160e-02
2.984620843973685711e-02
2.984601660439842666e-02
2.984582477442547510e-02
2.984563294982264109e-02
2.984544113059863987e-02
2.984524931673998224e-02
2.984505750825282647e-02
2.984486570513953177e-02
2.984467390739126147e-02
2.984448211501551651e-02
2.984429032801860088e-02
2.984409854637590231e-02
2.984390677011740378e-02
2.984371499922127552e-02
2.984352323370092347e-02
2.984333147354323312e-02
2.984313971875632299e-02
2.984294796934715277e-02
2.984275622529394476e-02
2.984256448661919137e-02
2.984237275331192221e-02
2.984218102536742231e-02
2.984198930279731432e-02
2.984179758559341034e-02
2.984160587375541546e-02
2.984141416728619198e-02
2.984122246618524377e-02
2.984103077045190469e-02
2.984083908008761110e-02
2.984064739509051031e-02
2.984045571546128234e-02
2.984026404119198561e-02
2.984007237229592546e-02
2.983988070876393214e-02
2.983968905060435661e-02
2.983949739780514948e-02
2.983930575036775404e-02
2.983911410830455968e-02
2.983892247160443989e-02
2.983873084027032982e-02
2.983853921430095965e-02
2.983834759369527467e-02
2.983815597845848253e-02
2.983796436858654130e-02
2.983777276408009285e-02
2.983758116493497384e-02
2.983738957115343246e-02
2.983719798273716875e-02
2.983700639968718885e-02
2.983681482199932594e-02
2.983662324967820481e-02
2.983643168271852761e-02
2.983624012112335785e-02
2.983604856488957652e-02
2.983585701401889750e-02
2.983566546851567497e-02
2.983547392836837300e-02
2.983528239358721607e-02
2.983509086417272110e-02
2.983489934011760575e-02
2.983470782142120387e-02
2.983451630809378502e-02
2.983432480012228327e-02
2.983413329750963031e-02
2.983394180026809062e-02
2.983375030837722569e-02
2.983355882185804303e-02
2.983336734069766058e-02
2.983317586489468709e-02
2.983298439445003503e-02
2.983279292937175350e-02
2.983260146965220974e-02
2.983241001529429379e-02
2.983221856629331842e-02
2.983202712265387718e-02
2.983183568437495353e-02
2.983164425145535745e-02
2.983145282389894001e-02
2.983126140169736762e-02
2.983106998485160130e-02
2.983087857337440169e-02
2.983068716724455657e-02
2.983049576648142201e-02
2.983030437107180022e-02
2.983011298102718895e-02
2.982992159634041338e-02
2.982973021700180763e-02
2.982953884302847955e-02
2.982934747441269574e-02
2.982915611115342924e-02
2.982896475324772756e-02
2.982877340070253999e-02
2.982858205351792552e-02
2.982839071168765996e-02
2.982819937521498724e-02
2.982800804409970266e-02
2.982781671833742085e-02
2.982762539793269024e-02
2.982743408288283590e-02
2.982724277318805906e-02
2.982705146885412245e-02
2.982686016987029162e-02
2.982666887624514651e-02
2.982647758797732016e-02
2.982628630506154940e-02
2.982609502749882652e-02
2.982590375529281176e-02
2.982571248844490680e-02
2.982552122694310734e-02
2.982532997080121484e-02
2.982513872001340757e-02
2.982494747458715526e-02
2.982475623449997587e-02
2.982456499976953238e-02
2.982437377039649437e-02
2.982418254638110125e-02
2.982399132771590758e-02
2.982380011439703452e-02
2.982360890643889761e-02
2.982341770383192467e-02
2.982322650657368360e-02
2.982303531466753976e-02
2.982284412811958205e-02
2.982265294691777840e-02
2.982246177107118409e-02
2.982227060057721785e-02
2.982207943543444331e-02
2.982188827564461256e-02
2.982169712119755317e-02
2.982150597210729212e-02
2.982131482836890626e-02
2.982112368998023413e-02
2.982093255694235126e-02
2.982074142925408497e-02
2.982055030691909206e-02
2.982035918993151610e-02
2.982016807829113852e-02
2.981997697200148775e-02
2.981978587106709835e-02
2.981959477548093429e-02
2.981940368523717036e-02
2.981921260034865392e-02
2.981902152080697851e-02
2.981883044661592583e-02
2.981863937777012516e-02
2.981844831427683459e-02
2.981825725613080139e-02
2.981806620333063776e-02
2.981787515588070481e-02
2.981768411377621816e-02
2.981749307702215995e-02
2.981730204561156353e-02
2.981711101955351537e-02
2.981691999883790203e-02
2.981672898347428186e-02
2.981653797345279813e-02
2.981634696877965424e-02
2.981615596945405566e-02
2.981596497547528424e-02
2.981577398684287505e-02
2.981558300355371949e-02
2.981539202561379887e-02
2.981520105301910598e-02
2.981501008577366538e-02
2.981481912386220803e-02
2.981462816730107157e-02
2.981443721609172703e-02
2.981424627021414531e-02
2.981405532969794853e-02
2.981386439451027756e-02
2.981367346468017515e-02
2.981348254019009283e-02
2.981329162103767139e-02
2.981310070724096234e-02
2.981290979877887146e-02
2.981271889566532163e-02
2.981252799788931124e-02
2.981233710546240742e-02
2.981214621837386877e-02
2.981195533663139399e-02
2.981176446023120832e-02
2.981157358916937741e-02
2.981138272345817269e-02
2.981119186308292188e-02
2.981100100805363778e-02
2.981081015836664280e-02
2.981061931402245041e-02
2.981042847501083962e-02
2.981023764135182219e-02
2.981004681302907092e-02
2.980985599004680464e-02
2.980966517241023794e-02
2.980947436011264357e-02
2.980928355314956327e-02
2.980909275153485402e-02
2.980890195525848912e-02
2.980871116432172452e-02
2.980852037872171872e-02
2.980832959846939009e-02
2.980813882354891101e-02
2.980794805396885447e-02
2.980775728973313055e-02
2.980756653083498769e-02
2.980737577727462020e-02
2.980718502905594855e-02
2.980699428617410857e-02
2.980680354863370421e-02
2.980661281642726229e-02
2.980642208955744041e-02
2.980623136803043152e-02
2.980604065183789855e-02
2.980584994098870594e-02
2.980565923547317739e-02
2.980546853529555604e-02
2.980527784045451656e-02
2.980508715095472883e-02
2.980489646678549653e-02
2.980470578795868866e-02
2.980451511446365401e-02
2.980432444631078009e-02
2.980413378349345069e-02
2.980394312600617018e-02
2.980375247386079715e-02
2.980356182705117332e-02
2.980337118557431497e-02
2.980318054943434380e-02
2.980298991863260250e-02
