time H
0.000000000000000000e+00 2.999935739956989533e-02
1.000000000000000021e-02 2.999935660191271544e-02
2.000000000000000042e-02 2.999935584775191913e-02
2.999999999999999889e-02 2.999935513010173679e-02
4.000000000000000083e-02 2.999935445165483744e-02
5.000000000000000278e-02 2.999935380476819596e-02
5.999999999999999778e-02 2.999935319554259197e-02
7.000000000000000666e-02 2.999935261830042471e-02
8.000000000000000167e-02 2.999935206965241921e-02
8.999999999999999667e-02 2.999935154893143552e-02
1.000000000000000056e-01 2.999935105468756746e-02
1.100000000000000006e-01 2.999935058257658521e-02
1.199999999999999956e-01 2.999935013028094330e-02
1.300000000000000044e-01 2.999934969825471601e-02
1.400000000000000133e-01 2.999934928166714254e-02
1.499999999999999944e-01 2.999934887881270176e-02
1.600000000000000033e-01 2.999934848859205083e-02
1.700000000000000122e-01 2.999934810561714210e-02
1.799999999999999933e-01 2.999934772896372531e-02
1.900000000000000022e-01 2.999934735653014134e-02
2.000000000000000111e-01 2.999934698661894245e-02
2.099999999999999922e-01 2.999934661527756119e-02
2.200000000000000011e-01 2.999934624472160027e-02
2.300000000000000100e-01 2.999934586884573859e-02
2.399999999999999911e-01 2.999934548563628484e-02
2.500000000000000000e-01 2.999934509797168303e-02
2.600000000000000089e-01 2.999934470352102339e-02
2.700000000000000178e-01 2.999934430013004999e-02
2.800000000000000266e-01 2.999934388701723173e-02
2.899999999999999800e-01 2.999934346312866512e-02
2.999999999999999889e-01 2.999934302901621427e-02
3.099999999999999978e-01 2.999934257938163817e-02
3.200000000000000067e-01 2.999934212147633422e-02
3.300000000000000155e-01 2.999934165169252862e-02
3.400000000000000244e-01 2.999934116903658562e-02
3.500000000000000333e-01 2.999934067398979387e-02
3.599999999999999867e-01 2.999934016731784642e-02
3.699999999999999956e-01 2.999933964705578729e-02
3.800000000000000044e-01 2.999933911648967194e-02
3.900000000000000133e-01 2.999933857629135878e-02
4.000000000000000222e-01 2.999933802692606594e-02
4.100000000000000311e-01 2.999933746867536333e-02
4.199999999999999845e-01 2.999933690432356539e-02
4.299999999999999933e-01 2.999933633148554879e-02
4.400000000000000022e-01 2.999933575352281903e-02
4.500000000000000111e-01 2.999933517026677487e-02
4.600000000000000200e-01 2.999933458240016879e-02
4.700000000000000289e-01 2.999933399312257332e-02
4.799999999999999822e-01 2.999933340281651234e-02
4.899999999999999911e-01 2.999933281273616317e-02
5.000000000000000000e-01 2.999933221982337486e-02
5.100000000000000089e-01 2.999933163190143109e-02
5.200000000000000178e-01 2.999933104300232453e-02
5.300000000000000266e-01 2.999933045937597936e-02
5.400000000000000355e-01 2.999932988106249546e-02
5.500000000000000444e-01 2.999932930811973625e-02
5.600000000000000533e-01 2.999932873981110346e-02
5.700000000000000622e-01 2.999932817856694120e-02
5.799999999999999600e-01 2.999932762452042767e-02
5.899999999999999689e-01 2.999932707845943958e-02
5.999999999999999778e-01 2.999932654271286747e-02
6.099999999999999867e-01 2.999932601468593280e-02
6.199999999999999956e-01 2.999932549894718248e-02
6.300000000000000044e-01 2.999932499004473105e-02
6.400000000000000133e-01 2.999932449494906866e-02
6.500000000000000222e-01 2.999932400671693339e-02
6.600000000000000311e-01 2.999932353058761686e-02
6.700000000000000400e-01 2.999932306708985585e-02
6.800000000000000488e-01 2.999932261335193362e-02
6.900000000000000577e-01 2.999932216939646401e-02
7.000000000000000666e-01 2.999932173760360213e-02
7.099999999999999645e-01 2.999932131616936046e-02
7.199999999999999734e-01 2.999932090418203079e-02
7.299999999999999822e-01 2.999932050468361727e-02
7.399999999999999911e-01 2.999932011628930403e-02
7.500000000000000000e-01 2.999931973928846030e-02
7.600000000000000089e-01 2.999931936952874439e-02
7.700000000000000178e-01 2.999931901315568833e-02
7.800000000000000266e-01 2.999931866493106558e-02
7.900000000000000355e-01 2.999931832552227284e-02
8.000000000000000444e-01 2.999931799521828382e-02
8.100000000000000533e-01 2.999931767361191728e-02
8.200000000000000622e-01 2.999931736064903945e-02
8.300000000000000711e-01 2.999931705596135811e-02
8.399999999999999689e-01 2.999931675852473070e-02
8.499999999999999778e-01 2.999931646840480956e-02
8.599999999999999867e-01 2.999931618552094392e-02
8.699999999999999956e-01 2.999931590855074715e-02
8.800000000000000044e-01 2.999931563632565398e-02
8.900000000000000133e-01 2.999931536962618245e-02
9.000000000000000222e-01 2.999931510650721139e-02
9.100000000000000311e-01 2.999931484865444448e-02
9.200000000000000400e-01 2.999931459273498871e-02
9.300000000000000488e-01 2.999931434095637339e-02
9.400000000000000577e-01 2.999931409109880820e-02
9.500000000000000666e-01 2.999931384318269348e-02
9.599999999999999645e-01 2.999931359843852757e-02
9.699999999999999734e-01 2.999931335186523801e-02
9.799999999999999822e-01 2.999931310768706033e-02
9.899999999999999911e-01 2.999931286314217252e-02
1.000000000000000000e+00 2.999931261752914607e-02
1.010000000000000009e+00 2.999931237063226466e-02
1.020000000000000018e+00 2.999931212134842803e-02
1.030000000000000027e+00 2.999931186968358282e-02
1.040000000000000036e+00 2.999931161415476250e-02
1.050000000000000044e+00 2.999931135818990555e-02
1.060000000000000053e+00 2.999931109947780172e-02
1.070000000000000062e+00 2.999931083798651477e-02
1.080000000000000071e+00 2.999931056881968705e-02
1.090000000000000080e+00 2.999931029769346835e-02
1.100000000000000089e+00 2.999931002213714060e-02
1.110000000000000098e+00 2.999930973983948659e-02
1.120000000000000107e+00 2.999930945815661512e-02
1.130000000000000115e+00 2.999930916817224180e-02
1.140000000000000124e+00 2.999930887500205576e-02
1.150000000000000133e+00 2.999930857570214451e-02
1.159999999999999920e+00 2.999930827274171347e-02
1.169999999999999929e+00 2.999930796946861933e-02
1.179999999999999938e+00 2.999930765846089975e-02
1.189999999999999947e+00 2.999930734560196655e-02
1.199999999999999956e+00 2.999930702941619801e-02
1.209999999999999964e+00 2.999930671648041308e-02
1.219999999999999973e+00 2.999930639826247497e-02
1.229999999999999982e+00 2.999930607900175988e-02
1.239999999999999991e+00 2.999930575681707470e-02
1.250000000000000000e+00 2.999930543615641002e-02
1.260000000000000009e+00 2.999930511659007482e-02
1.270000000000000018e+00 2.999930479599059382e-02
1.280000000000000027e+00 2.999930448175984130e-02
1.290000000000000036e+00 2.999930416745510281e-02
1.300000000000000044e+00 2.999930385685913026e-02
1.310000000000000053e+00 2.999930354881584493e-02
1.320000000000000062e+00 2.999930325165689471e-02
1.330000000000000071e+00 2.999930296005850344e-02
1.340000000000000080e+00 2.999930267540540027e-02
1.350000000000000089e+00 2.999930239789813657e-02
1.360000000000000098e+00 2.999930213026500564e-02
1.370000000000000107e+00 2.999930187122088615e-02
1.380000000000000115e+00 2.999930162280724927e-02
1.390000000000000124e+00 2.999930138505476837e-02
1.400000000000000133e+00 2.999930115856739785e-02
1.409999999999999920e+00 2.999930094415866749e-02
1.419999999999999929e+00 2.999930074185791495e-02
1.429999999999999938e+00 2.999930055244861074e-02
1.439999999999999947e+00 2.999930037768371721e-02
1.449999999999999956e+00 2.999930021462943533e-02
1.459999999999999964e+00 2.999930006451241582e-02
1.469999999999999973e+00 2.999929992860078665e-02
1.479999999999999982e+00 2.999929980645089922e-02
1.489999999999999991e+00 2.999929969637203653e-02
1.500000000000000000e+00 2.999929960133080470e-02
1.510000000000000009e+00 2.999929952508603725e-02
1.520000000000000018e+00 2.999929946044322532e-02
1.530000000000000027e+00 2.999929940616760660e-02
1.540000000000000036e+00 2.999929936405436315e-02
1.550000000000000044e+00 2.999929933140735999e-02
1.560000000000000053e+00 2.999929931478346329e-02
1.570000000000000062e+00 2.999929930763105962e-02
1.580000000000000071e+00 2.999929930785338178e-02
1.590000000000000080e+00 2.999929932783687928e-02
1.600000000000000089e+00 2.999929934613761173e-02
1.610000000000000098e+00 2.999929937286593268e-02
1.620000000000000107e+00 2.999929941745663881e-02
1.630000000000000115e+00 2.999929946481979734e-02
1.640000000000000124e+00 2.999929952615602163e-02
1.650000000000000133e+00 2.999929958485667361e-02
1.660000000000000142e+00 2.999929965886893174e-02
1.669999999999999929e+00 2.999929972814261575e-02
1.679999999999999938e+00 2.999929980560033654e-02
1.689999999999999947e+00 2.999929988557531457e-02
1.699999999999999956e+00 2.999929996957123937e-02
1.709999999999999964e+00 2.999930005937000502e-02
1.719999999999999973e+00 2.999930014989377752e-02
1.729999999999999982e+00 2.999930024049467930e-02
1.739999999999999991e+00 2.999930032449919098e-02
1.750000000000000000e+00 2.999930040794034775e-02
1.760000000000000009e+00 2.999930049572151203e-02
1.770000000000000018e+00 2.999930058871695671e-02
1.780000000000000027e+00 2.999930067857953242e-02
1.790000000000000036e+00 2.999930076435988399e-02
1.800000000000000044e+00 2.999930084590856152e-02
1.810000000000000053e+00 2.999930091839396462e-02
1.820000000000000062e+00 2.999930098735953052e-02
1.830000000000000071e+00 2.999930105635194993e-02
1.840000000000000080e+00 2.999930111568376717e-02
1.850000000000000089e+00 2.999930117136868912e-02
1.860000000000000098e+00 2.999930122087587220e-02
1.870000000000000107e+00 2.999930126544957110e-02
1.880000000000000115e+00 2.999930130427473640e-02
1.890000000000000124e+00 2.999930133641241087e-02
1.900000000000000133e+00 2.999930135972456863e-02
1.910000000000000142e+00 2.999930137644382655e-02
1.919999999999999929e+00 2.999930138518443201e-02
1.929999999999999938e+00 2.999930138578910804e-02
1.939999999999999947e+00 2.999930137850404660e-02
1.949999999999999956e+00 2.999930136175910783e-02
1.959999999999999964e+00 2.999930133625379469e-02
1.969999999999999973e+00 2.999930130142233753e-02
1.979999999999999982e+00 2.999930125667432668e-02
1.989999999999999991e+00 2.999930120267318284e-02
2.000000000000000000e+00 2.999930114111061530e-02
2.010000000000000231e+00 2.999930106893389931e-02
2.020000000000000018e+00 2.999930098635935488e-02
2.030000000000000249e+00 2.999930089550986029e-02
2.040000000000000036e+00 2.999930079353522322e-02
2.049999999999999822e+00 2.999930068280023954e-02
2.060000000000000053e+00 2.999930056194809874e-02
2.069999999999999840e+00 2.999930042803517632e-02
2.080000000000000071e+00 2.999930028547545535e-02
2.089999999999999858e+00 2.999930013597326695e-02
2.100000000000000089e+00 2.999929997691526060e-02
2.109999999999999876e+00 2.999929980773198210e-02
2.120000000000000107e+00 2.999929962989358878e-02
2.129999999999999893e+00 2.999929944776210874e-02
2.140000000000000124e+00 2.999929924997985636e-02
2.149999999999999911e+00 2.999929904727250893e-02
2.160000000000000142e+00 2.999929884149279274e-02
2.169999999999999929e+00 2.999929862565032385e-02
2.180000000000000160e+00 2.999929840581206514e-02
2.189999999999999947e+00 2.999929818337849358e-02
2.200000000000000178e+00 2.999929795510869815e-02
2.209999999999999964e+00 2.999929772217330495e-02
2.220000000000000195e+00 2.999929748859223727e-02
2.229999999999999982e+00 2.999929724878339435e-02
2.240000000000000213e+00 2.999929701308596403e-02
2.250000000000000000e+00 2.999929677665576569e-02
2.260000000000000231e+00 2.999929653799583359e-02
2.270000000000000018e+00 2.999929630348485698e-02
2.280000000000000249e+00 2.999929606846560987e-02
2.290000000000000036e+00 2.999929583779731984e-02
2.300000000000000266e+00 2.999929560964495132e-02
2.310000000000000053e+00 2.999929538610093122e-02
2.319999999999999840e+00 2.999929517001896639e-02
2.330000000000000071e+00 2.999929495650566560e-02
2.339999999999999858e+00 2.999929475039635890e-02
2.350000000000000089e+00 2.999929455182441529e-02
2.359999999999999876e+00 2.999929435872183969e-02
2.370000000000000107e+00 2.999929417519912878e-02
2.379999999999999893e+00 2.999929399997565763e-02
2.390000000000000124e+00 2.999929383258928550e-02
2.399999999999999911e+00 2.999929367606462421e-02
2.410000000000000142e+00 2.999929352620672729e-02
2.419999999999999929e+00 2.999929338775583071e-02
2.430000000000000160e+00 2.999929325860452994e-02
2.439999999999999947e+00 2.999929313861360303e-02
2.450000000000000178e+00 2.999929302861717786e-02
2.459999999999999964e+00 2.999929292863943997e-02
2.470000000000000195e+00 2.999929283837874175e-02
2.479999999999999982e+00 2.999929275738649065e-02
2.490000000000000213e+00 2.999929268415533687e-02
2.500000000000000000e+00 2.999929261821152396e-02
2.510000000000000231e+00 2.999929256202320954e-02
2.520000000000000018e+00 2.999929251234776523e-02
2.530000000000000249e+00 2.999929246981974940e-02
2.540000000000000036e+00 2.999929243531650191e-02
2.550000000000000266e+00 2.999929240530121999e-02
2.560000000000000053e+00 2.999929237959617079e-02
2.569999999999999840e+00 2.999929236155426601e-02
2.580000000000000071e+00 2.999929234558325331e-02
2.589999999999999858e+00 2.999929233506402199e-02
2.600000000000000089e+00 2.999929232497769091e-02
2.609999999999999876e+00 2.999929232088005895e-02
2.620000000000000107e+00 2.999929231796028689e-02
2.629999999999999893e+00 2.999929231598665036e-02
2.640000000000000124e+00 2.999929231317462197e-02
2.649999999999999911e+00 2.999929231220781548e-02
2.660000000000000142e+00 2.999929231168478247e-02
2.669999999999999929e+00 2.999929230749365239e-02
2.680000000000000160e+00 2.999929230227591642e-02
2.689999999999999947e+00 2.999929229574246556e-02
2.700000000000000178e+00 2.999929228644106910e-02
2.709999999999999964e+00 2.999929227864999576e-02
2.720000000000000195e+00 2.999929227283368305e-02
2.729999999999999982e+00 2.999929225937703406e-02
2.740000000000000213e+00 2.999929224732869257e-02
2.750000000000000000e+00 2.999929223628471781e-02
2.760000000000000231e+00 2.999929221742640706e-02
2.770000000000000018e+00 2.999929219800853003e-02
2.780000000000000249e+00 2.999929217664365141e-02
2.790000000000000036e+00 2.999929215572406244e-02
2.800000000000000266e+00 2.999929213544092615e-02
2.810000000000000053e+00 2.999929210896225620e-02
2.819999999999999840e+00 2.999929208116898852e-02
2.830000000000000071e+00 2.999929205151723177e-02
2.839999999999999858e+00 2.999929202240291318e-02
2.850000000000000089e+00 2.999929199520758732e-02
2.859999999999999876e+00 2.999929196892794914e-02
2.870000000000000107e+00 2.999929194237721530e-02
2.879999999999999893e+00 2.999929191614338422e-02
2.890000000000000124e+00 2.999929189126990942e-02
2.899999999999999911e+00 2.999929187085228002e-02
2.910000000000000142e+00 2.999929185244150365e-02
2.919999999999999929e+00 2.999929183639822583e-02
2.930000000000000160e+00 2.999929182357592705e-02
2.939999999999999947e+00 2.999929181439237730e-02
2.950000000000000178e+00 2.999929180758393807e-02
2.959999999999999964e+00 2.999929180573263077e-02
2.970000000000000195e+00 2.999929180436179676e-02
2.979999999999999982e+00 2.999929180719574512e-02
2.990000000000000213e+00 2.999929181455482027e-02
3.000000000000000000e+00 2.999929182488648982e-02
3.010000000000000231e+00 2.999929183856346951e-02
3.020000000000000018e+00 2.999929185839182721e-02
3.030000000000000249e+00 2.999929188210261749e-02
3.040000000000000036e+00 2.999929190617726601e-02
3.050000000000000266e+00 2.999929193583014686e-02
3.060000000000000053e+00 2.999929197248536392e-02
3.070000000000000284e+00 2.999929201546939345e-02
3.080000000000000071e+00 2.999929205547173516e-02
3.089999999999999858e+00 2.999929209852627773e-02
3.100000000000000089e+00 2.999929214656832724e-02
3.109999999999999876e+00 2.999929220114162798e-02
3.120000000000000107e+00 2.999929225516930267e-02
3.129999999999999893e+00 2.999929231079360298e-02
3.140000000000000124e+00 2.999929237482051175e-02
3.149999999999999911e+00 2.999929243698483405e-02
3.160000000000000142e+00 2.999929249722628824e-02
3.169999999999999929e+00 2.999929256587127030e-02
3.180000000000000160e+00 2.999929263591435274e-02
3.189999999999999947e+00 2.999929270133773473e-02
3.200000000000000178e+00 2.999929277275620310e-02
3.209999999999999964e+00 2.999929284413686836e-02
3.220000000000000195e+00 2.999929291343487320e-02
3.229999999999999982e+00 2.999929298538933642e-02
3.240000000000000213e+00 2.999929305835883145e-02
3.250000000000000000e+00 2.999929312962263880e-02
3.260000000000000231e+00 2.999929320150301545e-02
3.270000000000000018e+00 2.999929326742417635e-02
3.280000000000000249e+00 2.999929333957829930e-02
3.290000000000000036e+00 2.999929340826319735e-02
3.300000000000000266e+00 2.999929347755646986e-02
3.310000000000000053e+00 2.999929354447844476e-02
3.320000000000000284e+00 2.999929361252468007e-02
3.330000000000000071e+00 2.999929367882835096e-02
3.339999999999999858e+00 2.999929374236041252e-02
3.350000000000000089e+00 2.999929380643775317e-02
3.359999999999999876e+00 2.999929387202461897e-02
3.370000000000000107e+00 2.999929393551918622e-02
3.379999999999999893e+00 2.999929399798433385e-02
3.390000000000000124e+00 2.999929405797308740e-02
3.399999999999999911e+00 2.999929411896413295e-02
3.410000000000000142e+00 2.999929417940820978e-02
3.419999999999999929e+00 2.999929424035902015e-02
3.430000000000000160e+00 2.999929429940429923e-02
3.439999999999999947e+00 2.999929435837395825e-02
3.450000000000000178e+00 2.999929441588828488e-02
3.459999999999999964e+00 2.999929447286827158e-02
3.470000000000000195e+00 2.999929452900180690e-02
3.479999999999999982e+00 2.999929458575005536e-02
3.490000000000000213e+00 2.999929464041072719e-02
3.500000000000000000e+00 2.999929469810591609e-02
3.510000000000000231e+00 2.999929475312071089e-02
3.520000000000000018e+00 2.999929480571975754e-02
3.530000000000000249e+00 2.999929486006901180e-02
3.540000000000000036e+00 2.999929491351907562e-02
3.550000000000000266e+00 2.999929496532062478e-02
3.560000000000000053e+00 2.999929501501552576e-02
3.570000000000000284e+00 2.999929506642436822e-02
3.580000000000000071e+00 2.999929511798993600e-02
3.589999999999999858e+00 2.999929516927626189e-02
3.600000000000000089e+00 2.999929522015658961e-02
3.609999999999999876e+00 2.999929527209558092e-02
3.620000000000000107e+00 2.999929532265005819e-02
3.629999999999999893e+00 2.999929537137487057e-02
3.640000000000000124e+00 2.999929542602244870e-02
3.649999999999999911e+00 2.999929547443715844e-02
3.660000000000000142e+00 2.999929552583229658e-02
3.669999999999999929e+00 2.999929557774919098e-02
3.680000000000000160e+00 2.999929563006124497e-02
3.689999999999999947e+00 2.999929568051335968e-02
3.700000000000000178e+00 2.999929572938237268e-02
3.709999999999999964e+00 2.999929578376968678e-02
3.720000000000000195e+00 2.999929583322884230e-02
3.729999999999999982e+00 2.999929588000068564e-02
3.740000000000000213e+00 2.999929593144721324e-02
3.750000000000000000e+00 2.999929598161018771e-02
3.760000000000000231e+00 2.999929603048761065e-02
3.770000000000000018e+00 2.999929608087038152e-02
3.780000000000000249e+00 2.999929613544512555e-02
3.790000000000000036e+00 2.999929618792389341e-02
3.800000000000000266e+00 2.999929624229695155e-02
3.810000000000000053e+00 2.999929629680362156e-02
3.820000000000000284e+00 2.999929635209904258e-02
3.830000000000000071e+00 2.999929640460940322e-02
3.839999999999999858e+00 2.999929645526776614e-02
3.850000000000000089e+00 2.999929651291532301e-02
3.859999999999999876e+00 2.999929657021885993e-02
3.870000000000000107e+00 2.999929662623760512e-02
3.879999999999999893e+00 2.999929668471808947e-02
3.890000000000000124e+00 2.999929674433471360e-02
3.899999999999999911e+00 2.999929680411603239e-02
3.910000000000000142e+00 2.999929686036855933e-02
3.919999999999999929e+00 2.999929691949272670e-02
3.930000000000000160e+00 2.999929697972111148e-02
3.939999999999999947e+00 2.999929703749740911e-02
3.950000000000000178e+00 2.999929709493007884e-02
3.959999999999999964e+00 2.999929715658730678e-02
3.970000000000000195e+00 2.999929721846445255e-02
3.979999999999999982e+00 2.999929727704499227e-02
3.990000000000000213e+00 2.999929733846712354e-02
4.000000000000000000e+00 2.999929739953284547e-02
4.009999999999999787e+00 2.999929746095824495e-02
4.020000000000000462e+00 2.999929752234226088e-02
4.030000000000000249e+00 2.999929758484923617e-02
4.040000000000000036e+00 2.999929764741963295e-02
4.049999999999999822e+00 2.999929771078845356e-02
4.060000000000000497e+00 2.999929777192119132e-02
4.070000000000000284e+00 2.999929783373189718e-02
4.080000000000000071e+00 2.999929789742062508e-02
4.089999999999999858e+00 2.999929796022006434e-02
4.099999999999999645e+00 2.999929802206863921e-02
4.110000000000000320e+00 2.999929808765923467e-02
4.120000000000000107e+00 2.999929814869587916e-02
4.129999999999999893e+00 2.999929821015270837e-02
4.139999999999999680e+00 2.999929827109761721e-02
4.150000000000000355e+00 2.999929833069658880e-02
4.160000000000000142e+00 2.999929838981951064e-02
4.169999999999999929e+00 2.999929844998576803e-02
4.179999999999999716e+00 2.999929851412245010e-02
4.190000000000000391e+00 2.999929857162143138e-02
4.200000000000000178e+00 2.999929863452123133e-02
4.209999999999999964e+00 2.999929869456760545e-02
4.219999999999999751e+00 2.999929875219752018e-02
4.230000000000000426e+00 2.999929881643728646e-02
4.240000000000000213e+00 2.999929887505815851e-02
4.250000000000000000e+00 2.999929893558302141e-02
4.259999999999999787e+00 2.999929899932429755e-02
4.270000000000000462e+00 2.999929905498458643e-02
4.280000000000000249e+00 2.999929911466943031e-02
4.290000000000000036e+00 2.999929917612454561e-02
4.299999999999999822e+00 2.999929923843705840e-02
4.310000000000000497e+00 2.999929929865337297e-02
4.320000000000000284e+00 2.999929935842214276e-02
4.330000000000000071e+00 2.999929941176255818e-02
4.339999999999999858e+00 2.999929947027904498e-02
4.350000000000000533e+00 2.999929952960939464e-02
4.360000000000000320e+00 2.999929959135379937e-02
4.370000000000000107e+00 2.999929964536186822e-02
4.379999999999999893e+00 2.999929970122780162e-02
4.389999999999999680e+00 2.999929975674464969e-02
4.400000000000000355e+00 2.999929981265802431e-02
4.410000000000000142e+00 2.999929986741575738e-02
4.419999999999999929e+00 2.999929992220366423e-02
4.429999999999999716e+00 2.999929997687422051e-02
4.440000000000000391e+00 2.999930002981841121e-02
4.450000000000000178e+00 2.999930008276513460e-02
4.459999999999999964e+00 2.999930013513604082e-02
4.469999999999999751e+00 2.999930018595521955e-02
4.480000000000000426e+00 2.999930023655921624e-02
4.490000000000000213e+00 2.999930028616183686e-02
4.500000000000000000e+00 2.999930033448441197e-02
4.509999999999999787e+00 2.999930038214895095e-02
4.520000000000000462e+00 2.999930042917725581e-02
4.530000000000000249e+00 2.999930047503290842e-02
4.540000000000000036e+00 2.999930051990477853e-02
4.549999999999999822e+00 2.999930056430816575e-02
4.560000000000000497e+00 2.999930060695088843e-02
4.570000000000000284e+00 2.999930064877611921e-02
4.580000000000000071e+00 2.999930068913696582e-02
4.589999999999999858e+00 2.999930072889996427e-02
4.600000000000000533e+00 2.999930076571002621e-02
4.610000000000000320e+00 2.999930080460017426e-02
4.620000000000000107e+00 2.999930084148354908e-02
4.629999999999999893e+00 2.999930087874690468e-02
4.639999999999999680e+00 2.999930091398288201e-02
4.650000000000000355e+00 2.999930094871122374e-02
4.660000000000000142e+00 2.999930098508165124e-02
4.669999999999999929e+00 2.999930101907776966e-02
4.679999999999999716e+00 2.999930105187307433e-02
4.690000000000000391e+00 2.999930108258534039e-02
4.700000000000000178e+00 2.999930111486473136e-02
4.709999999999999964e+00 2.999930114506838344e-02
4.719999999999999751e+00 2.999930117600992097e-02
4.730000000000000426e+00 2.999930120586646876e-02
4.740000000000000213e+00 2.999930123330961373e-02
4.750000000000000000e+00 2.999930125924038168e-02
4.759999999999999787e+00 2.999930128923626940e-02
4.770000000000000462e+00 2.999930131507806338e-02
4.780000000000000249e+00 2.999930134272814006e-02
4.790000000000000036e+00 2.999930136778581474e-02
4.799999999999999822e+00 2.999930139331659709e-02
4.810000000000000497e+00 2.999930142285673479e-02
4.820000000000000284e+00 2.999930144779369701e-02
4.830000000000000071e+00 2.999930147296300115e-02
4.839999999999999858e+00 2.999930149928979259e-02
4.850000000000000533e+00 2.999930152449819740e-02
4.860000000000000320e+00 2.999930155187283121e-02
4.870000000000000107e+00 2.999930158012956843e-02
4.879999999999999893e+00 2.999930160810191856e-02
4.889999999999999680e+00 2.999930163480010042e-02
4.900000000000000355e+00 2.999930166031202980e-02
4.910000000000000142e+00 2.999930168458319474e-02
4.919999999999999929e+00 2.999930170886045896e-02
4.929999999999999716e+00 2.999930173273446243e-02
4.940000000000000391e+00 2.999930175832019041e-02
4.950000000000000178e+00 2.999930178181554191e-02
4.959999999999999964e+00 2.999930180300600102e-02
4.969999999999999751e+00 2.999930182596274170e-02
4.980000000000000426e+00 2.999930184890586479e-02
4.990000000000000213e+00 2.999930186979002031e-02
5.000000000000000000e+00 2.999930189007242454e-02
5.009999999999999787e+00 2.999930191043486891e-02
5.020000000000000462e+00 2.999930192970372278e-02
5.030000000000000249e+00 2.999930194836371994e-02
5.040000000000000036e+00 2.999930196600844590e-02
5.049999999999999822e+00 2.999930198278956753e-02
5.060000000000000497e+00 2.999930199949460419e-02
5.070000000000000284e+00 2.999930201590882486e-02
5.080000000000000071e+00 2.999930203198541978e-02
5.089999999999999858e+00 2.999930204452463597e-02
5.100000000000000533e+00 2.999930205784109155e-02
5.110000000000000320e+00 2.999930207162735882e-02
5.120000000000000107e+00 2.999930207439810079e-02
5.129999999999999893e+00 2.999930208661120631e-02
5.139999999999999680e+00 2.999930210601450473e-02
5.150000000000000355e+00 2.999930211520372703e-02
5.160000000000000142e+00 2.999930212226171317e-02
5.169999999999999929e+00 2.999930212761236364e-02
5.179999999999999716e+00 2.999930213547025507e-02
5.190000000000000391e+00 2.999930214211710133e-02
5.200000000000000178e+00 2.999930214939596634e-02
5.209999999999999964e+00 2.999930215179820447e-02
5.219999999999999751e+00 2.999930215152818436e-02
5.230000000000000426e+00 2.999930215845606971e-02
5.240000000000000213e+00 2.999930216127011731e-02
5.250000000000000000e+00 2.999930216359704763e-02
5.259999999999999787e+00 2.999930216509550177e-02
5.270000000000000462e+00 2.999930216704473421e-02
5.280000000000000249e+00 2.999930215654616691e-02
5.290000000000000036e+00 2.999930215719387797e-02
5.299999999999999822e+00 2.999930215591396429e-02
5.310000000000000497e+00 2.999930214561554939e-02
5.320000000000000284e+00 2.999930213835014237e-02
5.330000000000000071e+00 2.999930213033901241e-02
5.339999999999999858e+00 2.999930212088840545e-02
5.350000000000000533e+00 2.999930210891522953e-02
5.360000000000000320e+00 2.999930210853996027e-02
5.370000000000000107e+00 2.999930210369081487e-02
5.379999999999999893e+00 2.999930209970660955e-02
5.389999999999999680e+00 2.999930209517997007e-02
5.400000000000000355e+00 2.999930209319795135e-02
5.410000000000000142e+00 2.999930209050486601e-02
5.419999999999999929e+00 2.999930208771816112e-02
5.429999999999999716e+00 2.999930207773713123e-02
5.440000000000000391e+00 2.999930207283866418e-02
5.450000000000000178e+00 2.999930206954184650e-02
5.459999999999999964e+00 2.999930205820284385e-02
5.469999999999999751e+00 2.999930205025180124e-02
5.480000000000000426e+00 2.999930203946894747e-02
5.490000000000000213e+00 2.999930203263958400e-02
5.500000000000000000e+00 2.999930202312885152e-02
5.509999999999999787e+00 2.999930201466982638e-02
5.520000000000000462e+00 2.999930200465558000e-02
5.530000000000000249e+00 2.999930199615726684e-02
5.540000000000000036e+00 2.999930198681322741e-02
5.549999999999999822e+00 2.999930197785552477e-02
5.560000000000000497e+00 2.999930196788632916e-02
5.570000000000000284e+00 2.999930195806336380e-02
5.580000000000000071e+00 2.999930194730566699e-02
5.589999999999999858e+00 2.999930193523312610e-02
5.600000000000000533e+00 2.999930192724601166e-02
5.610000000000000320e+00 2.999930191482920797e-02
5.620000000000000107e+00 2.999930190382375794e-02
5.629999999999999893e+00 2.999930189593531110e-02
5.639999999999999680e+00 2.999930188389792265e-02
5.650000000000000355e+00 2.999930186838795781e-02
5.660000000000000142e+00 2.999930185858007414e-02
5.669999999999999929e+00 2.999930184621420887e-02
5.679999999999999716e+00 2.999930183406954165e-02
5.690000000000000391e+00 2.999930182269457818e-02
5.700000000000000178e+00 2.999930181273275515e-02
5.709999999999999964e+00 2.999930179729752219e-02
5.719999999999999751e+00 2.999930178420063404e-02
5.730000000000000426e+00 2.999930177325249581e-02
5.740000000000000213e+00 2.999930175827067447e-02
5.750000000000000000e+00 2.999930174073962841e-02
5.759999999999999787e+00 2.999930172485427288e-02
5.770000000000000462e+00 2.999930170505634569e-02
5.780000000000000249e+00 2.999930168494136656e-02
5.790000000000000036e+00 2.999930166607182522e-02
5.799999999999999822e+00 2.999930164907185434e-02
5.810000000000000497e+00 2.999930162954418666e-02
5.820000000000000284e+00 2.999930161133022161e-02
5.830000000000000071e+00 2.999930159234966490e-02
5.839999999999999858e+00 2.999930157005684106e-02
5.850000000000000533e+00 2.999930154648243821e-02
5.860000000000000320e+00 2.999930152621314849e-02
5.870000000000000107e+00 2.999930150356393613e-02
5.879999999999999893e+00 2.999930148064675062e-02
5.889999999999999680e+00 2.999930145507155241e-02
5.900000000000000355e+00 2.999930143095594012e-02
5.910000000000000142e+00 2.999930140438428899e-02
5.919999999999999929e+00 2.999930137804650981e-02
5.929999999999999716e+00 2.999930135207947574e-02
5.940000000000000391e+00 2.999930132763309332e-02
5.950000000000000178e+00 2.999930130048523644e-02
5.959999999999999964e+00 2.999930127372666538e-02
5.969999999999999751e+00 2.999930124735430970e-02
5.980000000000000426e+00 2.999930122236310615e-02
5.990000000000000213e+00 2.999930119507866408e-02
6.000000000000000000e+00 2.999930117068281415e-02
6.009999999999999787e+00 2.999930114354355803e-02
6.020000000000000462e+00 2.999930112014278366e-02
6.030000000000000249e+00 2.999930109527889494e-02
6.040000000000000036e+00 2.999930107174760691e-02
6.049999999999999822e+00 2.999930104802371600e-02
6.060000000000000497e+00 2.999930102420816924e-02
6.070000000000000284e+00 2.999930100252801504e-02
6.080000000000000071e+00 2.999930098119642924e-02
6.089999999999999858e+00 2.999930095999027088e-02
6.100000000000000533e+00 2.999930093909129736e-02
6.110000000000000320e+00 2.999930092119669489e-02
6.120000000000000107e+00 2.999930090280696765e-02
6.129999999999999893e+00 2.999930088442625403e-02
6.140000000000000568e+00 2.999930086930892650e-02
6.150000000000000355e+00 2.999930085124432808e-02
6.160000000000000142e+00 2.999930083752914631e-02
6.169999999999999929e+00 2.999930082205762988e-02
6.179999999999999716e+00 2.999930081025425563e-02
6.190000000000000391e+00 2.999930079908904451e-02
6.200000000000000178e+00 2.999930078793446031e-02
6.209999999999999964e+00 2.999930077904762460e-02
6.219999999999999751e+00 2.999930077014516250e-02
6.230000000000000426e+00 2.999930076128111064e-02
6.240000000000000213e+00 2.999930075528339790e-02
6.250000000000000000e+00 2.999930074922679477e-02
6.259999999999999787e+00 2.999930074449992309e-02
6.270000000000000462e+00 2.999930074244659337e-02
6.280000000000000249e+00 2.999930073546900125e-02
6.290000000000000036e+00 2.999930073423073135e-02
6.299999999999999822e+00 2.999930073503425873e-02
6.310000000000000497e+00 2.999930073140641071e-02
6.320000000000000284e+00 2.999930073120556095e-02
6.330000000000000071e+00 2.999930073231353925e-02
6.339999999999999858e+00 2.999930073270572900e-02
6.350000000000000533e+00 2.999930073334447153e-02
6.360000000000000320e+00 2.999930073254991961e-02
6.370000000000000107e+00 2.999930073350651899e-02
6.379999999999999893e+00 2.999930073305762460e-02
6.390000000000000568e+00 2.999930073437965736e-02
6.400000000000000355e+00 2.999930073464045222e-02
6.410000000000000142e+00 2.999930073649599224e-02
6.419999999999999929e+00 2.999930073790644039e-02
6.429999999999999716e+00 2.999930073795287894e-02
6.440000000000000391e+00 2.999930073883242884e-02
6.450000000000000178e+00 2.999930073784606160e-02
6.459999999999999964e+00 2.999930074056831458e-02
6.469999999999999751e+00 2.999930074187131396e-02
6.480000000000000426e+00 2.999930074198851188e-02
6.490000000000000213e+00 2.999930074097847954e-02
6.500000000000000000e+00 2.999930074088646287e-02
6.509999999999999787e+00 2.999930073780167003e-02
6.520000000000000462e+00 2.999930073635906358e-02
6.530000000000000249e+00 2.999930073307754963e-02
6.540000000000000036e+00 2.999930073198250197e-02
6.549999999999999822e+00 2.999930072880450244e-02
6.560000000000000497e+00 2.999930072517512786e-02
6.570000000000000284e+00 2.999930072047018656e-02
6.580000000000000071e+00 2.999930071780654989e-02
6.589999999999999858e+00 2.999930071091938544e-02
6.600000000000000533e+00 2.999930070490442607e-02
6.610000000000000320e+00 2.999930069826730814e-02
6.620000000000000107e+00 2.999930069030770641e-02
6.629999999999999893e+00 2.999930068227438240e-02
6.640000000000000568e+00 2.999930067399072392e-02
6.650000000000000355e+00 2.999930066668002326e-02
6.660000000000000142e+00 2.999930065836578161e-02
6.669999999999999929e+00 2.999930064928074680e-02
6.679999999999999716e+00 2.999930064122705020e-02
6.690000000000000391e+00 2.999930063192348534e-02
6.700000000000000178e+00 2.999930062282017001e-02
6.709999999999999964e+00 2.999930061176963453e-02
6.719999999999999751e+00 2.999930060365941717e-02
6.730000000000000426e+00 2.999930059410568436e-02
6.740000000000000213e+00 2.999930058511772121e-02
6.750000000000000000e+00 2.999930057566915775e-02
6.759999999999999787e+00 2.999930057013541415e-02
6.770000000000000462e+00 2.999930056520462573e-02
6.780000000000000249e+00 2.999930056182457255e-02
6.790000000000000036e+00 2.999930055847831872e-02
6.799999999999999822e+00 2.999930055534400300e-02
6.810000000000000497e+00 2.999930055374054258e-02
6.820000000000000284e+00 2.999930055539704390e-02
6.830000000000000071e+00 2.999930055917292629e-02
6.839999999999999858e+00 2.999930056655076768e-02
6.850000000000000533e+00 2.999930057647954423e-02
6.860000000000000320e+00 2.999930059042094088e-02
6.870000000000000107e+00 2.999930060276573621e-02
6.879999999999999893e+00 2.999930061919701269e-02
6.890000000000000568e+00 2.999930063913818640e-02
6.900000000000000355e+00 2.999930066480845786e-02
6.910000000000000142e+00 2.999930069382423375e-02
6.919999999999999929e+00 2.999930072153919949e-02
6.929999999999999716e+00 2.999930075562393800e-02
6.940000000000000391e+00 2.999930079441308003e-02
6.950000000000000178e+00 2.999930083362522398e-02
6.959999999999999964e+00 2.999930087907766441e-02
6.969999999999999751e+00 2.999930092391000364e-02
6.980000000000000426e+00 2.999930097339761209e-02
6.990000000000000213e+00 2.999930102651237815e-02
7.000000000000000000e+00 2.999930108274865767e-02
7.009999999999999787e+00 2.999930114155627270e-02
7.020000000000000462e+00 2.999930120155252025e-02
7.030000000000000249e+00 2.999930126307652142e-02
7.040000000000000036e+00 2.999930132844757721e-02
7.049999999999999822e+00 2.999930139475628227e-02
7.060000000000000497e+00 2.999930146327260336e-02
7.070000000000000284e+00 2.999930153145656184e-02
7.080000000000000071e+00 2.999930160056007294e-02
7.089999999999999858e+00 2.999930166824430616e-02
7.100000000000000533e+00 2.999930174068471400e-02
7.110000000000000320e+00 2.999930180839636626e-02
7.120000000000000107e+00 2.999930187730831879e-02
7.129999999999999893e+00 2.999930194384204524e-02
7.140000000000000568e+00 2.999930200774433842e-02
7.150000000000000355e+00 2.999930207224605141e-02
7.160000000000000142e+00 2.999930213406526436e-02
7.169999999999999929e+00 2.999930219356728572e-02
7.179999999999999716e+00 2.999930224975668608e-02
7.190000000000000391e+00 2.999930230430226247e-02
7.200000000000000178e+00 2.999930235190905251e-02
7.209999999999999964e+00 2.999930239745525473e-02
7.219999999999999751e+00 2.999930243948058239e-02
7.230000000000000426e+00 2.999930247640307177e-02
7.240000000000000213e+00 2.999930250667318110e-02
7.250000000000000000e+00 2.999930253675536784e-02
7.259999999999999787e+00 2.999930256060893280e-02
7.270000000000000462e+00 2.999930257859052124e-02
7.280000000000000249e+00 2.999930259631847923e-02
7.290000000000000036e+00 2.999930260580987301e-02
7.299999999999999822e+00 2.999930261684655847e-02
7.310000000000000497e+00 2.999930262114190727e-02
7.320000000000000284e+00 2.999930262298167866e-02
7.330000000000000071e+00 2.999930262267538894e-02
7.339999999999999858e+00 2.999930261889705366e-02
7.350000000000000533e+00 2.999930260996522963e-02
7.360000000000000320e+00 2.999930260009180810e-02
7.370000000000000107e+00 2.999930258503701389e-02
7.379999999999999893e+00 2.999930257125225930e-02
7.390000000000000568e+00 2.999930255233276485e-02
7.400000000000000355e+00 2.999930253624704876e-02
7.410000000000000142e+00 2.999930252152569615e-02
7.419999999999999929e+00 2.999930250485968383e-02
7.429999999999999716e+00 2.999930248853136666e-02
7.440000000000000391e+00 2.999930247020840546e-02
7.450000000000000178e+00 2.999930245711660004e-02
7.459999999999999964e+00 2.999930244104034513e-02
7.469999999999999751e+00 2.999930242786198742e-02
7.480000000000000426e+00 2.999930241675530934e-02
7.490000000000000213e+00 2.999930241239365247e-02
7.500000000000000000e+00 2.999930240259970210e-02
7.509999999999999787e+00 2.999930239886821476e-02
7.520000000000000462e+00 2.999930239620552525e-02
7.530000000000000249e+00 2.999930239562375450e-02
7.540000000000000036e+00 2.999930239698140808e-02
7.549999999999999822e+00 2.999930240528231318e-02
7.560000000000000497e+00 2.999930241259291669e-02
7.570000000000000284e+00 2.999930242300954952e-02
7.580000000000000071e+00 2.999930243769451804e-02
7.589999999999999858e+00 2.999930245145293606e-02
7.600000000000000533e+00 2.999930246780327381e-02
7.610000000000000320e+00 2.999930248369226879e-02
7.620000000000000107e+00 2.999930250118795078e-02
7.629999999999999893e+00 2.999930251998868258e-02
7.640000000000000568e+00 2.999930254020640591e-02
7.650000000000000355e+00 2.999930255927353573e-02
7.660000000000000142e+00 2.999930257886595369e-02
7.669999999999999929e+00 2.999930259584407399e-02
7.679999999999999716e+00 2.999930261633410034e-02
7.690000000000000391e+00 2.999930263775361927e-02
7.700000000000000178e+00 2.999930265518552935e-02
7.709999999999999964e+00 2.999930267013606322e-02
7.719999999999999751e+00 2.999930268388853807e-02
7.730000000000000426e+00 2.999930268583363147e-02
7.740000000000000213e+00 2.999930269240175251e-02
7.750000000000000000e+00 2.999930269537057909e-02
7.759999999999999787e+00 2.999930269349321971e-02
7.770000000000000462e+00 2.999930269146836373e-02
7.780000000000000249e+00 2.999930268364965624e-02
7.790000000000000036e+00 2.999930268138956135e-02
7.799999999999999822e+00 2.999930267291340408e-02
7.810000000000000497e+00 2.999930266720353400e-02
7.820000000000000284e+00 2.999930264475435954e-02
7.830000000000000071e+00 2.999930262913587387e-02
7.839999999999999858e+00 2.999930260896494991e-02
7.850000000000000533e+00 2.999930258646730033e-02
7.860000000000000320e+00 2.999930255897890682e-02
7.870000000000000107e+00 2.999930253142740755e-02
7.879999999999999893e+00 2.999930250147683428e-02
7.890000000000000568e+00 2.999930246982168702e-02
7.900000000000000355e+00 2.999930243939716995e-02
7.910000000000000142e+00 2.999930240688377520e-02
7.919999999999999929e+00 2.999930237145726278e-02
7.930000000000000604e+00 2.999930234245598917e-02
7.940000000000000391e+00 2.999930231130436969e-02
7.950000000000000178e+00 2.999930227667330432e-02
7.959999999999999964e+00 2.999930224756980693e-02
7.969999999999999751e+00 2.999930221977611944e-02
7.980000000000000426e+00 2.999930218396327369e-02
7.990000000000000213e+00 2.999930216051405890e-02
8.000000000000000000e+00 2.999930213319871447e-02
8.009999999999999787e+00 2.999930211553845927e-02
8.019999999999999574e+00 2.999930209805749121e-02
8.029999999999999361e+00 2.999930208785771615e-02
8.040000000000000924e+00 2.999930207978300511e-02
8.050000000000000711e+00 2.999930207363493001e-02
8.060000000000000497e+00 2.999930207715702929e-02
8.070000000000000284e+00 2.999930208271757437e-02
8.080000000000000071e+00 2.999930209023131400e-02
8.089999999999999858e+00 2.999930210237786166e-02
8.099999999999999645e+00 2.999930211854592507e-02
8.109999999999999432e+00 2.999930213883291591e-02
8.120000000000000995e+00 2.999930216211164902e-02
8.130000000000000782e+00 2.999930218875894797e-02
8.140000000000000568e+00 2.999930221853017165e-02
8.150000000000000355e+00 2.999930225111644214e-02
8.160000000000000142e+00 2.999930228655579498e-02
8.169999999999999929e+00 2.999930232356828874e-02
8.179999999999999716e+00 2.999930236314265336e-02
8.189999999999999503e+00 2.999930240435780965e-02
8.199999999999999289e+00 2.999930244625601330e-02
8.210000000000000853e+00 2.999930249159199480e-02
8.220000000000000639e+00 2.999930253695159629e-02
8.230000000000000426e+00 2.999930258193903715e-02
8.240000000000000213e+00 2.999930262709520068e-02
8.250000000000000000e+00 2.999930267531226991e-02
8.259999999999999787e+00 2.999930272099931433e-02
8.269999999999999574e+00 2.999930276595366013e-02
8.279999999999999361e+00 2.999930280790573389e-02
8.290000000000000924e+00 2.999930285450168321e-02
8.300000000000000711e+00 2.999930289804069936e-02
8.310000000000000497e+00 2.999930294125344871e-02
8.320000000000000284e+00 2.999930298409013429e-02
8.330000000000000071e+00 2.999930302178481500e-02
8.339999999999999858e+00 2.999930306088245680e-02
8.349999999999999645e+00 2.999930309509530810e-02
8.359999999999999432e+00 2.999930312945157246e-02
8.370000000000000995e+00 2.999930316538872849e-02
8.380000000000000782e+00 2.999930320062674238e-02
8.390000000000000568e+00 2.999930323025512546e-02
8.400000000000000355e+00 2.999930325942997550e-02
8.410000000000000142e+00 2.999930328574952967e-02
8.419999999999999929e+00 2.999930331416426205e-02
8.429999999999999716e+00 2.999930334183394456e-02
8.439999999999999503e+00 2.999930336761692795e-02
8.449999999999999289e+00 2.999930339220605036e-02
8.460000000000000853e+00 2.999930341441422316e-02
8.470000000000000639e+00 2.999930343774874497e-02
8.480000000000000426e+00 2.999930346019259383e-02
8.490000000000000213e+00 2.999930348496172156e-02
8.500000000000000000e+00 2.999930350898379061e-02
8.509999999999999787e+00 2.999930353246233264e-02
8.519999999999999574e+00 2.999930355467886334e-02
8.529999999999999361e+00 2.999930357877986925e-02
8.540000000000000924e+00 2.999930360163275550e-02
8.550000000000000711e+00 2.999930362361124744e-02
8.560000000000000497e+00 2.999930364773650826e-02
8.570000000000000284e+00 2.999930367160972416e-02
8.580000000000000071e+00 2.999930369706713812e-02
8.589999999999999858e+00 2.999930372256398581e-02
8.599999999999999645e+00 2.999930374804395811e-02
8.609999999999999432e+00 2.999930377389584471e-02
8.620000000000000995e+00 2.999930379986619211e-02
8.630000000000000782e+00 2.999930382526885472e-02
8.640000000000000568e+00 2.999930385100131602e-02
8.650000000000000355e+00 2.999930387644118152e-02
8.660000000000000142e+00 2.999930390137525715e-02
8.669999999999999929e+00 2.999930392593368536e-02
8.679999999999999716e+00 2.999930395021901605e-02
8.689999999999999503e+00 2.999930397346906030e-02
8.700000000000001066e+00 2.999930399655036453e-02
8.710000000000000853e+00 2.999930401849328077e-02
8.720000000000000639e+00 2.999930403945485005e-02
8.730000000000000426e+00 2.999930405954481794e-02
8.740000000000000213e+00 2.999930407827434975e-02
8.750000000000000000e+00 2.999930409619207261e-02
8.759999999999999787e+00 2.999930411496803256e-02
8.769999999999999574e+00 2.999930413206656349e-02
8.779999999999999361e+00 2.999930414957654307e-02
8.790000000000000924e+00 2.999930416560286917e-02
8.800000000000000711e+00 2.999930418057239825e-02
8.810000000000000497e+00 2.999930419317300978e-02
8.820000000000000284e+00 2.999930420736614950e-02
8.830000000000000071e+00 2.999930421836705802e-02
8.839999999999999858e+00 2.999930422985909451e-02
8.849999999999999645e+00 2.999930424012694358e-02
8.859999999999999432e+00 2.999930425142086424e-02
8.870000000000000995e+00 2.999930426162265504e-02
8.880000000000000782e+00 2.999930427259273058e-02
8.890000000000000568e+00 2.999930428306066266e-02
8.900000000000000355e+00 2.999930429952236965e-02
8.910000000000000142e+00 2.999930431469469833e-02
8.919999999999999929e+00 2.999930433362537827e-02
8.929999999999999716e+00 2.999930435534587173e-02
8.939999999999999503e+00 2.999930437409959599e-02
8.950000000000001066e+00 2.999930440201711151e-02
8.960000000000000853e+00 2.999930442779246212e-02
8.970000000000000639e+00 2.999930445578515015e-02
8.980000000000000426e+00 2.999930448744944286e-02
8.990000000000000213e+00 2.999930451678436971e-02
9.000000000000000000e+00 2.999930454892408421e-02
9.009999999999999787e+00 2.999930458406655648e-02
9.019999999999999574e+00 2.999930462483737376e-02
9.029999999999999361e+00 2.999930466320846478e-02
9.040000000000000924e+00 2.999930470261488041e-02
9.050000000000000711e+00 2.999930474779017447e-02
9.060000000000000497e+00 2.999930479367761416e-02
9.070000000000000284e+00 2.999930483872592993e-02
9.080000000000000071e+00 2.999930488871037360e-02
9.089999999999999858e+00 2.999930494078907606e-02
9.099999999999999645e+00 2.999930499251058508e-02
9.109999999999999432e+00 2.999930504034235487e-02
9.120000000000000995e+00 2.999930509240270049e-02
9.130000000000000782e+00 2.999930514700416273e-02
9.140000000000000568e+00 2.999930519988277394e-02
9.150000000000000355e+00 2.999930525579846963e-02
9.160000000000000142e+00 2.999930530992030511e-02
9.169999999999999929e+00 2.999930536530991468e-02
9.179999999999999716e+00 2.999930541913745433e-02
9.189999999999999503e+00 2.999930547362316194e-02
9.200000000000001066e+00 2.999930552694372865e-02
9.210000000000000853e+00 2.999930557898183164e-02
9.220000000000000639e+00 2.999930563059849398e-02
9.230000000000000426e+00 2.999930568185455934e-02
9.240000000000000213e+00 2.999930573188741220e-02
9.250000000000000000e+00 2.999930578077115301e-02
9.259999999999999787e+00 2.999930582994954353e-02
9.269999999999999574e+00 2.999930587806686963e-02
9.279999999999999361e+00 2.999930592240310917e-02
9.290000000000000924e+00 2.999930596844600783e-02
9.300000000000000711e+00 2.999930601247343537e-02
9.310000000000000497e+00 2.999930605639422945e-02
9.320000000000000284e+00 2.999930610018102309e-02
9.330000000000000071e+00 2.999930614128467829e-02
9.339999999999999858e+00 2.999930618449474229e-02
9.349999999999999645e+00 2.999930622906115882e-02
9.359999999999999432e+00 2.999930626971669331e-02
9.370000000000000995e+00 2.999930631222257060e-02
9.380000000000000782e+00 2.999930635382232202e-02
9.390000000000000568e+00 2.999930639621806172e-02
9.400000000000000355e+00 2.999930643826784898e-02
9.410000000000000142e+00 2.999930648026963992e-02
9.419999999999999929e+00 2.999930652499252157e-02
9.429999999999999716e+00 2.999930656773591026e-02
9.439999999999999503e+00 2.999930660753629200e-02
9.450000000000001066e+00 2.999930665586765521e-02
9.460000000000000853e+00 2.999930670038409436e-02
9.470000000000000639e+00 2.999930674704882200e-02
9.480000000000000426e+00 2.999930679724209168e-02
9.490000000000000213e+00 2.999930684339912473e-02
9.500000000000000000e+00 2.999930689074560217e-02
9.509999999999999787e+00 2.999930694084606414e-02
9.519999999999999574e+00 2.999930698809732607e-02
9.529999999999999361e+00 2.999930703634601931e-02
9.540000000000000924e+00 2.999930708449389388e-02
9.550000000000000711e+00 2.999930713150276637e-02
9.560000000000000497e+00 2.999930718078644420e-02
9.570000000000000284e+00 2.999930722826800802e-02
9.580000000000000071e+00 2.999930727464369257e-02
9.589999999999999858e+00 2.999930731959791347e-02
9.599999999999999645e+00 2.999930736116382390e-02
9.609999999999999432e+00 2.999930740422577027e-02
9.620000000000000995e+00 2.999930744502284433e-02
9.630000000000000782e+00 2.999930748459407950e-02
9.640000000000000568e+00 2.999930752500203426e-02
9.650000000000000355e+00 2.999930756313343161e-02
9.660000000000000142e+00 2.999930760073976632e-02
9.669999999999999929e+00 2.999930763543895429e-02
9.679999999999999716e+00 2.999930766840665577e-02
9.689999999999999503e+00 2.999930770036561556e-02
9.700000000000001066e+00 2.999930773223012659e-02
9.710000000000000853e+00 2.999930776547351033e-02
9.720000000000000639e+00 2.999930779580623277e-02
9.730000000000000426e+00 2.999930782915096947e-02
9.740000000000000213e+00 2.999930786150045714e-02
9.750000000000000000e+00 2.999930789645067347e-02
9.759999999999999787e+00 2.999930793290279951e-02
9.769999999999999574e+00 2.999930797197863583e-02
9.779999999999999361e+00 2.999930801454570028e-02
9.790000000000000924e+00 2.999930806406234107e-02
9.800000000000000711e+00 2.999930811716639695e-02
9.810000000000000497e+00 2.999930817530192112e-02
9.820000000000000284e+00 2.999930824046292965e-02
9.830000000000000071e+00 2.999930831336022896e-02
9.839999999999999858e+00 2.999930839565342205e-02
9.849999999999999645e+00 2.999930848594337465e-02
9.859999999999999432e+00 2.999930858537763409e-02
9.870000000000000995e+00 2.999930869685587739e-02
9.880000000000000782e+00 2.999930881891462592e-02
9.890000000000000568e+00 2.999930895545509235e-02
9.900000000000000355e+00 2.999930910497334083e-02
9.910000000000000142e+00 2.999930926705830780e-02
9.919999999999999929e+00 2.999930944049915282e-02
9.929999999999999716e+00 2.999930963003210119e-02
9.939999999999999503e+00 2.999930983407472773e-02
9.950000000000001066e+00 2.999931005024781411e-02
9.960000000000000853e+00 2.999931028605430997e-02
9.970000000000000639e+00 2.999931053675898573e-02
