1.534077638508377639e-01
1.534077638629020857e-01
1.534077639003898486e-01
1.534077639688002648e-01
1.534077640623476291e-01
1.534077641855914886e-01
1.534077643416632830e-01
1.534077645247090005e-01
1.534077647228392904e-01
1.534077649496337070e-01
1.534077651925533359e-01
1.534077654728720486e-01
1.534077657472914802e-01
1.534077660334750015e-01
1.534077663261528002e-01
1.534077666389030425e-01
1.534077669409251166e-01
1.534077672336531806e-01
1.534077675085684656e-01
1.534077677827265784e-01
1.534077680339296923e-01
1.534077682818606181e-01
1.534077684871777425e-01
1.534077686877150237e-01
1.534077688460774025e-01
1.534077689719807736e-01
1.534077690632786872e-01
1.534077691438932856e-01
1.534077691892300477e-01
1.534077692163782480e-01
1.534077692152670258e-01
1.534077691940264332e-01
1.534077691395489551e-01
1.534077690585468612e-01
1.534077689606699602e-01
1.534077688346505985e-01
1.534077686660418605e-01
1.534077684720854262e-01
1.534077682618205374e-01
1.534077679998883670e-01
1.534077677396237238e-01
1.534077674423753312e-01
1.534077670870106491e-01
1.534077667464247008e-01
1.534077663724633667e-01
1.534077659419931239e-01
1.534077655402363571e-01
1.534077650512727098e-01
1.534077645854066141e-01
1.534077640923157404e-01
1.534077636275797407e-01
1.534077630249132962e-01
1.534077624999845568e-01
1.534077619326955078e-01
1.534077613990258437e-01
1.534077609261661479e-01
1.534077604887883750e-01
1.534077600649725870e-01
1.534077597068145282e-01
1.534077593881748580e-01
1.534077590833769211e-01
1.534077589610645109e-01
1.534077587607007020e-01
1.534077585074340722e-01
1.534077586109820202e-01
1.534077585298232738e-01
1.534077586285015338e-01
1.534077589722836477e-01
1.534077596621128692e-01
1.534077600317672319e-01
1.534077609419990940e-01
1.534077613725439715e-01
1.534077622252276452e-01
1.534077629390111774e-01
1.534077637053595788e-01
1.534077643424590076e-01
1.534077653420996556e-01
1.534077658649570797e-01
1.534077666225081016e-01
1.534077675193774859e-01
1.534077677943958273e-01
1.534077682103706097e-01
1.534077686099565296e-01
1.534077686889503411e-01
1.534077689119563714e-01
1.534077688188349720e-01
1.534077686161866017e-01
1.534077685513545175e-01
1.534077679251310278e-01
1.534077671819838451e-01
1.534077665675538105e-01
1.534077654027797277e-01
1.534077651908882511e-01
1.534077645385499844e-01
1.534077632155026738e-01
1.534077616898411878e-01
1.534077603428611325e-01
1.534077591383393724e-01
1.534077579581415163e-01
1.534077566039627194e-01
1.534077559472545316e-01
1.534077552658980326e-01
1.534077545469726411e-01
1.534077539239120103e-01
1.534077533952740435e-01
1.534077532309022496e-01
1.534077531721222132e-01
1.534077518382941652e-01
1.534077513485501143e-01
1.534077510647199327e-01
1.534077516201530766e-01
1.534077512329230508e-01
1.534077504758180333e-01
1.534077509405342155e-01
1.534077508030133874e-01
1.534077516494483373e-01
1.534077516524824936e-01
1.534077517421734149e-01
1.534077519486824193e-01
1.534077525170881862e-01
1.534077525428539646e-01
1.534077520432445552e-01
1.534077520211966916e-01
1.534077519127781675e-01
1.534077506545380720e-01
1.534077499916583764e-01
1.534077489300200436e-01
1.534077475236654275e-01
1.534077466839951498e-01
1.534077451305134732e-01
1.534077447814597428e-01
1.534077429080551724e-01
1.534077410096341132e-01
1.534077398957809368e-01
1.534077377572214962e-01
1.534077364076558703e-01
1.534077350581648791e-01
1.534077336140418635e-01
1.534077323288446093e-01
1.534077298975611570e-01
1.534077278955520984e-01
1.534077258891696494e-01
1.534077243541927260e-01
1.534077227360522155e-01
1.534077212448285987e-01
1.534077197585932417e-01
1.534077180620596337e-01
1.534077162735133226e-01
1.534077149133424300e-01
1.534077135302313877e-01
1.534077115789985735e-01
1.534077100611076494e-01
1.534077093181670792e-01
1.534077077842398440e-01
1.534077071277885895e-01
1.534077061759172578e-01
1.534077054008256558e-01
1.534077039402033937e-01
1.534077032411552410e-01
1.534077019278860532e-01
1.534077013955399971e-01
1.534077007223567934e-01
1.534076999011793896e-01
1.534076989328305718e-01
1.534076986042639812e-01
1.534076980432201864e-01
1.534076981335545931e-01
1.534076975130066745e-01
1.534076974052490105e-01
1.534076964313534353e-01
1.534076964940826460e-01
1.534076955572458989e-01
1.534076949217551555e-01
1.534076946768475613e-01
1.534076942740003890e-01
1.534076935164506716e-01
1.534076928803338735e-01
1.534076928200564238e-01
1.534076923108518287e-01
1.534076918067621975e-01
1.534076912961446493e-01
1.534076909888891782e-01
1.534076907677097701e-01
1.534076893463034719e-01
1.534076888630661606e-01
1.534076876900638819e-01
1.534076863973294624e-01
1.534076849248134922e-01
1.534076841015734050e-01
1.534076824293229002e-01
1.534076812116093869e-01
1.534076802815396989e-01
1.534076787054856061e-01
1.534076765163958356e-01
1.534076754027271228e-01
1.534076728726574967e-01
1.534076712282023136e-01
1.534076688173161007e-01
1.534076670741419124e-01
1.534076652184864498e-01
1.534076619984199308e-01
1.534076597472986692e-01
1.534076566702059496e-01
1.534076539538911932e-01
1.534076515882092928e-01
1.534076482900554039e-01
1.534076453597148781e-01
1.534076436885271899e-01
1.534076400447374477e-01
1.534076356316672607e-01
1.534076333778096601e-01
1.534076301651947916e-01
1.534076266402926159e-01
1.534076232067224654e-01
1.534076211763592545e-01
1.534076187059374707e-01
1.534076161035660968e-01
1.534076125532047030e-01
1.534076107107378295e-01
1.534076077360073953e-01
1.534076064753136237e-01
1.534076044720675547e-01
1.534076043117444388e-01
1.534076013526023963e-01
1.534076018154163223e-01
1.534076016144246823e-01
1.534076018434771260e-01
1.534076040523763562e-01
1.534076058784243080e-01
1.534076070071145881e-01
1.534076085276301904e-01
1.534076086584152399e-01
1.534076092904421706e-01
1.534076119714568309e-01
1.534076158560028769e-01
1.534076188502334903e-01
1.534076231629238896e-01
1.534076272699821109e-01
1.534076328261484712e-01
1.534076371104822201e-01
1.534076416912872609e-01
1.534076460047490709e-01
1.534076495129419737e-01
1.534076519279001238e-01
1.534076564312576996e-01
1.534076604216867701e-01
1.534076624506994502e-01
1.534076682823852511e-01
1.534076729042350706e-01
1.534076770996251893e-01
1.534076840477741066e-01
1.534076825634329011e-01
1.534076840340505010e-01
1.534076839971936224e-01
1.534076877422207441e-01
1.534076877671543271e-01
1.534076876750499752e-01
1.534076930783465909e-01
1.534076934463501352e-01
1.534076970905773329e-01
1.534076977052110102e-01
1.534076974526060178e-01
1.534076983884551659e-01
1.534076973440106906e-01
1.534076968438826682e-01
1.534076922467783322e-01
1.534076914194387187e-01
1.534076904731121460e-01
1.534076898667413313e-01
1.534076890764234924e-01
1.534076853633453974e-01
1.534076859023885409e-01
1.534076849068157222e-01
1.534076858556875644e-01
1.534076832960204473e-01
1.534076783000830335e-01
1.534076790154836889e-01
1.534076790457097328e-01
1.534076795648329217e-01
1.534076800455015099e-01
1.534076785204133986e-01
1.534076736870873259e-01
1.534076719326608329e-01
1.534076686802102463e-01
1.534076687719874155e-01
1.534076659498163075e-01
1.534076623281492857e-01
1.534076616540931970e-01
1.534076588703010002e-01
1.534076570303032350e-01
1.534076534324604058e-01
1.534076510690884909e-01
1.534076494858450934e-01
1.534076449014986077e-01
1.534076422831421871e-01
1.534076384485786870e-01
1.534076343555158817e-01
1.534076282615017273e-01
1.534076235793304099e-01
1.534076202398835242e-01
1.534076168174843824e-01
1.534076132069687737e-01
1.534076086500299474e-01
1.534076036659471620e-01
1.534075996550293142e-01
1.534075951262024451e-01
1.534075920241282365e-01
1.534075885423591690e-01
1.534075841902029502e-01
1.534075808748892877e-01
1.534075782781724462e-01
1.534075748089431535e-01
1.534075719487355549e-01
1.534075699492378764e-01
1.534075678698591794e-01
1.534075658593785363e-01
1.534075642361056868e-01
1.534075619829422810e-01
1.534075605390761987e-01
1.534075594008659227e-01
1.534075588464328954e-01
1.534075579176374937e-01
1.534075578632461689e-01
1.534075574271716036e-01
1.534075574263666919e-01
1.534075573328671782e-01
1.534075579827543501e-01
1.534075584694025440e-01
1.534075592327866777e-01
1.534075599820231284e-01
1.534075608345147612e-01
1.534075610393567934e-01
1.534075618223507131e-01
1.534075623443637848e-01
1.534075632133307110e-01
1.534075636141540855e-01
1.534075641016809655e-01
1.534075639856591622e-01
1.534075641918313249e-01
1.534075637210395027e-01
1.534075636355047012e-01
1.534075630721856431e-01
1.534075624065510957e-01
1.534075615569723272e-01
1.534075607414761844e-01
1.534075599339665419e-01
1.534075588755782205e-01
1.534075576646834194e-01
1.534075560596900589e-01
1.534075528621104412e-01
1.534075506635782238e-01
1.534075504093530273e-01
1.534075496855765164e-01
1.534075479059419378e-01
1.534075467535273296e-01
1.534075415704143353e-01
1.534075388368373316e-01
1.534075337084443991e-01
1.534075320743218396e-01
1.534075296752170914e-01
1.534075287704401158e-01
1.534075284462984023e-01
1.534075257009206439e-01
1.534075231848427978e-01
1.534075201569674862e-01
1.534075209687566499e-01
1.534075195154497862e-01
1.534075154841127164e-01
1.534075140774010249e-01
1.534075113251333611e-01
1.534075117603912464e-01
1.534075107356284162e-01
1.534075109979792517e-01
1.534075113258526746e-01
1.534075114553751229e-01
1.534075073553075597e-01
1.534075019992092170e-01
1.534075011163930080e-01
1.534075040966562942e-01
1.534075024053356828e-01
1.534075021218833657e-01
1.534074973964999755e-01
1.534074999471750911e-01
1.534074989957769641e-01
1.534075015080630378e-01
1.534075051444344362e-01
1.534075027934398427e-01
1.534074991417307965e-01
1.534075010976935771e-01
1.534075015439833323e-01
1.534074951970043343e-01
1.534074938947597722e-01
1.534074901211418818e-01
1.534074900091796645e-01
1.534074839228063425e-01
1.534074838652538797e-01
1.534074781320370340e-01
1.534074736940353179e-01
1.534074726172063863e-01
1.534074654706494012e-01
1.534074694810783346e-01
1.534074715879770456e-01
1.534074747798762905e-01
1.534074758959649287e-01
1.534074834488685091e-01
1.534074817794725820e-01
1.534074842400781347e-01
1.534074848727498275e-01
1.534074922332380464e-01
1.534074981005226768e-01
1.534074957274828566e-01
1.534074956312353188e-01
1.534074967550994595e-01
1.534075004130932007e-01
1.534075024577631063e-01
1.534075024046001601e-01
1.534075026842581513e-01
1.534074985451246431e-01
1.534074926536315164e-01
1.534074801515246944e-01
1.534074717869305104e-01
1.534074679338326141e-01
1.534074612652578662e-01
1.534074647578409778e-01
1.534074622751546435e-01
1.534074602405439136e-01
1.534074581651508618e-01
1.534074518099654005e-01
1.534074552506068112e-01
1.534074550251618430e-01
1.534074585808541114e-01
1.534074504057898747e-01
1.534074489033395994e-01
1.534074411603799371e-01
1.534074398877636747e-01
1.534074275721661329e-01
1.534074249012354618e-01
1.534074254420887684e-01
1.534074208941293982e-01
1.534074186683364038e-01
1.534074241455434251e-01
1.534074160528297315e-01
1.534074131073195346e-01
1.534074139794431579e-01
1.534074151675443032e-01
1.534074093670538264e-01
1.534074067769454208e-01
1.534074026551669745e-01
1.534073989250008541e-01
1.534073922202992823e-01
1.534073876354841992e-01
1.534073836010297343e-01
1.534073826112509198e-01
1.534073840027585789e-01
1.534073788881944733e-01
1.534073725491086060e-01
1.534073716024359491e-01
1.534073655153995186e-01
1.534073619186025472e-01
1.534073571353148091e-01
1.534073557106451768e-01
1.534073520145707858e-01
1.534073507865860997e-01
1.534073487584964035e-01
1.534073504070416205e-01
1.534073464076581572e-01
1.534073475839238532e-01
1.534073456290743209e-01
1.534073443923127944e-01
1.534073418552373280e-01
1.534073428476707968e-01
1.534073438337371642e-01
1.534073432024205819e-01
1.534073426726236533e-01
1.534073442369190687e-01
1.534073457109949301e-01
1.534073483182711861e-01
1.534073490927646832e-01
1.534073515099563523e-01
1.534073530921671868e-01
1.534073547516205671e-01
1.534073553747369867e-01
1.534073553351769370e-01
1.534073560450068263e-01
1.534073573749535624e-01
1.534073561269021779e-01
1.534073547839453766e-01
1.534073542948930224e-01
1.534073531767403409e-01
1.534073507742871045e-01
1.534073498268344327e-01
1.534073461403930305e-01
1.534073437110700100e-01
1.534073402248656848e-01
1.534073382711923506e-01
1.534073340878641944e-01
1.534073291454834120e-01
1.534073230366442275e-01
1.534073178019363104e-01
1.534073119498813309e-01
1.534073043163686201e-01
1.534072989209890048e-01
1.534072905642923368e-01
1.534072838768144320e-01
1.534072776878785682e-01
1.534072684657102059e-01
1.534072620253972841e-01
1.534072543125492571e-01
1.534072440256298575e-01
1.534072340029279669e-01
1.534072296356109311e-01
1.534072239784571856e-01
1.534072182212337654e-01
1.534072110269104339e-01
1.534072005985388787e-01
1.534071892522344271e-01
1.534071821748554110e-01
1.534071744973726503e-01
1.534071707448587119e-01
1.534071627040758945e-01
1.534071563463637600e-01
1.534071535776413975e-01
1.534071500755881112e-01
1.534071471669496978e-01
1.534071431132302821e-01
1.534071409835798261e-01
1.534071346304340389e-01
1.534071345878052495e-01
1.534071311493325207e-01
1.534071335550685200e-01
1.534071345830645972e-01
1.534071378237017169e-01
1.534071488250462467e-01
1.534071516476623043e-01
1.534071546752604209e-01
1.534071677663916278e-01
1.534071768546064751e-01
1.534071703247671115e-01
1.534071661759652261e-01
1.534071657715925796e-01
1.534071752054192439e-01
1.534071774163937307e-01
1.534071856570680958e-01
1.534071877459989852e-01
1.534071905017889148e-01
1.534071935513239004e-01
1.534071933270030053e-01
1.534071926837265731e-01
1.534071849994007308e-01
1.534071750078559171e-01
1.534071776171856138e-01
1.534071646924093091e-01
1.534071689351960699e-01
1.534071711860483522e-01
1.534071767819983889e-01
1.534071736628163096e-01
1.534071723556420519e-01
1.534071755637456125e-01
1.534071718874293055e-01
1.534071687847993193e-01
1.534071754947302357e-01
1.534071830241993117e-01
1.534071777436021577e-01
1.534071891902607510e-01
1.534071844001641816e-01
1.534071712671697396e-01
1.534071732192080484e-01
1.534071757392872493e-01
1.534071672306104583e-01
1.534071631967520999e-01
1.534071680876057386e-01
1.534071641258817897e-01
1.534071537131088125e-01
1.534071421714571226e-01
1.534071384531368043e-01
1.534071437055441189e-01
1.534071446514430059e-01
1.534071444453627697e-01
1.534071431415990061e-01
1.534071419990145346e-01
1.534071464343675362e-01
1.534071353339170329e-01
1.534071333588269415e-01
1.534071291509339352e-01
1.534071248456013448e-01
1.534071158621129194e-01
1.534071149491693375e-01
1.534071142772878704e-01
1.534071134292976646e-01
1.534071067940461497e-01
1.534071034055495830e-01
1.534070928842303783e-01
1.534070950831455116e-01
1.534070888937277277e-01
1.534070794328404597e-01
1.534070717234320147e-01
1.534070632596929162e-01
1.534070513864735641e-01
1.534070444894624907e-01
1.534070404284899047e-01
1.534070331394923603e-01
1.534070231115173544e-01
1.534070176004091179e-01
1.534070071387169665e-01
1.534070024984338643e-01
1.534069884820692675e-01
1.534069845494565321e-01
1.534069732961335364e-01
1.534069625014801430e-01
1.534069555438737908e-01
1.534069482869341861e-01
1.534069398199154610e-01
1.534069322182007311e-01
1.534069247375186573e-01
1.534069183027912397e-01
1.534069078167306366e-01
1.534069031067448186e-01
1.534069006730504892e-01
1.534068978351715851e-01
1.534068950007305976e-01
1.534068929906898249e-01
1.534068862566399516e-01
1.534068838562736847e-01
1.534068814078341780e-01
1.534068784329649660e-01
1.534068766563349562e-01
1.534068745146717483e-01
1.534068738697537404e-01
1.534068747649696973e-01
1.534068734597269779e-01
1.534068741989814411e-01
1.534068741552054582e-01
1.534068744866922129e-01
1.534068724295170605e-01
1.534068711821590103e-01
1.534068692438244619e-01
1.534068685307558577e-01
1.534068637401789503e-01
1.534068626082668585e-01
1.534068585573399313e-01
1.534068566928825927e-01
1.534068565172252985e-01
1.534068553894723241e-01
1.534068538607137322e-01
1.534068538161940665e-01
1.534068504166751501e-01
1.534068475681821253e-01
1.534068473321931192e-01
1.534068447735777996e-01
1.534068415319502221e-01
1.534068380555733413e-01
1.534068328382318380e-01
1.534068303668036370e-01
1.534068280347730961e-01
1.534068270060083838e-01
1.534068240586122234e-01
1.534068234004130060e-01
1.534068219660717214e-01
1.534068189137667848e-01
1.534068164623736685e-01
1.534068133236060061e-01
1.534068137244131991e-01
1.534068118431939909e-01
1.534068035837667654e-01
1.534068021863085052e-01
1.534068018318348048e-01
1.534067957284880601e-01
1.534067898797531748e-01
1.534067859644201448e-01
1.534067848107184551e-01
1.534067836043953026e-01
1.534067859411448187e-01
1.534067817280727053e-01
1.534067791379514212e-01
1.534067810486683670e-01
1.534067755370381869e-01
1.534067697558245680e-01
1.534067617566082231e-01
1.534067637623635627e-01
1.534067593530494822e-01
1.534067601047482410e-01
1.534067581054369411e-01
1.534067541348852759e-01
1.534067495265294956e-01
1.534067446631963427e-01
1.534067411171689266e-01
1.534067417595672833e-01
1.534067385158229546e-01
1.534067380844237327e-01
1.534067311177989279e-01
1.534067301537299921e-01
1.534067282785120667e-01
1.534067337408112075e-01
1.534067419701141688e-01
1.534067431616278621e-01
1.534067403144792341e-01
1.534067351085479647e-01
1.534067344070831340e-01
1.534067355737167293e-01
1.534067352992558031e-01
1.534067323916032399e-01
1.534067285497894839e-01
1.534067256439236027e-01
1.534067244194893820e-01
1.534067192901204246e-01
1.534067197788233639e-01
1.534067203339218866e-01
1.534067173041031296e-01
1.534067152720860749e-01
1.534067115650543101e-01
1.534067054907114480e-01
1.534067026303697900e-01
1.534066921176462650e-01
1.534066862607884052e-01
1.534066845335279872e-01
1.534066867139140256e-01
1.534066849833198853e-01
1.534066832921054113e-01
1.534066815260465011e-01
1.534066779415859672e-01
1.534066826738061939e-01
1.534066772568414561e-01
1.534066784763825630e-01
1.534066684981259532e-01
1.534066736636632289e-01
1.534066749719904532e-01
1.534066720645505810e-01
1.534066689726327481e-01
1.534066703107520580e-01
1.534066720914784854e-01
1.534066783037468518e-01
1.534066837671479722e-01
1.534066862434372014e-01
1.534066881595444742e-01
1.534066921111690296e-01
1.534066921624358260e-01
1.534066946197003845e-01
1.534066963661053773e-01
1.534067013554152592e-01
1.534066980709249961e-01
1.534067019228369799e-01
1.534066969459669805e-01
1.534066985166822050e-01
1.534066973716753379e-01
1.534066990456972590e-01
1.534066950035697929e-01
1.534066905402720338e-01
1.534066882555260580e-01
1.534066883108826940e-01
1.534066886016696440e-01
1.534066863874608277e-01
1.534066850924846181e-01
1.534066841860247665e-01
1.534066806190168275e-01
1.534066766810331661e-01
1.534066722801026295e-01
1.534066710395208810e-01
1.534066663722813140e-01
1.534066635280895985e-01
1.534066606449299708e-01
1.534066588914212159e-01
1.534066537374478845e-01
1.534066507480198738e-01
1.534066485274821201e-01
1.534066449838444590e-01
1.534066394311493775e-01
1.534066352543978495e-01
1.534066293847582974e-01
1.534066281348616390e-01
1.534066260463081977e-01
1.534066248835189439e-01
1.534066215959791202e-01
1.534066200940874258e-01
1.534066178889033072e-01
1.534066161134182704e-01
1.534066132618604195e-01
1.534066120592691151e-01
1.534066109271758904e-01
1.534066086598969980e-01
1.534066042360428539e-01
1.534066033355279413e-01
1.534066019384017487e-01
1.534066018462173220e-01
1.534065981780802501e-01
1.534065965163890488e-01
1.534065941681860279e-01
1.534065917910193422e-01
1.534065900589091647e-01
1.534065880844158458e-01
1.534065829590290087e-01
1.534065799421382992e-01
1.534065756200218844e-01
1.534065726401801777e-01
1.534065672749005127e-01
1.534065630086987875e-01
1.534065564640217372e-01
1.534065524916193857e-01
1.534065456406210060e-01
1.534065402146526924e-01
1.534065328648974991e-01
1.534065289765858819e-01
1.534065218474711390e-01
1.534065149324480570e-01
1.534065076312736142e-01
1.534065037514673879e-01
1.534064956567317561e-01
1.534064899427105555e-01
1.534064832275416623e-01
1.534064782976828634e-01
1.534064728892614859e-01
1.534064691541159320e-01
1.534064637473869230e-01
1.534064599949954699e-01
1.534064575488791327e-01
1.534064578818824243e-01
1.534064569271265943e-01
1.534064556210636421e-01
1.534064532225557498e-01
1.534064549238194353e-01
1.534064558239722764e-01
1.534064586093566440e-01
1.534064602219475382e-01
1.534064664144524082e-01
1.534064671462431195e-01
1.534064716904078030e-01
1.534064770760147911e-01
1.534064819895542553e-01
1.534064869453064806e-01
1.534064949947893386e-01
1.534065054073393830e-01
1.534065145922807738e-01
1.534065235029212493e-01
1.534065329929946431e-01
1.534065423057413280e-01
1.534065553002073312e-01
1.534065626383855074e-01
1.534065749466202444e-01
1.534065842496089294e-01
1.534065956392640651e-01
1.534066030654619994e-01
1.534066168153352394e-01
1.534066257834008074e-01
1.534066353171862351e-01
1.534066411941185648e-01
1.534066514428845396e-01
1.534066624377303234e-01
1.534066721988705528e-01
1.534066783234829812e-01
1.534066874951128256e-01
1.534066955314938030e-01
1.534067003885203895e-01
1.534067088040942661e-01
1.534067178864175485e-01
1.534067250547132832e-01
1.534067370969490196e-01
1.534067468261337830e-01
1.534067565994153004e-01
1.534067654093587973e-01
1.534067729057342067e-01
1.534067792521463802e-01
1.534067899432033644e-01
1.534067961525591162e-01
1.534068080308586546e-01
1.534068142862532735e-01
1.534068248990525518e-01
1.534068303638044806e-01
1.534068428272466755e-01
1.534068527143994110e-01
1.534068628336543727e-01
1.534068686004958493e-01
1.534068732883262509e-01
1.534068795326047063e-01
1.534068874155818385e-01
1.534068914414573048e-01
1.534068944563330428e-01
1.534068966872021711e-01
1.534069028129564360e-01
1.534069038765717985e-01
1.534069079827169724e-01
1.534069077780196855e-01
1.534069093623649516e-01
1.534069063812076861e-01
1.534069056783336216e-01
1.534069013708924401e-01
1.534069000644885383e-01
1.534068963573899103e-01
1.534068948064475912e-01
1.534068906535112353e-01
1.534068879848590194e-01
1.534068829597922401e-01
1.534068796129819945e-01
1.534068711235743454e-01
1.534068654974370949e-01
1.534068569321689057e-01
1.534068525087016466e-01
1.534068460558220826e-01
1.534068406779076910e-01
1.534068333056991529e-01
1.534068281548870427e-01
1.534068196505712911e-01
1.534068136865823218e-01
1.534068060257906541e-01
1.534068011343228677e-01
1.534067941318466854e-01
1.534067890877897078e-01
1.534067826649294364e-01
1.534067779571798573e-01
1.534067717147508114e-01
1.534067678721702244e-01
1.534067617232249270e-01
1.534067571437889022e-01
1.534067511476212009e-01
1.534067474208715420e-01
1.534067415236388121e-01
1.534067378978416774e-01
1.534067318121601353e-01
1.534067283301956963e-01
1.534067233336556535e-01
1.534067197730721865e-01
1.534067149719032241e-01
1.534067122751129331e-01
1.534067080326996513e-01
1.534067056128473605e-01
1.534067007671888472e-01
1.534066987236051560e-01
1.534066948250406015e-01
1.534066929064508700e-01
1.534066897489726466e-01
1.534066883566525541e-01
1.534066849296998047e-01
1.534066839612684696e-01
1.534066811540296671e-01
1.534066803338964557e-01
1.534066771899620374e-01
1.534066764186726994e-01
1.534066740048991018e-01
1.534066734353463912e-01
1.534066711409406980e-01
1.534066706834030236e-01
1.534066682232549939e-01
1.534066674472271130e-01
1.534066650549196498e-01
1.534066644171049876e-01
1.534066618298318696e-01
1.534066608419758782e-01
1.534066580115378831e-01
1.534066570646984151e-01
1.534066539979880295e-01
1.534066528171860455e-01
1.534066495935919872e-01
1.534066482034124046e-01
1.534066447608445627e-01
1.534066433106609784e-01
1.534066399706979222e-01
1.534066383007122447e-01
1.534066344409930893e-01
1.534066324818406657e-01
1.534066282597372211e-01
1.534066257049525039e-01
1.534066213943771628e-01
1.534066191209186858e-01
1.534066151087847829e-01
1.534066126715619982e-01
1.534066084263745189e-01
1.534066060251950137e-01
1.534066012426875403e-01
1.534065988192254149e-01
1.534065942800973692e-01
1.534065919587762616e-01
1.534065880753908429e-01
1.534065864880214680e-01
1.534065834222207159e-01
1.534065825022156992e-01
1.534065797860829639e-01
1.534065799828999710e-01
1.534065789779001099e-01
1.534065803595134059e-01
1.534065804163084468e-01
1.534065832070757307e-01
1.534065850567498390e-01
1.534065893176064788e-01
1.534065924354861277e-01
1.534065984846121333e-01
1.534066034763293396e-01
1.534066109182322946e-01
1.534066178431608418e-01
1.534066274796753171e-01
1.534066361064169159e-01
1.534066476216491004e-01
1.534066575717793757e-01
1.534066700512473624e-01
1.534066810415992688e-01
1.534066950132359219e-01
1.534067074053532820e-01
1.534067221451750895e-01
1.534067351954832570e-01
1.534067505455382341e-01
1.534067643047962448e-01
