7.871310037529639885e+03
8.467793767019638835e+03
8.098343786994810216e+03
8.912321038425741790e+03
8.629118498485722739e+03
9.489830540007467789e+03
9.304715343386891618e+03
1.012490144423189304e+04
1.002582157015799385e+04
1.076779948994576262e+04
1.074067777738828590e+04
1.138694623370246700e+04
1.141208037886944658e+04
1.197051420652416346e+04
1.202667717774752600e+04
1.250026494708189603e+04
1.257654313638678286e+04
1.297688353380013541e+04
1.306523719734219048e+04
1.340137207029786077e+04
1.349132203798156297e+04
1.377390480379177825e+04
1.386632857283309568e+04
1.409817290800902083e+04
1.418632116573288658e+04
1.438090255450004770e+04
1.446569546700131104e+04
1.462617079246108915e+04
1.469954301974878399e+04
1.484105131912876095e+04
1.490535570935605210e+04
1.502102970791632470e+04
1.508394107451121818e+04
1.517886735813448104e+04
1.522902857697667423e+04
1.531802979514966319e+04
1.535692789761627137e+04
1.542953203379912520e+04
1.547303517305571586e+04
1.553064486650090657e+04
1.556355325161249493e+04
1.561596953204038437e+04
1.564277159360739461e+04
1.568942708353110356e+04
1.571797833526179966e+04
1.574984174359321150e+04
1.577911647838681893e+04
1.580628346871655231e+04
1.583268944661512433e+04
1.585460804513341645e+04
1.587802102014745105e+04
1.589324953626518254e+04
1.591958809431317604e+04
1.593446910721473614e+04
1.595169644972747119e+04
1.596840099328414362e+04
1.598175139221104109e+04
1.599991284386400366e+04
1.600548789929527265e+04
1.602652649292974456e+04
1.602772270774335993e+04
1.604990603957206258e+04
1.605426587495194326e+04
1.607073565747012617e+04
1.607206690632098434e+04
1.609537041711282291e+04
1.608418969667296733e+04
1.611545562166897253e+04
1.609957683060006821e+04
1.613399670628696913e+04
1.612229477225108349e+04
1.614210844232283489e+04
1.614008256203958808e+04
1.615356789793481221e+04
1.615923448363108400e+04
1.616329587344825450e+04
1.617458944756344317e+04
1.617720145888406114e+04
1.618676128566455009e+04
1.619266567356825180e+04
1.619634571702051653e+04
1.620572326206764046e+04
1.620704293784862784e+04
1.621342201753495829e+04
1.622437407267750314e+04
1.622402019376614771e+04
1.623382302003691802e+04
1.623624398885746996e+04
1.624836965201477869e+04
1.624154246078077631e+04
1.625877337511727274e+04
1.625790163920807754e+04
1.626306699221544841e+04
1.626890970187667699e+04
1.627658359526728782e+04
1.628120702994331259e+04
1.628491427217967976e+04
1.629413272368292746e+04
1.628937369056673197e+04
1.631063947446623570e+04
1.629545024986726276e+04
1.631642869760840040e+04
1.631081413838653316e+04
1.632752719148801225e+04
1.631950019310474636e+04
1.633734493387795010e+04
1.633034341962288272e+04
1.634773886178921384e+04
1.634257775598298213e+04
1.635294521408693436e+04
1.635735031361515212e+04
1.635647816772443730e+04
1.637056795692068226e+04
1.636359311610006625e+04
1.638292619960833690e+04
1.637318985032263117e+04
1.639315206590475282e+04
1.638438396595023733e+04
1.640124576765021629e+04
1.639909335662525700e+04
1.640653454549673188e+04
1.641188920838574631e+04
1.641211114959259066e+04
1.642666865759633947e+04
1.641891943753590022e+04
1.643725301044983644e+04
1.643140891635866137e+04
1.644790516144039793e+04
1.644068690939751468e+04
1.645098930979893339e+04
1.645738280394097819e+04
1.646146671580911061e+04
1.646884831218486943e+04
1.646962943073944189e+04
1.647110703191864013e+04
1.648307312011589238e+04
1.648438628814968615e+04
1.648889716301889348e+04
1.650069370538365911e+04
1.649626353851470776e+04
1.650875719068395119e+04
1.650846404234728834e+04
1.651647819212582181e+04
1.652346645600873671e+04
1.652148399185457674e+04
1.653268578217696995e+04
1.653446015795515996e+04
1.654361617164880226e+04
1.654059218465803860e+04
1.655223388744603653e+04
1.655548524315041141e+04
1.656477163247983844e+04
1.656381245123535336e+04
1.657138414265591564e+04
1.657336225659137563e+04
1.657969644215842709e+04
1.658372046037238761e+04
1.659417584043359238e+04
1.659447142486678058e+04
1.660214838218442310e+04
1.660709328971268405e+04
1.661225573007890489e+04
1.661308542885942006e+04
1.662202392797324137e+04
1.662175406787099564e+04
1.664150388682060657e+04
1.662918418972162908e+04
1.664425985824460440e+04
1.664514426645995991e+04
1.665222903839143328e+04
1.665745984291223431e+04
1.666510716053183569e+04
1.666429476928899385e+04
1.667508796883305331e+04
1.667632906963613277e+04
1.668515829631627639e+04
1.668284405234053338e+04
1.670009389378642663e+04
1.669596515876332342e+04
1.670500997393787111e+04
1.670649445948682114e+04
1.671728526685103861e+04
1.671748469922527875e+04
1.672383167286764728e+04
1.672567924090860470e+04
1.673591351591348939e+04
1.673567620154920587e+04
1.674762746991644963e+04
1.674394325645977733e+04
1.676246894209007223e+04
1.674912882898919270e+04
1.676835208886311011e+04
1.676739545533911587e+04
1.677527323159243679e+04
1.678299130954873181e+04
1.678364774348830542e+04
1.679281095660359279e+04
1.679064336970944350e+04
1.680535933350781488e+04
1.679835291317146402e+04
1.681600971362622658e+04
1.681605852301257255e+04
1.682222938989895556e+04
1.682260875603609384e+04
1.683438283350339043e+04
1.683456735393196868e+04
1.684377749553759350e+04
1.684347109078162612e+04
1.685747117369286570e+04
1.685187221441888687e+04
1.686487340291441433e+04
1.686772061523896991e+04
1.687050780515220686e+04
1.688507516848264277e+04
1.687770419512930675e+04
1.689150286369744208e+04
1.689821333121004864e+04
1.689500457109507988e+04
1.690571953561145347e+04
1.691041117002479223e+04
1.691574694566983453e+04
1.692126016526749663e+04
1.692688894744280697e+04
1.692873988354258472e+04
1.693862613460316788e+04
1.693733873197487992e+04
1.694699321488239366e+04
1.695318285816557182e+04
1.695514064198435153e+04
1.696561193198667388e+04
1.696647726368280928e+04
1.697450468307053598e+04
1.697818274021848629e+04
1.698271394839376444e+04
1.699067901209837510e+04
1.699508458553328092e+04
1.700065070556256251e+04
1.699962690973304780e+04
1.701530922078233925e+04
1.701178381941968473e+04
1.702392016595754831e+04
1.702449250582911918e+04
1.703129038770112675e+04
1.703918391920261638e+04
1.704217060221022984e+04
1.704643493531161948e+04
1.705115453926055488e+04
1.706253952049302461e+04
1.705482429394464998e+04
1.707526727290530835e+04
1.707008454125971548e+04
1.708359713556675706e+04
1.707846130972452738e+04
1.709268918849962211e+04
1.709006283865899968e+04
1.710711237677834288e+04
1.709900765566496557e+04
1.711873332173407107e+04
1.711082991215552465e+04
1.712733464774119784e+04
1.712136364308564225e+04
1.714005214900276405e+04
1.712811248332611285e+04
1.715093383194860144e+04
1.713870649723526003e+04
1.716351305802327624e+04
1.714754710152995904e+04
1.717352055866131559e+04
1.716181825901808406e+04
1.717860380824838649e+04
1.717987782375505412e+04
1.718799178553761521e+04
1.719041563018375018e+04
1.719688648688787362e+04
1.720154524204951304e+04
1.720333238137758599e+04
1.721449895043497236e+04
1.721612995842219243e+04
1.722947759386325197e+04
1.722580063471712492e+04
1.723754194519027442e+04
1.723918449388685985e+04
1.724658108613718287e+04
1.724919298555077330e+04
1.725347823242484810e+04
1.726305927854555193e+04
1.726683814349972090e+04
1.727704665479050527e+04
1.727258173065308802e+04
1.729096188144680855e+04
1.728347894855168852e+04
1.729782493476098171e+04
1.729345354127568135e+04
1.731266696158060222e+04
1.730459872728561095e+04
1.731906115777078230e+04
1.731497188376173290e+04
1.733298502802650182e+04
1.733092227172796629e+04
1.734015765681368794e+04
1.734043354281132633e+04
1.734890062854823191e+04
1.735390393941376533e+04
1.736326375034578814e+04
1.736178210132572713e+04
1.737239653258907492e+04
1.737286578809487764e+04
1.738606335244300135e+04
1.738210722041671761e+04
1.739639650578837609e+04
1.739773472053654768e+04
1.740719211152808566e+04
1.741029162223537423e+04
1.741495725822653185e+04
1.741940556629710409e+04
1.742903911260855966e+04
1.742887649737768515e+04
1.744224519059689555e+04
1.744001856582508117e+04
1.745025693509630582e+04
1.744808885617734632e+04
1.746463194107880918e+04
1.745941153190658224e+04
1.747703824411988899e+04
1.747005636655633862e+04
1.748746271531553430e+04
1.748046733348028647e+04
1.750291797803838563e+04
1.748836680025060923e+04
1.751303066831763135e+04
1.750626676027585199e+04
1.751926543477389714e+04
1.751759612566452051e+04
1.752652685085744088e+04
1.753045961683821952e+04
1.753938085227517149e+04
1.753988216649888636e+04
1.755361553553573322e+04
1.754629157753277104e+04
1.756355399146090349e+04
1.755738493809614010e+04
1.758120772972213672e+04
1.756581118718442303e+04
1.759136731291204705e+04
1.757939615180917826e+04
1.759861823297700175e+04
1.759649672322013794e+04
1.760477967109369638e+04
1.761022194910958933e+04
1.761672248965752442e+04
1.762148000198672526e+04
1.762730456275121469e+04
1.763166373922728962e+04
1.764065221483894493e+04
1.764227875306199712e+04
1.765427607035246183e+04
1.765199586068216740e+04
1.766406229271026677e+04
1.766454642430963577e+04
1.767398001551574998e+04
1.767595758890519937e+04
1.768984683786621099e+04
1.768102668990205348e+04
1.770419852179377631e+04
1.769521037466847702e+04
1.771539028633119597e+04
1.770317122026470315e+04
1.773117541354988862e+04
1.771293057180654068e+04
1.774034879013641694e+04
1.772219906606461882e+04
1.775330259857299461e+04
1.773373652327282616e+04
1.776303652657502971e+04
1.775354647552013193e+04
1.776941570006562688e+04
1.776593915970404851e+04
1.777496945170089020e+04
1.777890000827663243e+04
1.778958687978759554e+04
1.778558607540775483e+04
1.780573565141045037e+04
1.779637244214504608e+04
1.781729648501414340e+04
1.781249113789691182e+04
1.782128748716931295e+04
1.783376459015412547e+04
1.782727133642614353e+04
1.783848997574809982e+04
1.785093714791158709e+04
1.784058129824298157e+04
1.786663014233371359e+04
1.785696673657951033e+04
1.787164416040159631e+04
1.786641334454177922e+04
1.788091534722230426e+04
1.788515618715872915e+04
1.788602741912940110e+04
1.789783028235808888e+04
1.789787012903441791e+04
1.791663903615655727e+04
1.790987463119127642e+04
1.792320697543522692e+04
1.792002470805566554e+04
1.793919179010793596e+04
1.792810985086039364e+04
1.794900660786586013e+04
1.794270050100989465e+04
1.796209153151835562e+04
1.795022238542545892e+04
1.796790024087419806e+04
1.796642933103448013e+04
1.798152968608822266e+04
1.798065544251655956e+04
1.799499033151808180e+04
1.799209618484948805e+04
1.800962906383697555e+04
1.800003360978810815e+04
1.802381543165216135e+04
1.801293289131252823e+04
1.803347700075465764e+04
1.802347806042281445e+04
1.804634066059832548e+04
1.803680282877693026e+04
1.805942051733203334e+04
1.804087058223321583e+04
1.807067170134326807e+04
1.805807929468646398e+04
1.807827445958509998e+04
1.807409225564637018e+04
1.809284918805670168e+04
1.807850286467894330e+04
1.810444083733148000e+04
1.809116892096504671e+04
1.811646358621339459e+04
1.810578329060773467e+04
1.812041847022057482e+04
1.812927193510445795e+04
1.813030408145442925e+04
1.814176224949773314e+04
1.813575671756837619e+04
1.815109035036454952e+04
1.814828296932230660e+04
1.816318230499097263e+04
1.816628707031762315e+04
1.816967603652076650e+04
1.817912649665584468e+04
1.818521473798681836e+04
1.819106673645812771e+04
1.819949070165237936e+04
1.819946174839008745e+04
1.821468919445258143e+04
1.821118619312145529e+04
1.822185907095221410e+04
1.822549199605875765e+04
1.823705650520962081e+04
1.822954256556121982e+04
1.825745092930848477e+04
1.824460255150503144e+04
1.825462485972229115e+04
1.826521649839151360e+04
1.827190060798538616e+04
1.827382393791306822e+04
1.827951161870640499e+04
1.828254021985398140e+04
1.830114682211515537e+04
1.828509491407564929e+04
1.831766599223624871e+04
1.829990176481776143e+04
1.832854978539699732e+04
1.831599709562001226e+04
1.833043710443976306e+04
1.833272431685095944e+04
1.834402358444760466e+04
1.834176383393232391e+04
1.835590670793135359e+04
1.836194589646704844e+04
1.836829776542086620e+04
1.837502701833199171e+04
1.837513503432888683e+04
1.838858234421736779e+04
1.838786004467554812e+04
1.839749479005968169e+04
1.839979872828293810e+04
1.840733507676772570e+04
1.841556383634296071e+04
1.842240887696944992e+04
1.842979488521809981e+04
1.843382423678637861e+04
1.843929708236744045e+04
1.844456091009502416e+04
1.845416200061190830e+04
1.845582562870627225e+04
1.847056583713759392e+04
1.846547030572326912e+04
1.848204087443940807e+04
1.847345372446711553e+04
1.849963572161227057e+04
1.848973110243464907e+04
1.850823680190074083e+04
1.850480785670864134e+04
1.851495617615486117e+04
1.851139392026128189e+04
1.853551801859903935e+04
1.852372018251307236e+04
1.854605120204420018e+04
1.853947241787552775e+04
1.855563515849976466e+04
1.855092569070983882e+04
1.856941305813735380e+04
1.855953157041500526e+04
1.858393495802337566e+04
1.857217769147133004e+04
1.859515272335329428e+04
1.859026733222740950e+04
1.860120049653088790e+04
1.859907579969253493e+04
1.861656010567172416e+04
1.861463399890498840e+04
1.862474365052652865e+04
1.863024275445732565e+04
1.863635036889961339e+04
1.863844058678873262e+04
1.864597784996891278e+04
1.865746440807027830e+04
1.866213213836578143e+04
1.865843401906445433e+04
1.868066548042867362e+04
1.866339390426224054e+04
1.870449485638141050e+04
1.867937297923962615e+04
1.871591503693320556e+04
1.868899183233903750e+04
1.872427355196084682e+04
1.870637305876240134e+04
1.873662902914941515e+04
1.872142064039794786e+04
1.873941177103108930e+04
1.874298074078758509e+04
1.874729895572654641e+04
1.876529945613327436e+04
1.874832112806590521e+04
1.878127730250087916e+04
1.876448115878521639e+04
1.879513896888636009e+04
1.876803107371376245e+04
1.880306919685026878e+04
1.879058420993010077e+04
1.880691492659785217e+04
1.880359618233558649e+04
1.882493925555591341e+04
1.881267821786139393e+04
1.883410717227811256e+04
1.883575490151159465e+04
1.884573484565848776e+04
1.884236611845171137e+04
1.886646172777476386e+04
1.885390525319158041e+04
1.887335401313710463e+04
1.887360256217828282e+04
1.888100061760749668e+04
1.888610090378022142e+04
1.889513045061723096e+04
1.889821562283659659e+04
1.890797835996202048e+04
1.891109772905517457e+04
1.891267706505451861e+04
1.893715984384691546e+04
1.892186782441690593e+04
1.894854760136307596e+04
1.894202669001655522e+04
1.895810484806971363e+04
1.895388041228020302e+04
1.897133364999888727e+04
1.895996318222545233e+04
1.898859801263280315e+04
1.897523810086838057e+04
1.900410439754345134e+04
1.898719036096146010e+04
1.900795844748306263e+04
1.900731890332762123e+04
1.901745771282279020e+04
1.901401043567548186e+04
1.904578630874818555e+04
1.902091390983878955e+04
1.905617490226051086e+04
1.904030422675193404e+04
1.906103033561499615e+04
1.905695025791406442e+04
1.907534103968544514e+04
1.905815461234638497e+04
1.909540621324079621e+04
1.907175599384795350e+04
1.911433662988576543e+04
1.909255686375966616e+04
1.911244826597354040e+04
1.911172459101737331e+04
1.912543270184343419e+04
1.913220003855039249e+04
1.912306277276629771e+04
1.915245563120359293e+04
1.913421748452723477e+04
1.915596996150562336e+04
1.916378919443682389e+04
1.916336875400161443e+04
1.917699527531633066e+04
1.917781548585216296e+04
1.919013587360095698e+04
1.919070600128948718e+04
1.920734975934082104e+04
1.919888982252894857e+04
1.921236351658753847e+04
1.921407884235310485e+04
1.922706309560375303e+04
1.922282823785285291e+04
1.924831030259269028e+04
1.924269100719195922e+04
1.925281301540026470e+04
1.926280285584257217e+04
1.926258602777316264e+04
1.926704948958951354e+04
1.927854163662210340e+04
1.928334955332316167e+04
1.929359778007740169e+04
1.928953629438154894e+04
1.931234670431810082e+04
1.930518657871729010e+04
1.931804105421360146e+04
1.932683969741394685e+04
1.933045722557736372e+04
1.933616541172920552e+04
1.934410387622593407e+04
1.935258381568615368e+04
1.935563605055494918e+04
1.936146802496157761e+04
1.936428276603687846e+04
1.937749771273877559e+04
1.938524446451619224e+04
1.939109206053779781e+04
1.939229525074016419e+04
1.940924951153328584e+04
1.940688953230888364e+04
1.942397895157029052e+04
1.941813129299864886e+04
1.942924204481398920e+04
1.943863254908871022e+04
1.944532524421135895e+04
1.945073381140804122e+04
1.945464463216142758e+04
1.947042805409628636e+04
1.946794968705799693e+04
1.948254715547847445e+04
1.948724070008004128e+04
1.948990293144642055e+04
1.949557604806623203e+04
1.950298423423686472e+04
1.951462456791725344e+04
1.952132370926719523e+04
1.951389530222334361e+04
1.954252257428325902e+04
1.953013490733619255e+04
1.955299681280349978e+04
1.953553538041182037e+04
1.956405334995106750e+04
1.956270241658065424e+04
1.957905750673575312e+04
1.956547650105183857e+04
1.960084748482197028e+04
1.957815501185234825e+04
1.961420024704332900e+04
1.958839929141392349e+04
1.963183661969894456e+04
1.960489351839583833e+04
1.963375085434578068e+04
1.962985134984964316e+04
1.964012471612618538e+04
1.965307268628138263e+04
1.964801295681662305e+04
1.966053100950998487e+04
1.967245045136932822e+04
1.966476446714453778e+04
1.968088578676128236e+04
1.969084040875764549e+04
1.968822413521452108e+04
1.970423246789658151e+04
1.970329354695106667e+04
1.971168518528382992e+04
1.972635480803644168e+04
1.972414363017923824e+04
1.974173124275662121e+04
1.973917336325318320e+04
1.974962871280047693e+04
1.975854403895555151e+04
1.976470663992877599e+04
1.976293120011040446e+04
1.978174735868817515e+04
1.977454347807919839e+04
1.979203767336677265e+04
1.979457928581813030e+04
1.981086389491928639e+04
1.979800500951430877e+04
1.983418822559063483e+04
1.981781652280140042e+04
1.983808666315062874e+04
1.983775896069786540e+04
1.985051089336391306e+04
1.985313410659440342e+04
1.986031879683833540e+04
1.986648608660772516e+04
1.987519013555071797e+04
1.987942905691755004e+04
1.988532339603331639e+04
1.989633159281978078e+04
1.989696851399210937e+04
1.991348167146853666e+04
1.991098247049319980e+04
1.992122336408268893e+04
1.992373511652474190e+04
1.993735038303180409e+04
1.994750343186284590e+04
1.994423416529292808e+04
1.996751517064514337e+04
1.995585586594291453e+04
1.997728914234940748e+04
1.997652157631794398e+04
1.998199197109060697e+04
1.999336061643435823e+04
2.000300224957602040e+04
1.999852610256755725e+04
2.001734155058202668e+04
2.001972531450745737e+04
2.002512012717856123e+04
2.003564698704414332e+04
2.004758803418978277e+04
2.004383514601091883e+04
2.006975262473086332e+04
2.004782037202494030e+04
2.008513599478981996e+04
2.006664721679208742e+04
2.009523274994693929e+04
2.008364234455898986e+04
2.010120770317331699e+04
2.010601611063598830e+04
2.011238372492906637e+04
2.011752691147243604e+04
2.012922623914968426e+04
2.013539304915440880e+04
2.013809442794992719e+04
2.015398442662187881e+04
2.015081054836170370e+04
2.017219245367465192e+04
2.016781534376332274e+04
2.017667642240806890e+04
2.017713163933561373e+04
2.019056011709315499e+04
2.019811422566206238e+04
2.020441182530072547e+04
2.020604899315574585e+04
2.021866130835346848e+04
2.022388576665583605e+04
2.022720196730129101e+04
2.024803291927107784e+04
2.024040594303252146e+04
2.026066554136636114e+04
2.026481400852934530e+04
2.026639193396934570e+04
2.028115078077457292e+04
2.027976695572205426e+04
2.029096972730987545e+04
2.029807570938982826e+04
2.030801109194189485e+04
2.030359981855007209e+04
2.032940753515085817e+04
2.031676645237972480e+04
2.034598999819447636e+04
2.033162503108322562e+04
2.035696671158185927e+04
2.035174988380881769e+04
2.036028852582014952e+04
2.037003098915687951e+04
2.037582772839992685e+04
2.038450796811401233e+04
2.039354524353427769e+04
2.040369629429539782e+04
2.039814879127339009e+04
2.042959241337466301e+04
2.040380230091993508e+04
2.044625315421573760e+04
2.042348396607124960e+04
2.044587440685045294e+04
2.045053955361864428e+04
2.045983960052228576e+04
2.045228585976381146e+04
2.047673252705606137e+04
2.047489450331692569e+04
2.049118815063885268e+04
2.049477276043946767e+04
2.049518572032128577e+04
2.051336971017962424e+04
2.051493962645078136e+04
2.052792547160275717e+04
2.051800501434365651e+04
2.054283239538264752e+04
2.054015196383985312e+04
2.055818030547589296e+04
2.055701186248193699e+04
2.056512949304259746e+04
2.057476835066161220e+04
2.057759079630216365e+04
2.059308251173430835e+04
2.059727009553105745e+04
2.060580067058012355e+04
2.061491896829759571e+04
2.061108694509218913e+04
2.062979621916894394e+04
2.063002121277393599e+04
2.064218744456363129e+04
2.064995496056018965e+04
2.066274086229933891e+04
2.065645319058731911e+04
2.068433541417461674e+04
2.066662700051598949e+04
2.069364791821044128e+04
2.068221450141999230e+04
2.070265696132314770e+04
2.070046594756108243e+04
2.071445640099213779e+04
2.072481166583305458e+04
2.072153834362389898e+04
2.074528259327277192e+04
2.073744997018399954e+04
2.075768380851411348e+04
2.075311174682564888e+04
2.077032140291771066e+04
2.076879202743924543e+04
2.079191415127068467e+04
2.078404964066350658e+04
2.080106887661560540e+04
2.080313488659283030e+04
2.080878062396795212e+04
2.082131686438144243e+04
2.083038086074315652e+04
2.082462976752723989e+04
2.084334134867554894e+04
2.084683945264736758e+04
2.086158688291933504e+04
2.086265115301441256e+04
2.087304112178314972e+04
2.087065633781588986e+04
2.089696163219332084e+04
2.088915634699089424e+04
2.091419428591536416e+04
2.090212748949397064e+04
2.092117852748859150e+04
2.091269668363339224e+04
2.094599628370685241e+04
2.092903712612437084e+04
2.095823325962394301e+04
2.095149736747332281e+04
2.096448236138958964e+04
2.096608138290743227e+04
2.098277345770139800e+04
2.097533401609360953e+04
2.101025531194893119e+04
2.097789584175195341e+04
2.102864909451810308e+04
2.100348621181377166e+04
2.102979325707128010e+04
2.103703378536119271e+04
2.104254029853722750e+04
2.104159215864312137e+04
2.105728035108534095e+04
2.105658020544802275e+04
2.107306157223761693e+04
2.106847438092342782e+04
2.108135001014218506e+04
2.110630174383479971e+04
2.107985794168884604e+04
2.113097714682410151e+04
2.109929467191024014e+04
2.114271612541921422e+04
2.112010252784095792e+04
2.114962144781685129e+04
2.113868538080268991e+04
2.115455741614011276e+04
2.116188366407871217e+04
2.116740874073546001e+04
2.117647046612964914e+04
2.118503310822011190e+04
2.118541198965893636e+04
2.120198745907419288e+04
2.119791397208396666e+04
2.122385389475656120e+04
2.121530650073869401e+04
2.123883415536188113e+04
2.123014865680246658e+04
2.125030960334820702e+04
2.125188771402184648e+04
2.126582264734468481e+04
2.126851523937947786e+04
2.127627057099714148e+04
2.127745199312768091e+04
2.129466389077440544e+04
2.129230507571630005e+04
2.131471578594773018e+04
2.130563844837026772e+04
2.133751271887345865e+04
2.131760895174610414e+04
2.135793474346382209e+04
2.132458315598934132e+04
2.138078739844929441e+04
2.133849985948572430e+04
2.139102942121749220e+04
2.135991290976196615e+04
2.140036470462140642e+04
2.138244030864197703e+04
2.140695105122895256e+04
2.141242008625110975e+04
2.142611957008742320e+04
2.142019879975145886e+04
2.143992627187480684e+04
2.144120713023061398e+04
2.144522193007570604e+04
2.146102566742139607e+04
2.146509202420114889e+04
2.147952830191512476e+04
2.146441896371392431e+04
2.150823988624783669e+04
2.147464972827410384e+04
2.151299682606633723e+04
2.150190464933880139e+04
2.153361611187374365e+04
2.152449352637176708e+04
2.153704424239880609e+04
2.154696462820969828e+04
2.154917007312817805e+04
2.157204920068521460e+04
2.155345234051866282e+04
2.158378651763422386e+04
2.156943086562915050e+04
2.161094194888092170e+04
2.158088547164084230e+04
2.162163525280513568e+04
2.160792109921084921e+04
2.163850210518956010e+04
2.161189548218351047e+04
2.165389550131307624e+04
2.162296681128555792e+04
2.167085539335022258e+04
2.165381197557527048e+04
2.168819235211205887e+04
2.165820917426074448e+04
2.170372738574555478e+04
2.167716565381551482e+04
2.171708388785763600e+04
2.170141925004664517e+04
2.173169569521221274e+04
2.172600647848873268e+04
2.173246135583230716e+04
2.174759866243462602e+04
2.174286299323020648e+04
2.176813728873692162e+04
2.175743480214979354e+04
2.178421574413085546e+04
2.177947952226481721e+04
2.179490076908889750e+04
2.179688318338702084e+04
2.180245789175558821e+04
2.182009274361058851e+04
2.181868110540638008e+04
2.184101392276299157e+04
2.183434737355113612e+04
2.185887421326465119e+04
2.185111757282310282e+04
2.186529061793655637e+04
2.188090987850106103e+04
2.186425885079293221e+04
2.189969909196846129e+04
2.188131164258450735e+04
2.192674089220461610e+04
2.188882496920711128e+04
2.193761347019695677e+04
2.192219872504116211e+04
2.194158333445025346e+04
2.194793874767514353e+04
2.194701043710880185e+04
2.196144136134175278e+04
2.197289244745230462e+04
2.198013647668160775e+04
2.198644206896614560e+04
2.199424611147180258e+04
2.200103977897260484e+04
2.200141173214454466e+04
2.203085777345123643e+04
2.201255650365032125e+04
2.204430872897666995e+04
2.203651288803495117e+04
2.206289208963302735e+04
