time H
0.000000000000000000e+00 2.999935791379243141e-02
1.000000000000000021e-02 2.999935747375662848e-02
2.000000000000000042e-02 2.999935705485991255e-02
2.999999999999999889e-02 2.999935666198103729e-02
4.000000000000000083e-02 2.999935629860768158e-02
5.000000000000000278e-02 2.999935596686730335e-02
5.999999999999999778e-02 2.999935566803124329e-02
7.000000000000000666e-02 2.999935540226678077e-02
8.000000000000000167e-02 2.999935516908899466e-02
8.999999999999999667e-02 2.999935496858238335e-02
1.000000000000000056e-01 2.999935479807702352e-02
1.100000000000000006e-01 2.999935466224959782e-02
1.199999999999999956e-01 2.999935455013565469e-02
1.300000000000000044e-01 2.999935446451724649e-02
1.400000000000000133e-01 2.999935440688483029e-02
1.499999999999999944e-01 2.999935436929758448e-02
1.600000000000000033e-01 2.999935435293328567e-02
1.700000000000000122e-01 2.999935435423108435e-02
1.799999999999999933e-01 2.999935436857788934e-02
1.900000000000000022e-01 2.999935439932865933e-02
2.000000000000000111e-01 2.999935444073162719e-02
2.099999999999999922e-01 2.999935449167676418e-02
2.200000000000000011e-01 2.999935454798225570e-02
2.300000000000000100e-01 2.999935460893393344e-02
2.399999999999999911e-01 2.999935467565182853e-02
2.500000000000000000e-01 2.999935474539312460e-02
2.600000000000000089e-01 2.999935481673857499e-02
2.700000000000000178e-01 2.999935489053552271e-02
2.800000000000000266e-01 2.999935496576561916e-02
2.899999999999999800e-01 2.999935504094210573e-02
2.999999999999999889e-01 2.999935511407539335e-02
3.099999999999999978e-01 2.999935518643638555e-02
3.200000000000000067e-01 2.999935525648222273e-02
3.300000000000000155e-01 2.999935532348835254e-02
3.400000000000000244e-01 2.999935539133553875e-02
3.500000000000000333e-01 2.999935545573911497e-02
3.599999999999999867e-01 2.999935551870794997e-02
3.699999999999999956e-01 2.999935557853452076e-02
3.800000000000000044e-01 2.999935563633758170e-02
3.900000000000000133e-01 2.999935569173214911e-02
4.000000000000000222e-01 2.999935574540257485e-02
4.100000000000000311e-01 2.999935579524158277e-02
4.199999999999999845e-01 2.999935584526119275e-02
4.299999999999999933e-01 2.999935589190017363e-02
4.400000000000000022e-01 2.999935593336380130e-02
4.500000000000000111e-01 2.999935597379603525e-02
4.600000000000000200e-01 2.999935601250009604e-02
4.700000000000000289e-01 2.999935604707198306e-02
4.799999999999999822e-01 2.999935607727115955e-02
4.899999999999999911e-01 2.999935610362781599e-02
5.000000000000000000e-01 2.999935612770309248e-02
5.100000000000000089e-01 2.999935614704311512e-02
5.200000000000000178e-01 2.999935616458092313e-02
5.300000000000000266e-01 2.999935617298209872e-02
5.400000000000000355e-01 2.999935617828636616e-02
5.500000000000000444e-01 2.999935617771980548e-02
5.600000000000000533e-01 2.999935617401817273e-02
5.700000000000000622e-01 2.999935616386753198e-02
5.799999999999999600e-01 2.999935614954734112e-02
5.899999999999999689e-01 2.999935612812811014e-02
5.999999999999999778e-01 2.999935610440508660e-02
6.099999999999999867e-01 2.999935607323960668e-02
6.199999999999999956e-01 2.999935603925732788e-02
6.300000000000000044e-01 2.999935599773146527e-02
6.400000000000000133e-01 2.999935595631604210e-02
6.500000000000000222e-01 2.999935590930055684e-02
6.600000000000000311e-01 2.999935585932060611e-02
6.700000000000000400e-01 2.999935580896607307e-02
6.800000000000000488e-01 2.999935575568399293e-02
6.900000000000000577e-01 2.999935570207052510e-02
7.000000000000000666e-01 2.999935564934907289e-02
7.099999999999999645e-01 2.999935559496495763e-02
7.199999999999999734e-01 2.999935554040908739e-02
7.299999999999999822e-01 2.999935548893297235e-02
7.399999999999999911e-01 2.999935543905666441e-02
7.500000000000000000e-01 2.999935539340970250e-02
7.600000000000000089e-01 2.999935534922203509e-02
7.700000000000000178e-01 2.999935530932065775e-02
7.800000000000000266e-01 2.999935527371641597e-02
7.900000000000000355e-01 2.999935524066813658e-02
8.000000000000000444e-01 2.999935521482741466e-02
8.100000000000000533e-01 2.999935519224141908e-02
8.200000000000000622e-01 2.999935517670950652e-02
8.300000000000000711e-01 2.999935516384186901e-02
8.399999999999999689e-01 2.999935515439337494e-02
8.499999999999999778e-01 2.999935515016970838e-02
8.599999999999999867e-01 2.999935515151928855e-02
8.699999999999999956e-01 2.999935515688059023e-02
8.800000000000000044e-01 2.999935516630455878e-02
8.900000000000000133e-01 2.999935518044331492e-02
9.000000000000000222e-01 2.999935519758947441e-02
9.100000000000000311e-01 2.999935521625363144e-02
9.200000000000000400e-01 2.999935523987741146e-02
9.300000000000000488e-01 2.999935526365474919e-02
9.400000000000000577e-01 2.999935529168587869e-02
9.500000000000000666e-01 2.999935532326775817e-02
9.599999999999999645e-01 2.999935535370434198e-02
9.699999999999999734e-01 2.999935538855301106e-02
9.799999999999999822e-01 2.999935542796895727e-02
9.899999999999999911e-01 2.999935546417734078e-02
1.000000000000000000e+00 2.999935550543250673e-02
1.010000000000000009e+00 2.999935554558446141e-02
1.020000000000000018e+00 2.999935559025355275e-02
1.030000000000000027e+00 2.999935563580801573e-02
1.040000000000000036e+00 2.999935568147391041e-02
1.050000000000000044e+00 2.999935572922816929e-02
1.060000000000000053e+00 2.999935577961563779e-02
1.070000000000000062e+00 2.999935582855257216e-02
1.080000000000000071e+00 2.999935588048456558e-02
1.090000000000000080e+00 2.999935592646545482e-02
1.100000000000000089e+00 2.999935597896412343e-02
1.110000000000000098e+00 2.999935603252484179e-02
1.120000000000000107e+00 2.999935609043200696e-02
1.130000000000000115e+00 2.999935614856875932e-02
1.140000000000000124e+00 2.999935620513807105e-02
1.150000000000000133e+00 2.999935626574789030e-02
1.159999999999999920e+00 2.999935632409030800e-02
1.169999999999999929e+00 2.999935638922466424e-02
1.179999999999999938e+00 2.999935645305217002e-02
1.189999999999999947e+00 2.999935651537623260e-02
1.199999999999999956e+00 2.999935658783483422e-02
1.209999999999999964e+00 2.999935665205308993e-02
1.219999999999999973e+00 2.999935672364243897e-02
1.229999999999999982e+00 2.999935679627087348e-02
1.239999999999999991e+00 2.999935687466414105e-02
1.250000000000000000e+00 2.999935695337167113e-02
1.260000000000000009e+00 2.999935702832091933e-02
1.270000000000000018e+00 2.999935710903655142e-02
1.280000000000000027e+00 2.999935719218429359e-02
1.290000000000000036e+00 2.999935727820799564e-02
1.300000000000000044e+00 2.999935737214537435e-02
1.310000000000000053e+00 2.999935746893416313e-02
1.320000000000000062e+00 2.999935756757777378e-02
1.330000000000000071e+00 2.999935766857122349e-02
1.340000000000000080e+00 2.999935777074745624e-02
1.350000000000000089e+00 2.999935787810240409e-02
1.360000000000000098e+00 2.999935798696661687e-02
1.370000000000000107e+00 2.999935809821481156e-02
1.380000000000000115e+00 2.999935821192376700e-02
1.390000000000000124e+00 2.999935832662419671e-02
1.400000000000000133e+00 2.999935844277088273e-02
1.409999999999999920e+00 2.999935855992280631e-02
1.419999999999999929e+00 2.999935867794949890e-02
1.429999999999999938e+00 2.999935879838182967e-02
1.439999999999999947e+00 2.999935891868619336e-02
1.449999999999999956e+00 2.999935903603784954e-02
1.459999999999999964e+00 2.999935915149768220e-02
1.469999999999999973e+00 2.999935926917621926e-02
1.479999999999999982e+00 2.999935938615351516e-02
1.489999999999999991e+00 2.999935949376451513e-02
1.500000000000000000e+00 2.999935959707172861e-02
1.510000000000000009e+00 2.999935970112647260e-02
1.520000000000000018e+00 2.999935979984957868e-02
1.530000000000000027e+00 2.999935989355341504e-02
1.540000000000000036e+00 2.999935998620292116e-02
1.550000000000000044e+00 2.999936006388084428e-02
1.560000000000000053e+00 2.999936014064582060e-02
1.570000000000000062e+00 2.999936022005446346e-02
1.580000000000000071e+00 2.999936028634466595e-02
1.590000000000000080e+00 2.999936033368298671e-02
1.600000000000000089e+00 2.999936039314522393e-02
1.610000000000000098e+00 2.999936042992868215e-02
1.620000000000000107e+00 2.999936047387958410e-02
1.630000000000000115e+00 2.999936050681655669e-02
1.640000000000000124e+00 2.999936053993070006e-02
1.650000000000000133e+00 2.999936056980258975e-02
1.660000000000000142e+00 2.999936058648527970e-02
1.669999999999999929e+00 2.999936060008966815e-02
1.679999999999999938e+00 2.999936061729243514e-02
1.689999999999999947e+00 2.999936062528593683e-02
1.699999999999999956e+00 2.999936062013822818e-02
1.709999999999999964e+00 2.999936063192915753e-02
1.719999999999999973e+00 2.999936063732603145e-02
1.729999999999999982e+00 2.999936064710082007e-02
1.739999999999999991e+00 2.999936064892719245e-02
1.750000000000000000e+00 2.999936064366971397e-02
1.760000000000000009e+00 2.999936064555065035e-02
1.770000000000000018e+00 2.999936066386188482e-02
1.780000000000000027e+00 2.999936065949367764e-02
1.790000000000000036e+00 2.999936065633335494e-02
1.800000000000000044e+00 2.999936065372363000e-02
1.810000000000000053e+00 2.999936065377730929e-02
1.820000000000000062e+00 2.999936065155133641e-02
1.830000000000000071e+00 2.999936065245917272e-02
1.840000000000000080e+00 2.999936064635874353e-02
1.850000000000000089e+00 2.999936064083314965e-02
1.860000000000000098e+00 2.999936063870925484e-02
1.870000000000000107e+00 2.999936063342515530e-02
1.880000000000000115e+00 2.999936063057966756e-02
1.890000000000000124e+00 2.999936062527040759e-02
1.900000000000000133e+00 2.999936062153184951e-02
1.910000000000000142e+00 2.999936061928861614e-02
1.919999999999999929e+00 2.999936061790905648e-02
1.929999999999999938e+00 2.999936061689057951e-02
1.939999999999999947e+00 2.999936061672943410e-02
1.949999999999999956e+00 2.999936061784130165e-02
1.959999999999999964e+00 2.999936061971723855e-02
1.969999999999999973e+00 2.999936062453271296e-02
1.979999999999999982e+00 2.999936062876238166e-02
1.989999999999999991e+00 2.999936063337885206e-02
2.000000000000000000e+00 2.999936064376968956e-02
2.010000000000000231e+00 2.999936065628215284e-02
2.020000000000000018e+00 2.999936066847718255e-02
2.030000000000000249e+00 2.999936068205564382e-02
2.040000000000000036e+00 2.999936069183669479e-02
2.049999999999999822e+00 2.999936070540595509e-02
2.060000000000000053e+00 2.999936072124075384e-02
2.069999999999999840e+00 2.999936073943435672e-02
2.080000000000000071e+00 2.999936075759909032e-02
2.089999999999999858e+00 2.999936078454329413e-02
2.100000000000000089e+00 2.999936081287095033e-02
2.109999999999999876e+00 2.999936084144280354e-02
2.120000000000000107e+00 2.999936087161618470e-02
2.129999999999999893e+00 2.999936090761987778e-02
2.140000000000000124e+00 2.999936094580463869e-02
2.149999999999999911e+00 2.999936098851036653e-02
2.160000000000000142e+00 2.999936103327714709e-02
2.169999999999999929e+00 2.999936108238366109e-02
2.180000000000000160e+00 2.999936113154236944e-02
2.189999999999999947e+00 2.999936118293377446e-02
2.200000000000000178e+00 2.999936123305185429e-02
2.209999999999999964e+00 2.999936128943785779e-02
2.220000000000000195e+00 2.999936134888873257e-02
2.229999999999999982e+00 2.999936140889725503e-02
2.240000000000000213e+00 2.999936146735301262e-02
2.250000000000000000e+00 2.999936152310190424e-02
2.260000000000000231e+00 2.999936158379239853e-02
2.270000000000000018e+00 2.999936164362911051e-02
2.280000000000000249e+00 2.999936170143080102e-02
2.290000000000000036e+00 2.999936176438940116e-02
2.300000000000000266e+00 2.999936182926470768e-02
2.310000000000000053e+00 2.999936189021786340e-02
2.319999999999999840e+00 2.999936195515763224e-02
2.330000000000000071e+00 2.999936202057575801e-02
2.339999999999999858e+00 2.999936208958448036e-02
2.350000000000000089e+00 2.999936216076998577e-02
2.359999999999999876e+00 2.999936223527757684e-02
2.370000000000000107e+00 2.999936231436110129e-02
2.379999999999999893e+00 2.999936240014628580e-02
2.390000000000000124e+00 2.999936249126673032e-02
2.399999999999999911e+00 2.999936259026584479e-02
2.410000000000000142e+00 2.999936269598688782e-02
2.419999999999999929e+00 2.999936280993777474e-02
2.430000000000000160e+00 2.999936293017065048e-02
2.439999999999999947e+00 2.999936305933341082e-02
2.450000000000000178e+00 2.999936319584933092e-02
2.459999999999999964e+00 2.999936334129457011e-02
2.470000000000000195e+00 2.999936349484443043e-02
2.479999999999999982e+00 2.999936365431253582e-02
2.490000000000000213e+00 2.999936381967091212e-02
2.500000000000000000e+00 2.999936399184797986e-02
2.510000000000000231e+00 2.999936416887698937e-02
2.520000000000000018e+00 2.999936434653307712e-02
2.530000000000000249e+00 2.999936452790497032e-02
2.540000000000000036e+00 2.999936471041884933e-02
2.550000000000000266e+00 2.999936489076637444e-02
2.560000000000000053e+00 2.999936506957364551e-02
2.569999999999999840e+00 2.999936524365726456e-02
2.580000000000000071e+00 2.999936541305522203e-02
2.589999999999999858e+00 2.999936557558134653e-02
2.600000000000000089e+00 2.999936573311083945e-02
2.609999999999999876e+00 2.999936588664166640e-02
2.620000000000000107e+00 2.999936602834570032e-02
2.629999999999999893e+00 2.999936616015704341e-02
2.640000000000000124e+00 2.999936628522040238e-02
2.649999999999999911e+00 2.999936639694763402e-02
2.660000000000000142e+00 2.999936650102527635e-02
2.669999999999999929e+00 2.999936659559265112e-02
2.680000000000000160e+00 2.999936667834512613e-02
2.689999999999999947e+00 2.999936675289839247e-02
2.700000000000000178e+00 2.999936682253699638e-02
2.709999999999999964e+00 2.999936688710626992e-02
2.720000000000000195e+00 2.999936694360441636e-02
2.729999999999999982e+00 2.999936698799582357e-02
2.740000000000000213e+00 2.999936703067807714e-02
2.750000000000000000e+00 2.999936706621271140e-02
2.760000000000000231e+00 2.999936709742146226e-02
2.770000000000000018e+00 2.999936712641152609e-02
2.780000000000000249e+00 2.999936714997657183e-02
2.790000000000000036e+00 2.999936717683678034e-02
2.800000000000000266e+00 2.999936719326490309e-02
2.810000000000000053e+00 2.999936721011702695e-02
2.819999999999999840e+00 2.999936722200189851e-02
2.830000000000000071e+00 2.999936723289067797e-02
2.839999999999999858e+00 2.999936725324416770e-02
2.850000000000000089e+00 2.999936726258951511e-02
2.859999999999999876e+00 2.999936727209020007e-02
2.870000000000000107e+00 2.999936728184440793e-02
2.879999999999999893e+00 2.999936729639132368e-02
2.890000000000000124e+00 2.999936731665941991e-02
2.899999999999999911e+00 2.999936734247787146e-02
2.910000000000000142e+00 2.999936736342331822e-02
2.919999999999999929e+00 2.999936738769588829e-02
2.930000000000000160e+00 2.999936741636426846e-02
2.939999999999999947e+00 2.999936744737934091e-02
2.950000000000000178e+00 2.999936748108100390e-02
2.959999999999999964e+00 2.999936751734379528e-02
2.970000000000000195e+00 2.999936756053186646e-02
2.979999999999999982e+00 2.999936760728348986e-02
2.990000000000000213e+00 2.999936766040189190e-02
3.000000000000000000e+00 2.999936771644861819e-02
3.010000000000000231e+00 2.999936778081372171e-02
3.020000000000000018e+00 2.999936784878211998e-02
3.030000000000000249e+00 2.999936792438164315e-02
3.040000000000000036e+00 2.999936800270901205e-02
3.050000000000000266e+00 2.999936809116900138e-02
3.060000000000000053e+00 2.999936818576037778e-02
3.070000000000000284e+00 2.999936828836092390e-02
3.080000000000000071e+00 2.999936839484015558e-02
3.089999999999999858e+00 2.999936850298307381e-02
3.100000000000000089e+00 2.999936861831767679e-02
3.109999999999999876e+00 2.999936873145720231e-02
3.120000000000000107e+00 2.999936885555310601e-02
3.129999999999999893e+00 2.999936898465033197e-02
3.140000000000000124e+00 2.999936911708169646e-02
3.149999999999999911e+00 2.999936924562079249e-02
3.160000000000000142e+00 2.999936939054883775e-02
3.169999999999999929e+00 2.999936953940538636e-02
3.180000000000000160e+00 2.999936968583142086e-02
3.189999999999999947e+00 2.999936983015347863e-02
3.200000000000000178e+00 2.999936998232820631e-02
3.209999999999999964e+00 2.999937012980612855e-02
3.220000000000000195e+00 2.999937027688458907e-02
3.229999999999999982e+00 2.999937042592870640e-02
3.240000000000000213e+00 2.999937057667802914e-02
3.250000000000000000e+00 2.999937072743486324e-02
3.260000000000000231e+00 2.999937087404763378e-02
3.270000000000000018e+00 2.999937102298529112e-02
3.280000000000000249e+00 2.999937116984419810e-02
3.290000000000000036e+00 2.999937131351446129e-02
3.300000000000000266e+00 2.999937145607343633e-02
3.310000000000000053e+00 2.999937159542013371e-02
3.320000000000000284e+00 2.999937172887440218e-02
3.330000000000000071e+00 2.999937186217702459e-02
3.339999999999999858e+00 2.999937198493083865e-02
3.350000000000000089e+00 2.999937210511435456e-02
3.359999999999999876e+00 2.999937222036266199e-02
3.370000000000000107e+00 2.999937233385763236e-02
3.379999999999999893e+00 2.999937244088029739e-02
3.390000000000000124e+00 2.999937254376107768e-02
3.399999999999999911e+00 2.999937263994941622e-02
3.410000000000000142e+00 2.999937273301612681e-02
3.419999999999999929e+00 2.999937282049430776e-02
3.430000000000000160e+00 2.999937290188292929e-02
3.439999999999999947e+00 2.999937297734511787e-02
3.450000000000000178e+00 2.999937304940822336e-02
3.459999999999999964e+00 2.999937311490583416e-02
3.470000000000000195e+00 2.999937317381655422e-02
3.479999999999999982e+00 2.999937323031222347e-02
3.490000000000000213e+00 2.999937328050916036e-02
3.500000000000000000e+00 2.999937332777584745e-02
3.510000000000000231e+00 2.999937336794543732e-02
3.520000000000000018e+00 2.999937340537645047e-02
3.530000000000000249e+00 2.999937343696056774e-02
3.540000000000000036e+00 2.999937346504955721e-02
3.550000000000000266e+00 2.999937349329340544e-02
3.560000000000000053e+00 2.999937351823898576e-02
3.570000000000000284e+00 2.999937353776811061e-02
3.580000000000000071e+00 2.999937355704480890e-02
3.589999999999999858e+00 2.999937357491861897e-02
3.600000000000000089e+00 2.999937358975608009e-02
3.609999999999999876e+00 2.999937360502119565e-02
3.620000000000000107e+00 2.999937361706393052e-02
3.629999999999999893e+00 2.999937363210135668e-02
3.640000000000000124e+00 2.999937364068160084e-02
3.649999999999999911e+00 2.999937365683180354e-02
3.660000000000000142e+00 2.999937366964782609e-02
3.669999999999999929e+00 2.999937368893956444e-02
3.680000000000000160e+00 2.999937371236773356e-02
3.689999999999999947e+00 2.999937374129991313e-02
3.700000000000000178e+00 2.999937376706176759e-02
3.709999999999999964e+00 2.999937380626194888e-02
3.720000000000000195e+00 2.999937384082781294e-02
3.729999999999999982e+00 2.999937388256324750e-02
3.740000000000000213e+00 2.999937393139710112e-02
3.750000000000000000e+00 2.999937398494190166e-02
3.760000000000000231e+00 2.999937404409698874e-02
3.770000000000000018e+00 2.999937410627173673e-02
3.780000000000000249e+00 2.999937418745967158e-02
3.790000000000000036e+00 2.999937427008994226e-02
3.800000000000000266e+00 2.999937436478831640e-02
3.810000000000000053e+00 2.999937445768394856e-02
3.820000000000000284e+00 2.999937456503645739e-02
3.830000000000000071e+00 2.999937467355682022e-02
3.839999999999999858e+00 2.999937479196724405e-02
3.850000000000000089e+00 2.999937490892958317e-02
3.859999999999999876e+00 2.999937504173901676e-02
3.870000000000000107e+00 2.999937517510108120e-02
3.879999999999999893e+00 2.999937531858094461e-02
3.890000000000000124e+00 2.999937546104298330e-02
3.899999999999999911e+00 2.999937561507269937e-02
3.910000000000000142e+00 2.999937576500762842e-02
3.919999999999999929e+00 2.999937592223607050e-02
3.930000000000000160e+00 2.999937607887953606e-02
3.939999999999999947e+00 2.999937624004989783e-02
3.950000000000000178e+00 2.999937639894251912e-02
3.959999999999999964e+00 2.999937656555184268e-02
3.970000000000000195e+00 2.999937672821970797e-02
3.979999999999999982e+00 2.999937689496254278e-02
3.990000000000000213e+00 2.999937705809621602e-02
4.000000000000000000e+00 2.999937722056613201e-02
4.009999999999999787e+00 2.999937738264698422e-02
4.020000000000000462e+00 2.999937754135237333e-02
4.030000000000000249e+00 2.999937769676615240e-02
4.040000000000000036e+00 2.999937784769205959e-02
4.049999999999999822e+00 2.999937799574255853e-02
4.060000000000000497e+00 2.999937814049009888e-02
4.070000000000000284e+00 2.999937828197991874e-02
4.080000000000000071e+00 2.999937842448663350e-02
4.089999999999999858e+00 2.999937855787817437e-02
4.099999999999999645e+00 2.999937868882045222e-02
4.110000000000000320e+00 2.999937880968358422e-02
4.120000000000000107e+00 2.999937893208842743e-02
4.129999999999999893e+00 2.999937905062531607e-02
4.139999999999999680e+00 2.999937916036321539e-02
4.150000000000000355e+00 2.999937926860681003e-02
4.160000000000000142e+00 2.999937936998209320e-02
4.169999999999999929e+00 2.999937946803332700e-02
4.179999999999999716e+00 2.999937955919175503e-02
4.190000000000000391e+00 2.999937964903309426e-02
4.200000000000000178e+00 2.999937972631394612e-02
4.209999999999999964e+00 2.999937980519607958e-02
4.219999999999999751e+00 2.999937987310492826e-02
4.230000000000000426e+00 2.999937993862002161e-02
4.240000000000000213e+00 2.999938000159643042e-02
4.250000000000000000e+00 2.999938005505318334e-02
4.259999999999999787e+00 2.999938010364128910e-02
4.270000000000000462e+00 2.999938014939548814e-02
4.280000000000000249e+00 2.999938018726592409e-02
4.290000000000000036e+00 2.999938022794821149e-02
4.299999999999999822e+00 2.999938025107976719e-02
4.310000000000000497e+00 2.999938026969991081e-02
4.320000000000000284e+00 2.999938028318063082e-02
4.330000000000000071e+00 2.999938029157590141e-02
4.339999999999999858e+00 2.999938030076719844e-02
4.350000000000000533e+00 2.999938030422978283e-02
4.360000000000000320e+00 2.999938030517217136e-02
4.370000000000000107e+00 2.999938029610121210e-02
4.379999999999999893e+00 2.999938028973263282e-02
4.389999999999999680e+00 2.999938028111591437e-02
4.400000000000000355e+00 2.999938027043977384e-02
4.410000000000000142e+00 2.999938025680378914e-02
4.419999999999999929e+00 2.999938024091857933e-02
4.429999999999999716e+00 2.999938022479537933e-02
4.440000000000000391e+00 2.999938020967431521e-02
4.450000000000000178e+00 2.999938019210961204e-02
4.459999999999999964e+00 2.999938017837953594e-02
4.469999999999999751e+00 2.999938016458259665e-02
4.480000000000000426e+00 2.999938015385071252e-02
4.490000000000000213e+00 2.999938014458986696e-02
4.500000000000000000e+00 2.999938013905716766e-02
4.509999999999999787e+00 2.999938013684182517e-02
4.520000000000000462e+00 2.999938013873522727e-02
4.530000000000000249e+00 2.999938014532042493e-02
4.540000000000000036e+00 2.999938015702231092e-02
4.549999999999999822e+00 2.999938017456417125e-02
4.560000000000000497e+00 2.999938019758857655e-02
4.570000000000000284e+00 2.999938022741882940e-02
4.580000000000000071e+00 2.999938026459385287e-02
4.589999999999999858e+00 2.999938030948796214e-02
4.600000000000000533e+00 2.999938036000026481e-02
4.610000000000000320e+00 2.999938041960083929e-02
4.620000000000000107e+00 2.999938048903035698e-02
4.629999999999999893e+00 2.999938056736311046e-02
4.639999999999999680e+00 2.999938065192277875e-02
4.650000000000000355e+00 2.999938074734424809e-02
4.660000000000000142e+00 2.999938084871808450e-02
4.669999999999999929e+00 2.999938095951964687e-02
4.679999999999999716e+00 2.999938107951919883e-02
4.690000000000000391e+00 2.999938120878451950e-02
4.700000000000000178e+00 2.999938134644564505e-02
4.709999999999999964e+00 2.999938148989713185e-02
4.719999999999999751e+00 2.999938163838977365e-02
4.730000000000000426e+00 2.999938179723337164e-02
4.740000000000000213e+00 2.999938195786703427e-02
4.750000000000000000e+00 2.999938212243582342e-02
4.759999999999999787e+00 2.999938229140673013e-02
4.770000000000000462e+00 2.999938246109708564e-02
4.780000000000000249e+00 2.999938262811453413e-02
4.790000000000000036e+00 2.999938279996943943e-02
4.799999999999999822e+00 2.999938296778362559e-02
4.810000000000000497e+00 2.999938313412888261e-02
4.820000000000000284e+00 2.999938330291161692e-02
4.830000000000000071e+00 2.999938346235549863e-02
4.839999999999999858e+00 2.999938362043035739e-02
4.850000000000000533e+00 2.999938377705995210e-02
4.860000000000000320e+00 2.999938392658943465e-02
4.870000000000000107e+00 2.999938407823080772e-02
4.879999999999999893e+00 2.999938421655211004e-02
4.889999999999999680e+00 2.999938435020910177e-02
4.900000000000000355e+00 2.999938447716431547e-02
4.910000000000000142e+00 2.999938460340880256e-02
4.919999999999999929e+00 2.999938471832958725e-02
4.929999999999999716e+00 2.999938482758953209e-02
4.940000000000000391e+00 2.999938492543556545e-02
4.950000000000000178e+00 2.999938501831026297e-02
4.959999999999999964e+00 2.999938510561376073e-02
4.969999999999999751e+00 2.999938518540518420e-02
4.980000000000000426e+00 2.999938525922691418e-02
4.990000000000000213e+00 2.999938532684814571e-02
5.000000000000000000e+00 2.999938538437835894e-02
5.009999999999999787e+00 2.999938543701714810e-02
5.020000000000000462e+00 2.999938548318735465e-02
5.030000000000000249e+00 2.999938552355543853e-02
5.040000000000000036e+00 2.999938555788719124e-02
5.049999999999999822e+00 2.999938558802091662e-02
5.060000000000000497e+00 2.999938561045356958e-02
5.070000000000000284e+00 2.999938563246146855e-02
5.080000000000000071e+00 2.999938565054267522e-02
5.089999999999999858e+00 2.999938566147730690e-02
5.100000000000000533e+00 2.999938566821436919e-02
5.110000000000000320e+00 2.999938567901216935e-02
5.120000000000000107e+00 2.999938568607948830e-02
5.129999999999999893e+00 2.999938568695428506e-02
5.139999999999999680e+00 2.999938568394660415e-02
5.150000000000000355e+00 2.999938567728241759e-02
5.160000000000000142e+00 2.999938566998142792e-02
5.169999999999999929e+00 2.999938565827673861e-02
5.179999999999999716e+00 2.999938565009736477e-02
5.190000000000000391e+00 2.999938564615590650e-02
5.200000000000000178e+00 2.999938563492254850e-02
5.209999999999999964e+00 2.999938561911487042e-02
5.219999999999999751e+00 2.999938561438428991e-02
5.230000000000000426e+00 2.999938561420819119e-02
5.240000000000000213e+00 2.999938561302996701e-02
5.250000000000000000e+00 2.999938560468740426e-02
5.259999999999999787e+00 2.999938559155955822e-02
5.270000000000000462e+00 2.999938558455179927e-02
5.280000000000000249e+00 2.999938559733387675e-02
5.290000000000000036e+00 2.999938559434116303e-02
5.299999999999999822e+00 2.999938559185072462e-02
5.310000000000000497e+00 2.999938561382993821e-02
5.320000000000000284e+00 2.999938562238507050e-02
5.330000000000000071e+00 2.999938565200750001e-02
5.339999999999999858e+00 2.999938564889469486e-02
5.350000000000000533e+00 2.999938566294050452e-02
5.360000000000000320e+00 2.999938568326240493e-02
5.370000000000000107e+00 2.999938571890741965e-02
5.379999999999999893e+00 2.999938574820485218e-02
5.389999999999999680e+00 2.999938577700549808e-02
5.400000000000000355e+00 2.999938581786996267e-02
5.410000000000000142e+00 2.999938587911717136e-02
5.419999999999999929e+00 2.999938593703283321e-02
5.429999999999999716e+00 2.999938598997128197e-02
5.440000000000000391e+00 2.999938605700212119e-02
5.450000000000000178e+00 2.999938612114004532e-02
5.459999999999999964e+00 2.999938619796562941e-02
5.469999999999999751e+00 2.999938628323119486e-02
5.480000000000000426e+00 2.999938637349062673e-02
5.490000000000000213e+00 2.999938646436899753e-02
5.500000000000000000e+00 2.999938656532216003e-02
5.509999999999999787e+00 2.999938667219118060e-02
5.520000000000000462e+00 2.999938678278848275e-02
5.530000000000000249e+00 2.999938690065235766e-02
5.540000000000000036e+00 2.999938702389449638e-02
5.549999999999999822e+00 2.999938715244644324e-02
5.560000000000000497e+00 2.999938728511577363e-02
5.570000000000000284e+00 2.999938742203212341e-02
5.580000000000000071e+00 2.999938756053916605e-02
5.589999999999999858e+00 2.999938770163716045e-02
5.600000000000000533e+00 2.999938784421669197e-02
5.610000000000000320e+00 2.999938798965483613e-02
5.620000000000000107e+00 2.999938813040466806e-02
5.629999999999999893e+00 2.999938827039115574e-02
5.639999999999999680e+00 2.999938841170493239e-02
5.650000000000000355e+00 2.999938855221609760e-02
5.660000000000000142e+00 2.999938868555247426e-02
5.669999999999999929e+00 2.999938880619391901e-02
5.679999999999999716e+00 2.999938892841191168e-02
5.690000000000000391e+00 2.999938904775872536e-02
5.700000000000000178e+00 2.999938915911039977e-02
5.709999999999999964e+00 2.999938926751341550e-02
5.719999999999999751e+00 2.999938936459813077e-02
5.730000000000000426e+00 2.999938945695607498e-02
5.740000000000000213e+00 2.999938953544180678e-02
5.750000000000000000e+00 2.999938959600231825e-02
5.759999999999999787e+00 2.999938965116379086e-02
5.770000000000000462e+00 2.999938969964260210e-02
5.780000000000000249e+00 2.999938973984151228e-02
5.790000000000000036e+00 2.999938977059706663e-02
5.799999999999999822e+00 2.999938978535907075e-02
5.810000000000000497e+00 2.999938978991346927e-02
5.820000000000000284e+00 2.999938979102308168e-02
5.830000000000000071e+00 2.999938978048332511e-02
5.839999999999999858e+00 2.999938976578581107e-02
5.850000000000000533e+00 2.999938974110980677e-02
5.860000000000000320e+00 2.999938970883274381e-02
5.870000000000000107e+00 2.999938966767494442e-02
5.879999999999999893e+00 2.999938961778406826e-02
5.889999999999999680e+00 2.999938956975312793e-02
5.900000000000000355e+00 2.999938951053122277e-02
5.910000000000000142e+00 2.999938944623418979e-02
5.919999999999999929e+00 2.999938937691828261e-02
5.929999999999999716e+00 2.999938930309388810e-02
5.940000000000000391e+00 2.999938922540866526e-02
5.950000000000000178e+00 2.999938914507265658e-02
5.959999999999999964e+00 2.999938906863364868e-02
5.969999999999999751e+00 2.999938899001343418e-02
5.980000000000000426e+00 2.999938890810310843e-02
5.990000000000000213e+00 2.999938882697981979e-02
6.000000000000000000e+00 2.999938874659317800e-02
6.009999999999999787e+00 2.999938866623548528e-02
6.020000000000000462e+00 2.999938858868833255e-02
6.030000000000000249e+00 2.999938851107840365e-02
6.040000000000000036e+00 2.999938843648346926e-02
6.049999999999999822e+00 2.999938836567886402e-02
6.060000000000000497e+00 2.999938829944129998e-02
6.070000000000000284e+00 2.999938823758719134e-02
6.080000000000000071e+00 2.999938817949514280e-02
6.089999999999999858e+00 2.999938812609435554e-02
6.100000000000000533e+00 2.999938807964101090e-02
6.110000000000000320e+00 2.999938803576786966e-02
6.120000000000000107e+00 2.999938799660066546e-02
6.129999999999999893e+00 2.999938796453439568e-02
6.140000000000000568e+00 2.999938793523979422e-02
6.150000000000000355e+00 2.999938791619583683e-02
6.160000000000000142e+00 2.999938790096112057e-02
6.169999999999999929e+00 2.999938789391302929e-02
6.179999999999999716e+00 2.999938789260737926e-02
6.190000000000000391e+00 2.999938789454813931e-02
6.200000000000000178e+00 2.999938790659611998e-02
6.209999999999999964e+00 2.999938791677433589e-02
6.219999999999999751e+00 2.999938793477247706e-02
6.230000000000000426e+00 2.999938795734415076e-02
6.240000000000000213e+00 2.999938798958185632e-02
6.250000000000000000e+00 2.999938802452003714e-02
6.259999999999999787e+00 2.999938806146707285e-02
6.270000000000000462e+00 2.999938810259458744e-02
6.280000000000000249e+00 2.999938814889627908e-02
6.290000000000000036e+00 2.999938819839777920e-02
6.299999999999999822e+00 2.999938825589745783e-02
6.310000000000000497e+00 2.999938831070226436e-02
6.320000000000000284e+00 2.999938836994699848e-02
6.330000000000000071e+00 2.999938843352657411e-02
6.339999999999999858e+00 2.999938849752591119e-02
6.350000000000000533e+00 2.999938856324217348e-02
6.360000000000000320e+00 2.999938863110080539e-02
6.370000000000000107e+00 2.999938870199318763e-02
6.379999999999999893e+00 2.999938877140968102e-02
6.390000000000000568e+00 2.999938884276223683e-02
6.400000000000000355e+00 2.999938891572790159e-02
6.410000000000000142e+00 2.999938898579986371e-02
6.419999999999999929e+00 2.999938905600833469e-02
6.429999999999999716e+00 2.999938912668937904e-02
6.440000000000000391e+00 2.999938919694426775e-02
6.450000000000000178e+00 2.999938926645202494e-02
6.459999999999999964e+00 2.999938933414370706e-02
6.469999999999999751e+00 2.999938939878541572e-02
6.480000000000000426e+00 2.999938946112458080e-02
6.490000000000000213e+00 2.999938952355640093e-02
6.500000000000000000e+00 2.999938958109668943e-02
6.509999999999999787e+00 2.999938963416657126e-02
6.520000000000000462e+00 2.999938968589427324e-02
6.530000000000000249e+00 2.999938973144294224e-02
6.540000000000000036e+00 2.999938977831153111e-02
6.549999999999999822e+00 2.999938981457364595e-02
6.560000000000000497e+00 2.999938984979017703e-02
6.570000000000000284e+00 2.999938987659800382e-02
6.580000000000000071e+00 2.999938990015170101e-02
6.589999999999999858e+00 2.999938991813480213e-02
6.600000000000000533e+00 2.999938992950108851e-02
6.610000000000000320e+00 2.999938993547806784e-02
6.620000000000000107e+00 2.999938993265086756e-02
6.629999999999999893e+00 2.999938992323283871e-02
6.640000000000000568e+00 2.999938990867206251e-02
6.650000000000000355e+00 2.999938988667422493e-02
6.660000000000000142e+00 2.999938985732984731e-02
6.669999999999999929e+00 2.999938982343342692e-02
6.679999999999999716e+00 2.999938978503107964e-02
6.690000000000000391e+00 2.999938974171504485e-02
6.700000000000000178e+00 2.999938968889549404e-02
6.709999999999999964e+00 2.999938963147139037e-02
6.719999999999999751e+00 2.999938957071607640e-02
6.730000000000000426e+00 2.999938950329696097e-02
6.740000000000000213e+00 2.999938943392477589e-02
6.750000000000000000e+00 2.999938935870009177e-02
6.759999999999999787e+00 2.999938928219552867e-02
6.770000000000000462e+00 2.999938920099791406e-02
6.780000000000000249e+00 2.999938912022524079e-02
6.790000000000000036e+00 2.999938903263806023e-02
6.799999999999999822e+00 2.999938894787759422e-02
6.810000000000000497e+00 2.999938886405484340e-02
6.820000000000000284e+00 2.999938877636185511e-02
6.830000000000000071e+00 2.999938869363653199e-02
6.839999999999999858e+00 2.999938860992667697e-02
6.850000000000000533e+00 2.999938853086574556e-02
6.860000000000000320e+00 2.999938845113067631e-02
6.870000000000000107e+00 2.999938837341532133e-02
6.879999999999999893e+00 2.999938829835335774e-02
6.890000000000000568e+00 2.999938822893125773e-02
6.900000000000000355e+00 2.999938816040946532e-02
6.910000000000000142e+00 2.999938809764500502e-02
6.919999999999999929e+00 2.999938803914947022e-02
6.929999999999999716e+00 2.999938798643988352e-02
6.940000000000000391e+00 2.999938793740540913e-02
6.950000000000000178e+00 2.999938789519012924e-02
6.959999999999999964e+00 2.999938785832276245e-02
6.969999999999999751e+00 2.999938782989568925e-02
6.980000000000000426e+00 2.999938780446918807e-02
6.990000000000000213e+00 2.999938778764977415e-02
7.000000000000000000e+00 2.999938778069926454e-02
7.009999999999999787e+00 2.999938777878642313e-02
7.020000000000000462e+00 2.999938778294973518e-02
7.030000000000000249e+00 2.999938779231976424e-02
7.040000000000000036e+00 2.999938780966800167e-02
7.049999999999999822e+00 2.999938783346156601e-02
7.060000000000000497e+00 2.999938786290323733e-02
7.070000000000000284e+00 2.999938790026359520e-02
7.080000000000000071e+00 2.999938794174788342e-02
7.089999999999999858e+00 2.999938798947208995e-02
7.100000000000000533e+00 2.999938804363938560e-02
7.110000000000000320e+00 2.999938810179308274e-02
7.120000000000000107e+00 2.999938816483451592e-02
7.129999999999999893e+00 2.999938823097418952e-02
7.140000000000000568e+00 2.999938830032393422e-02
7.150000000000000355e+00 2.999938837242910675e-02
7.160000000000000142e+00 2.999938844773434449e-02
7.169999999999999929e+00 2.999938852386187238e-02
7.179999999999999716e+00 2.999938859953507619e-02
7.190000000000000391e+00 2.999938867359319000e-02
7.200000000000000178e+00 2.999938875027397672e-02
7.209999999999999964e+00 2.999938882731995396e-02
7.219999999999999751e+00 2.999938889727771923e-02
7.230000000000000426e+00 2.999938896351928008e-02
7.240000000000000213e+00 2.999938902918990874e-02
7.250000000000000000e+00 2.999938908666442694e-02
7.259999999999999787e+00 2.999938914128103679e-02
7.270000000000000462e+00 2.999938918871030563e-02
7.280000000000000249e+00 2.999938922724030080e-02
7.290000000000000036e+00 2.999938925662699873e-02
7.299999999999999822e+00 2.999938927617621168e-02
7.310000000000000497e+00 2.999938928780714748e-02
7.320000000000000284e+00 2.999938928768033225e-02
7.330000000000000071e+00 2.999938927314481363e-02
7.339999999999999858e+00 2.999938925685139562e-02
7.350000000000000533e+00 2.999938921310496553e-02
7.360000000000000320e+00 2.999938916051746521e-02
7.370000000000000107e+00 2.999938910474495013e-02
7.379999999999999893e+00 2.999938903455884320e-02
7.390000000000000568e+00 2.999938894808497347e-02
7.400000000000000355e+00 2.999938884997103289e-02
7.410000000000000142e+00 2.999938873837519268e-02
7.419999999999999929e+00 2.999938862847712981e-02
7.429999999999999716e+00 2.999938849396654311e-02
7.440000000000000391e+00 2.999938835067623641e-02
7.450000000000000178e+00 2.999938819790763656e-02
7.459999999999999964e+00 2.999938803392177694e-02
7.469999999999999751e+00 2.999938786276912933e-02
7.480000000000000426e+00 2.999938767902363482e-02
7.490000000000000213e+00 2.999938750508644725e-02
7.500000000000000000e+00 2.999938732497310981e-02
7.509999999999999787e+00 2.999938714155414576e-02
7.520000000000000462e+00 2.999938695662287408e-02
7.530000000000000249e+00 2.999938676737734511e-02
7.540000000000000036e+00 2.999938657399993380e-02
7.549999999999999822e+00 2.999938638372540503e-02
7.560000000000000497e+00 2.999938619193995987e-02
7.570000000000000284e+00 2.999938600382701798e-02
7.580000000000000071e+00 2.999938581440850932e-02
7.589999999999999858e+00 2.999938562739513231e-02
7.600000000000000533e+00 2.999938544215430616e-02
7.610000000000000320e+00 2.999938525758260449e-02
7.620000000000000107e+00 2.999938507499806326e-02
7.629999999999999893e+00 2.999938489337976300e-02
7.640000000000000568e+00 2.999938471177644728e-02
7.650000000000000355e+00 2.999938453386149714e-02
7.660000000000000142e+00 2.999938435780320073e-02
7.669999999999999929e+00 2.999938418926305361e-02
7.679999999999999716e+00 2.999938401865262158e-02
7.690000000000000391e+00 2.999938384874017289e-02
7.700000000000000178e+00 2.999938368743267775e-02
7.709999999999999964e+00 2.999938352599499508e-02
7.719999999999999751e+00 2.999938337182176187e-02
7.730000000000000426e+00 2.999938322846051886e-02
7.740000000000000213e+00 2.999938308925585023e-02
7.750000000000000000e+00 2.999938296663984608e-02
7.759999999999999787e+00 2.999938284965140978e-02
7.770000000000000462e+00 2.999938275398297133e-02
7.780000000000000249e+00 2.999938266457777281e-02
7.790000000000000036e+00 2.999938259941146643e-02
7.799999999999999822e+00 2.999938254757109762e-02
7.810000000000000497e+00 2.999938251515825091e-02
7.820000000000000284e+00 2.999938249509300284e-02
7.830000000000000071e+00 2.999938250282300697e-02
7.839999999999999858e+00 2.999938251836061984e-02
7.850000000000000533e+00 2.999938254789707298e-02
7.860000000000000320e+00 2.999938259505308819e-02
7.870000000000000107e+00 2.999938266275875565e-02
7.879999999999999893e+00 2.999938274726159787e-02
7.890000000000000568e+00 2.999938284441942479e-02
7.900000000000000355e+00 2.999938295684544121e-02
7.910000000000000142e+00 2.999938308123949876e-02
7.919999999999999929e+00 2.999938321463073432e-02
7.930000000000000604e+00 2.999938335814006721e-02
7.940000000000000391e+00 2.999938349251209460e-02
7.950000000000000178e+00 2.999938364730082851e-02
7.959999999999999964e+00 2.999938379129085675e-02
7.969999999999999751e+00 2.999938394858935042e-02
7.980000000000000426e+00 2.999938410280902565e-02
7.990000000000000213e+00 2.999938424433391121e-02
8.000000000000000000e+00 2.999938437178336498e-02
8.009999999999999787e+00 2.999938449140338026e-02
8.019999999999999574e+00 2.999938460514688099e-02
8.029999999999999361e+00 2.999938470161834375e-02
8.040000000000000924e+00 2.999938478543181380e-02
8.050000000000000711e+00 2.999938485756811074e-02
8.060000000000000497e+00 2.999938491192253448e-02
8.070000000000000284e+00 2.999938494784442494e-02
8.080000000000000071e+00 2.999938497273069854e-02
8.089999999999999858e+00 2.999938498119255476e-02
8.099999999999999645e+00 2.999938497293947251e-02
8.109999999999999432e+00 2.999938495036040542e-02
8.120000000000000995e+00 2.999938491332176937e-02
8.130000000000000782e+00 2.999938486054183270e-02
8.140000000000000568e+00 2.999938479317480061e-02
8.150000000000000355e+00 2.999938471255490097e-02
8.160000000000000142e+00 2.999938461904500669e-02
8.169999999999999929e+00 2.999938451390515154e-02
8.179999999999999716e+00 2.999938439735138490e-02
8.189999999999999503e+00 2.999938426711211067e-02
8.199999999999999289e+00 2.999938412740442428e-02
8.210000000000000853e+00 2.999938398234187897e-02
8.220000000000000639e+00 2.999938382847310014e-02
8.230000000000000426e+00 2.999938366386008942e-02
8.240000000000000213e+00 2.999938349170980234e-02
8.250000000000000000e+00 2.999938331527556359e-02
8.259999999999999787e+00 2.999938313103751517e-02
8.269999999999999574e+00 2.999938294112498155e-02
8.279999999999999361e+00 2.999938275447327357e-02
8.290000000000000924e+00 2.999938255307869200e-02
8.300000000000000711e+00 2.999938235410502113e-02
8.310000000000000497e+00 2.999938215483260659e-02
8.320000000000000284e+00 2.999938195132719615e-02
8.330000000000000071e+00 2.999938174759777046e-02
8.339999999999999858e+00 2.999938154039177157e-02
8.349999999999999645e+00 2.999938133298932219e-02
8.359999999999999432e+00 2.999938112906060106e-02
8.370000000000000995e+00 2.999938092550886309e-02
8.380000000000000782e+00 2.999938072679094250e-02
8.390000000000000568e+00 2.999938052664814087e-02
8.400000000000000355e+00 2.999938033029728862e-02
8.410000000000000142e+00 2.999938013520014185e-02
8.419999999999999929e+00 2.999937994084754533e-02
8.429999999999999716e+00 2.999937974986161687e-02
8.439999999999999503e+00 2.999937956752918300e-02
8.449999999999999289e+00 2.999937938887067140e-02
8.460000000000000853e+00 2.999937921280119296e-02
8.470000000000000639e+00 2.999937904801695809e-02
8.480000000000000426e+00 2.999937888531272259e-02
8.490000000000000213e+00 2.999937872774589495e-02
8.500000000000000000e+00 2.999937857521191992e-02
8.509999999999999787e+00 2.999937843200796428e-02
8.519999999999999574e+00 2.999937829091126745e-02
8.529999999999999361e+00 2.999937815964069318e-02
8.540000000000000924e+00 2.999937803067399822e-02
8.550000000000000711e+00 2.999937790948314226e-02
8.560000000000000497e+00 2.999937779466672894e-02
8.570000000000000284e+00 2.999937768577198502e-02
8.580000000000000071e+00 2.999937758431209592e-02
8.589999999999999858e+00 2.999937749062592945e-02
8.599999999999999645e+00 2.999937740276773651e-02
8.609999999999999432e+00 2.999937731778877514e-02
8.620000000000000995e+00 2.999937723912882159e-02
8.630000000000000782e+00 2.999937716657821718e-02
8.640000000000000568e+00 2.999937709817351861e-02
8.650000000000000355e+00 2.999937703463778638e-02
8.660000000000000142e+00 2.999937697552741006e-02
8.669999999999999929e+00 2.999937692054096411e-02
8.679999999999999716e+00 2.999937686923767610e-02
8.689999999999999503e+00 2.999937682118534316e-02
8.700000000000001066e+00 2.999937677630300226e-02
8.710000000000000853e+00 2.999937673395726423e-02
8.720000000000000639e+00 2.999937669473180107e-02
8.730000000000000426e+00 2.999937665657865377e-02
8.740000000000000213e+00 2.999937661838969483e-02
8.750000000000000000e+00 2.999937658226068532e-02
8.759999999999999787e+00 2.999937654844993945e-02
8.769999999999999574e+00 2.999937651243683029e-02
8.779999999999999361e+00 2.999937647811456304e-02
8.790000000000000924e+00 2.999937643993220646e-02
8.800000000000000711e+00 2.999937640039152323e-02
8.810000000000000497e+00 2.999937636046886430e-02
8.820000000000000284e+00 2.999937631656281536e-02
8.830000000000000071e+00 2.999937627468675719e-02
8.839999999999999858e+00 2.999937622567252007e-02
8.849999999999999645e+00 2.999937617301155768e-02
8.859999999999999432e+00 2.999937611863775361e-02
8.870000000000000995e+00 2.999937606289550251e-02
8.880000000000000782e+00 2.999937601253507835e-02
8.890000000000000568e+00 2.999937594624074028e-02
8.900000000000000355e+00 2.999937588599341926e-02
8.910000000000000142e+00 2.999937581283435017e-02
8.919999999999999929e+00 2.999937572953853895e-02
8.929999999999999716e+00 2.999937564072225477e-02
8.939999999999999503e+00 2.999937555336240624e-02
8.950000000000001066e+00 2.999937545929118321e-02
8.960000000000000853e+00 2.999937535354981269e-02
8.970000000000000639e+00 2.999937524168907327e-02
8.980000000000000426e+00 2.999937512794537478e-02
8.990000000000000213e+00 2.999937501421819780e-02
9.000000000000000000e+00 2.999937489461943635e-02
9.009999999999999787e+00 2.999937476932477629e-02
9.019999999999999574e+00 2.999937463919855052e-02
9.029999999999999361e+00 2.999937450395293720e-02
9.040000000000000924e+00 2.999937436860423273e-02
9.050000000000000711e+00 2.999937422849550256e-02
9.060000000000000497e+00 2.999937408596961910e-02
9.070000000000000284e+00 2.999937393759364093e-02
9.080000000000000071e+00 2.999937378803341215e-02
9.089999999999999858e+00 2.999937363830659093e-02
9.099999999999999645e+00 2.999937348267758819e-02
9.109999999999999432e+00 2.999937332762359771e-02
9.120000000000000995e+00 2.999937316643766158e-02
9.130000000000000782e+00 2.999937300731874909e-02
9.140000000000000568e+00 2.999937284661516324e-02
9.150000000000000355e+00 2.999937268888479280e-02
9.160000000000000142e+00 2.999937252470583071e-02
9.169999999999999929e+00 2.999937236552670944e-02
9.179999999999999716e+00 2.999937220584904599e-02
9.189999999999999503e+00 2.999937204522378636e-02
9.200000000000001066e+00 2.999937188706522373e-02
9.210000000000000853e+00 2.999937173044250893e-02
9.220000000000000639e+00 2.999937157317836278e-02
9.230000000000000426e+00 2.999937141775169819e-02
9.240000000000000213e+00 2.999937126357071077e-02
9.250000000000000000e+00 2.999937111250970331e-02
9.259999999999999787e+00 2.999937096544618570e-02
9.269999999999999574e+00 2.999937082394384807e-02
9.279999999999999361e+00 2.999937068695159720e-02
9.290000000000000924e+00 2.999937055090936069e-02
9.300000000000000711e+00 2.999937042109439289e-02
9.310000000000000497e+00 2.999937029858278786e-02
9.320000000000000284e+00 2.999937018156558638e-02
9.330000000000000071e+00 2.999937006735564279e-02
9.339999999999999858e+00 2.999936995999472403e-02
9.349999999999999645e+00 2.999936985687124899e-02
9.359999999999999432e+00 2.999936976348369783e-02
9.370000000000000995e+00 2.999936967510086552e-02
9.380000000000000782e+00 2.999936959413902066e-02
9.390000000000000568e+00 2.999936952305219326e-02
9.400000000000000355e+00 2.999936945921674938e-02
9.410000000000000142e+00 2.999936940449750983e-02
9.419999999999999929e+00 2.999936935872257043e-02
9.429999999999999716e+00 2.999936931708180321e-02
9.439999999999999503e+00 2.999936928265830791e-02
9.450000000000001066e+00 2.999936925692098244e-02
9.460000000000000853e+00 2.999936923694286259e-02
9.470000000000000639e+00 2.999936922106760662e-02
9.480000000000000426e+00 2.999936920956879083e-02
9.490000000000000213e+00 2.999936920371311030e-02
9.500000000000000000e+00 2.999936920339541652e-02
9.509999999999999787e+00 2.999936920473583735e-02
9.519999999999999574e+00 2.999936920612949684e-02
9.529999999999999361e+00 2.999936920827093317e-02
9.540000000000000924e+00 2.999936921329084474e-02
9.550000000000000711e+00 2.999936921889894900e-02
9.560000000000000497e+00 2.999936922317539278e-02
9.570000000000000284e+00 2.999936922500406541e-02
9.580000000000000071e+00 2.999936922537094208e-02
9.589999999999999858e+00 2.999936922039229265e-02
9.599999999999999645e+00 2.999936921239689316e-02
9.609999999999999432e+00 2.999936919803300461e-02
9.620000000000000995e+00 2.999936917798775790e-02
9.630000000000000782e+00 2.999936914759398013e-02
9.640000000000000568e+00 2.999936911316386512e-02
9.650000000000000355e+00 2.999936906727889915e-02
9.660000000000000142e+00 2.999936901804091394e-02
9.669999999999999929e+00 2.999936895818971355e-02
9.679999999999999716e+00 2.999936889457834391e-02
9.689999999999999503e+00 2.999936881966663860e-02
9.700000000000001066e+00 2.999936874056270686e-02
9.710000000000000853e+00 2.999936865388194707e-02
9.720000000000000639e+00 2.999936856063819407e-02
9.730000000000000426e+00 2.999936845676471828e-02
9.740000000000000213e+00 2.999936835151340020e-02
9.750000000000000000e+00 2.999936823898561450e-02
9.759999999999999787e+00 2.999936812184176432e-02
9.769999999999999574e+00 2.999936799807968388e-02
9.779999999999999361e+00 2.999936786996670532e-02
9.790000000000000924e+00 2.999936773731950307e-02
9.800000000000000711e+00 2.999936760024492916e-02
9.810000000000000497e+00 2.999936745646599942e-02
9.820000000000000284e+00 2.999936730975230267e-02
9.830000000000000071e+00 2.999936716112421020e-02
9.839999999999999858e+00 2.999936700667380288e-02
9.849999999999999645e+00 2.999936685071685413e-02
9.859999999999999432e+00 2.999936669223698948e-02
9.870000000000000995e+00 2.999936653248907320e-02
9.880000000000000782e+00 2.999936636967074494e-02
9.890000000000000568e+00 2.999936620672836660e-02
9.900000000000000355e+00 2.999936604558625305e-02
9.910000000000000142e+00 2.999936588144535773e-02
9.919999999999999929e+00 2.999936572074224719e-02
9.929999999999999716e+00 2.999936556493850576e-02
9.939999999999999503e+00 2.999936541266953749e-02
9.950000000000001066e+00 2.999936526684665594e-02
9.960000000000000853e+00 2.999936512998657712e-02
9.970000000000000639e+00 2.999936500271663947e-02
