2.999935610822896184e-02
2.024068859296180189e+00
9.578008382173162971e+00
2.461842010113121049e+01
4.789240303597396320e+01
7.821263192683977650e+01
1.123323290523434963e+02
1.450873535242317871e+02
1.705378353254577917e+02
1.831958605191670983e+02
1.798048127942065832e+02
1.603482365428133107e+02
1.286191085249865296e+02
9.129211070190493160e+01
5.623069805301571478e+01
2.993054026895174502e+01
1.542184523193278878e+01
1.128447575702129058e+01
1.283957208637645842e+01
1.560154098163851266e+01
2.044487687902715223e+01
3.889187199216372903e+01
9.634500772789689904e+01
2.309884098071615028e+02
4.870128197545056992e+02
9.021844922145912733e+02
1.492293399922938079e+03
2.236370284509877820e+03
3.068502408816550542e+03
3.880509557700285313e+03
4.538720422845079156e+03
4.912643417032530124e+03
4.910297027535772941e+03
4.509575165017663494e+03
3.775248486825639702e+03
2.851876148752283370e+03
1.930702895241207216e+03
1.195986813497774619e+03
7.667958642761427654e+02
6.552821846649075042e+02
7.630269871575457046e+02
9.279646168301738953e+02
1.018646322286590816e+03
1.052423975132112901e+03
1.296496073201276658e+03
2.303068864508938532e+03
4.838083476538482500e+03
9.689291614734533141e+03
1.738043473856768469e+04
2.786199691746482495e+04
4.028299403278228419e+04
5.295206029190206027e+04
6.356608696644367592e+04
6.971077230857087125e+04
6.954634152873307175e+04
6.249550319925056829e+04
4.970008345743051177e+04
3.402506235092059796e+04
1.948911110908171031e+04
1.017303867737640940e+04
8.864745532072491187e+03
1.587009880567081746e+04
2.848426582329962184e+04
4.151624206225722446e+04
4.897929059611199045e+04
4.665104015914949559e+04
3.477847800605502562e+04
1.991566526361372235e+04
1.487928856637054014e+04
3.619136058361387404e+04
9.911877939654838701e+04
2.113609627389622328e+05
3.672907757653424633e+05
5.450683870235512732e+05
7.086466707631595200e+05
8.155280912865876453e+05
8.293037143819354242e+05
7.339429340329727856e+05
5.452356905859971885e+05
3.143712931700217887e+05
1.200296121695109759e+05
4.840378436884018447e+04
1.648786150551981118e+05
4.852746376293228823e+05
9.571602760329468874e+05
1.461219108701261459e+06
1.838272779318490764e+06
1.939765526456698077e+06
1.690030592144446680e+06
1.140634019187115133e+06
4.938669774868334061e+05
7.675579323237067729e+04
2.595617138424517761e+05
1.331590666902012890e+06
3.367123309995091055e+06
6.128392661813116632e+06
9.053654124479994178e+06
1.136198466664259322e+07
1.227311004376761429e+07
1.129736149951177835e+07
8.510775307120813057e+06
4.708955420271550305e+06
1.344854689958271803e+06
2.060365401627304382e+05
2.869381712985175662e+06
1.006552266122734733e+07
2.116022738307424635e+07
3.398135642755289376e+07
4.516340059592156857e+07
5.104358221038066596e+07
4.894943328211839497e+07
3.852254527960382402e+07
2.259900148916558921e+07
7.180861472272410989e+06
2.258696819027423626e+05
9.335684422920024022e+06
3.885747716947568953e+07
8.729371362751132250e+07
1.460809180079444945e+08
2.006233453900857270e+08
2.339064675918180048e+08
2.321603058566105664e+08
1.911121793332947493e+08
1.206942456887380034e+08
4.597036787768693268e+07
2.749294215812985320e+06
2.784626489298789203e+07
1.459266397913860977e+08
3.567458017461109757e+08
6.276497145000362396e+08
8.957758164430893660e+08
1.082190657254538774e+09
1.116474290530496836e+09
9.659088252903904915e+08
6.599051275219286680e+08
2.991198742012670636e+08
4.108898242012005299e+07
6.036786669680466503e+07
4.899935479740580916e+08
1.360157059176198006e+09
2.555995310170275211e+09
3.816192412645643234e+09
4.785705245325119972e+09
5.120079403929921150e+09
4.618737461040796280e+09
3.346998129878283501e+09
1.697842835538922548e+09
3.517952140932250619e+08
1.177845766295164824e+08
1.676855067074701548e+09
5.293484986278705597e+09
1.059167731223532867e+10
1.649940623991984558e+10
2.143508567464258194e+10
2.374290791098624420e+10
2.229370118784415436e+10
1.708035900741253090e+10
9.585240825123428345e+09
2.711594650242395401e+09
1.678755474095248878e+08
5.362085370153166771e+09
2.006286548014993286e+10
4.325161201305266571e+10
7.065196274144914246e+10
9.532445322672525024e+10
1.094400946962926636e+11
1.069453801902078552e+11
8.640958370104208374e+10
5.305601744678176117e+10
1.896805539631560516e+10
8.220881194016108513e+08
1.521532912099295998e+10
7.257054896876397705e+10
1.714361778234269409e+11
2.954250134319944458e+11
4.147583288332639771e+11
4.932898894996262207e+11
5.001240803943233643e+11
4.229556750405351562e+11
2.787304528571361084e+11
1.168168811398708801e+11
1.117421647981087875e+10
4.096997324315276337e+10
2.632275754153404846e+11
6.851624075572779541e+11
1.246390399392367432e+12
1.820718645464468750e+12
2.243020144864069336e+12
2.359101622369379883e+12
2.087270984329219482e+12
1.472450995333630371e+12
7.104362267312030029e+11
1.239304013219506531e+11
8.417097318861631775e+10
8.901909447059874268e+11
2.637290732609381348e+12
5.120204348233643555e+12
7.817853299191555664e+12
9.990983249218064453e+12
1.089192204553724023e+13
1.004380429668404688e+13
7.507500867135483398e+12
4.033266365723591309e+12
1.004870091829827637e+12
1.317872687325389862e+11
2.924875970070942383e+12
1.008245302117894727e+13
2.098676799543737500e+13
3.353268255076132031e+13
4.445663391961726562e+13
5.020132553260892188e+13
4.816305441821600781e+13
3.797932399352952344e+13
2.239173384100923438e+13
7.230770986260082031e+12
2.531809943982213745e+11
8.903830498943025391e+12
3.749654832308306250e+13
8.467877556715745312e+13
1.422113146050554375e+14
1.959299178035175625e+14
2.292181672623548750e+14
2.284905642228865625e+14
1.892831893763885000e+14
1.208839615093877969e+14
4.732426604030699219e+13
3.227765107963450684e+12
2.444488250493260156e+13
1.353174578246270469e+14
3.362489319555896250e+14
5.962944920837648750e+14
8.551030930785025000e+14
1.036432498528437750e+15
1.071853802362933750e+15
9.290499261179623750e+14
6.356537975892452500e+14
2.883766800605493125e+14
3.943882857682676562e+13
5.822298886984427344e+13
4.746265229436904375e+14
1.319418803679485750e+15
2.482824857191893500e+15
3.712460139534944500e+15
4.663740112160084000e+15
5.000566952464278000e+15
4.524708038528925000e+15
3.294868914393404500e+15
1.688076404082677750e+15
3.624933688863345625e+14
1.046335084109392812e+14
1.581464169197221000e+15
5.059681064710111000e+15
1.018615770070309400e+16
1.593037231193130800e+16
2.076117096408072400e+16
2.306581224078061200e+16
2.173199996729336000e+16
1.672794086066103000e+16
9.464893400630444000e+15
2.739169281674363500e+15
1.436212078047302500e+14
5.000887318860610000e+15
1.906468615544177600e+16
4.139883896278954400e+16
6.790667669626631200e+16
9.188978820878536000e+16
1.057528291043430400e+17
1.035808212765470240e+17
8.390795274806230400e+16
5.170892595071190400e+16
1.863237674209678400e+16
8.382049071644447500e+14
1.449040508718049600e+16
6.984594342612635200e+16
1.656945842534948160e+17
2.863265473581916800e+17
4.029491330142652800e+17
4.804248654916338560e+17
4.885030813009783680e+17
4.147865066008008320e+17
2.751698860608820800e+17
1.170804380545782080e+17
1.206842893170485000e+16
3.715893009500982400e+16
2.483694551398559040e+17
6.537747850455403520e+17
1.195986068620393984e+18
1.753515645189819648e+18
2.166454513536588032e+18
2.284575641935161856e+18
2.027059504682361856e+18
1.435320043759129344e+18
6.971784247145880320e+17
1.244345480772524320e+17
7.756998054295993600e+16
8.489689990043406080e+17
2.535038061762392576e+18
4.941256523372100608e+18
7.565791230798615552e+18
9.692464841503125504e+18
1.059293709932991693e+19
9.797372720382251008e+18
7.354686004110536704e+18
3.982472059881911296e+18
1.016541244029703424e+18
1.159623682972080640e+17
2.756532527598315520e+18
9.634508215575042048e+18
2.017399995241477325e+19
3.235362544158415258e+19
4.301728464449017446e+19
4.870582729330674074e+19
4.686443794698550477e+19
3.709594632822865101e+19
2.200944724714805658e+19
7.222387896578624512e+18
2.504444508300617920e+17
8.348669186012387328e+18
3.577724744040858829e+19
8.132715552676711629e+19
1.371068493976093983e+20
1.894372342151991460e+20
2.221858709434824131e+20
2.220681825562760643e+20
1.845675363418752287e+20
1.184710245688992727e+20
4.690515989845191066e+19
3.390768582640765440e+18
2.282026455835263386e+19
1.291178775124054344e+20
3.231270828004765204e+20
5.752977391406042317e+20
8.273985163142050611e+20
1.005454393994724377e+21
1.042642161508479795e+21
9.067638396548955505e+20
6.235532384789090796e+20
2.858498153264839393e+20
4.082379376746023322e+19
5.310701291129825690e+19
4.499777939342407107e+20
1.263333052428896436e+21
2.389006280221593698e+21
3.583990273712698425e+21
4.514531511554956329e+21
4.853203291591221969e+21
4.404366641482471309e+21
3.220327228155881325e+21
1.662202918516923564e+21
3.656047501201634099e+20
9.402795001979224064e+19
1.499237223573239628e+21
4.848485642502416630e+21
9.809510099771585462e+21
1.539137485062503242e+22
2.011210256149335402e+22
2.240219625222010044e+22
2.116849816427955644e+22
1.635907450596300423e+22
9.320485439598917321e+21
2.749420699510807986e+21
1.297674143770642842e+20
4.702845809576970813e+21
1.820698669322429740e+22
3.978240792117431920e+22
6.550028640739526915e+22
8.888720790625054831e+22
1.025632928368960188e+23
1.007358203409219138e+23
8.189172929075821412e+22
5.075214494908955597e+22
1.853356563944750186e+22
8.867231462555222016e+20
1.355268491828853211e+22
6.663256668370009011e+22
1.591657007715332349e+23
2.761277442274975055e+23
3.897256143502231858e+23
4.658574690845441151e+23
4.749657249550336661e+23
4.046325667095427867e+23
2.697935586572704961e+23
1.160332274244042841e+23
1.257268601598770151e+22
3.432282521044972785e+22
2.362422302299503953e+23
6.271128241085719993e+23
1.152294298958899299e+24
1.694690060816284559e+24
2.099290166896978924e+24
2.219594848823769150e+24
1.975549261035808280e+24
1.405134845941442241e+24
6.884526851493139726e+23
1.267788949264815914e+23
7.024144258996799694e+22
8.048871511003710525e+23
2.428347454034883958e+24
4.756733980923755028e+24
7.307178239359785758e+24
9.386275467682957836e+24
1.028491390965704913e+25
9.540537404103910618e+24
7.190806061031599519e+24
3.921762673109733762e+24
1.022474402139029943e+24
1.024933992851747772e+23
2.602570604490797737e+24
9.215656491082961146e+24
1.940514958010002595e+25
3.122997164135226836e+25
4.163794123426276333e+25
4.726570718667287098e+25
4.560755016474692336e+25
3.623513529609602345e+25
2.163155585700527657e+25
7.209861661459222878e+24
2.530782926420652809e+23
7.831780386666170762e+24
3.415221222013713921e+25
7.814144561921996647e+25
1.322415914841851107e+26
1.832409757200616038e+26
2.154741981505238811e+26
2.159483102629310804e+26
1.800955528113656574e+26
1.162180382988580349e+26
4.656318611751194954e+25
3.576832491242397876e+24
2.121303545920703563e+25
1.229804296033681449e+26
3.101408232622562443e+26
5.544951164743133057e+26
7.998772026625335151e+26
9.745433432102693537e+26
1.013273758699925454e+27
8.840451007462305468e+26
6.108030602361194427e+26
2.826761142835643762e+26
4.194757226468204398e+25
4.861210097418884668e+25
4.273363130981281512e+26
1.211005061020867336e+27
2.300767361045075443e+27
3.462607977947159053e+27
4.373206990735976071e+27
4.713559890809012486e+27
4.290594045036619961e+27
3.150469807496678228e+27
1.638936132471679715e+27
3.697061370258148425e+26
8.385567189729847946e+25
1.418248943803987972e+27
4.640506516509026890e+27
9.438505944182971366e+27
1.485977590327051460e+28
1.947043158548363617e+28
2.174364553942160722e+28
2.060548249909115273e+28
1.598533892195043603e+28
9.167709909715215739e+27
2.752916993416435220e+27
1.187235187910745615e+26
4.426376591793130789e+27
1.739749890766850089e+28
3.824435570812293224e+28
6.319928295917269075e+28
8.600635176384720694e+28
9.949536409592412518e+28
9.799392582328629926e+28
7.994598023952295503e+28
4.982928091510145666e+28
1.844249560685810567e+28
9.424198941472808007e+26
1.265712167797414495e+28
6.353165330974825675e+28
1.528418204945175695e+29
2.662242702651919419e+29
3.768549752145594217e+29
4.516423115268887311e+29
4.617109212207608357e+29
3.946378573299194893e+29
2.644427581380377992e+29
1.149311128437030987e+29
1.306103392611246018e+28
3.167567119589462158e+28
2.246784087934913228e+29
6.015034296962504040e+29
1.110149034415741247e+30
1.637767846586801504e+30
2.034117035991510437e+30
2.156352654281729792e+30
1.925228493340489738e+30
1.375456634341108782e+30
6.796977855543487991e+29
1.290270783669704522e+29
6.348307862676669284e+28
7.628628639853211578e+29
2.325851615069269205e+30
4.578751274768085983e+30
7.057016029038291701e+30
9.089355977558630069e+30
9.985442111418678843e+30
9.290026958429035774e+30
7.030166110545791497e+30
3.861511383061865350e+30
1.027868742125309716e+30
9.055443258121708396e+28
2.455874541559050497e+30
8.812955717218781389e+30
1.866268741579004706e+31
3.014147861301424200e+31
4.029803671208716419e+31
4.586265171118430464e+31
4.437855263904610536e+31
3.538847090434237019e+31
2.125472724553201416e+31
7.192710370290694916e+30
2.591334165637594858e+29
7.343730084979374249e+30
3.259746004545456504e+31
7.507622982564952093e+31
1.275432669701369772e+32
1.772398720770843019e+32
2.089562332298287881e+32
2.099866952443868288e+32
1.757201550296888779e+32
1.139946157489695515e+32
4.620900028690651730e+31
3.765456690328263042e+30
1.970167489258128021e+31
1.171111348796213832e+32
2.976472441781805442e+32
5.344091941815934426e+32
7.732310020295073090e+32
9.445367935040512778e+32
9.846805802789355367e+32
8.618368859741252799e+32
5.982505954903578791e+32
2.794695272575584752e+32
4.303782138811238928e+31
4.442927336663970965e+31
4.057263108786939579e+32
1.160706563843360593e+33
2.215613425013020642e+33
3.345122303338480966e+33
4.236052221056979204e+33
4.577633297412876896e+33
4.179400531598937352e+33
3.081712789470452681e+33
1.615546408104341706e+33
3.734411091458694592e+32
7.466403931958903195e+31
1.341415242845883016e+33
4.441359968579063631e+33
9.081582092649799521e+33
1.434668203109135836e+34
1.884936236910864950e+34
2.110433540628113737e+34
2.005702802839473232e+34
1.561937891611130694e+34
9.016346640664856764e+33
2.755049277768569610e+33
1.100385275557658898e+32
4.164003862297105587e+33
1.662101655283615570e+34
3.676181130601621098e+34
6.097393648585604704e+34
8.321226809833549649e+34
9.651113280603034716e+34
9.531729239601631411e+34
7.803605126969153600e+34
4.891252977606318604e+34
1.834200569936408955e+34
1.001399911440876744e+33
1.181452074558393367e+34
6.056901501018561384e+34
1.467630841728917620e+35
2.566691307209367950e+35
3.644005644786841012e+35
4.378481156774644779e+35
4.488098426051610893e+35
3.848694252251547302e+35
2.591729311286997060e+35
1.138092609536460135e+35
1.354259038629010634e+34
2.919942022418725334e+34
2.136350100804076376e+35
5.768844206316151669e+35
1.069475393708236322e+36
1.582666834189297524e+36
1.970852478215848015e+36
2.094765758526331394e+36
1.876006442724878063e+36
1.346193939445414719e+36
6.708341907023936731e+35
1.311271885025546034e+35
5.728926730232558204e+34
7.229520098353192320e+35
2.227672483500862136e+36
4.407478017855259821e+36
6.815484596872057630e+36
8.801861637754809319e+36
9.694630110867973446e+36
9.045898538389496595e+36
6.872749731743375046e+36
3.801636896946839127e+36
1.032605766221722310e+36
8.010518188420209972e+34
2.316646895125012072e+36
8.427028195135613624e+36
1.794784801911387535e+37
2.909020205993062954e+37
3.900053566517323506e+37
4.450043276397502972e+37
4.318138369080187324e+37
3.455971933620263257e+37
2.088192717253656585e+37
7.172431430696369660e+36
2.683192293925781440e+35
6.882470145709712881e+36
3.110970236474224437e+37
7.212774624693956524e+37
1.230087452868145427e+38
1.714320989992010111e+38
2.026312050688262635e+38
2.041836166493403958e+38
1.714430349831919561e+38
1.118036824646334963e+38
4.584482495228747869e+37
3.956091399218585668e+36
1.828037306916725983e+37
1.114975126341580674e+38
2.856269448525654045e+38
5.150151606931216077e+38
7.474316678220880226e+38
9.154094368219887601e+38
9.568470416921700412e+38
8.401344167722286592e+38
5.858970393250509631e+38
2.762312673618376536e+38
4.409132341598069326e+37
4.054528812435468048e+37
3.851238430357902526e+38
1.112408808928139074e+39
2.133525643050200957e+39
3.231537025439965332e+39
4.103108288685458894e+39
4.445516528164504817e+39
4.070948825068652161e+39
3.014284284453668228e+39
1.592264157446621954e+39
3.769331961324966789e+38
6.633550631283128383e+37
1.268265303447319028e+39
4.250162113195131596e+39
8.737463384703479897e+39
1.385054657307205894e+40
1.824729163484567834e+40
2.048298993316966876e+40
1.952227997405590171e+40
1.526080600295824383e+40
8.866267579205804277e+39
2.755742209426728915e+39
1.035283921302190088e+38
3.915444335005509563e+39
1.587736755564028178e+40
3.533504587044154480e+40
5.882548044333185281e+40
8.050758921566123352e+40
9.361488755716247421e+40
9.271159816281819772e+40
7.616860899476802929e+40
4.800816589301123953e+40
1.823599997802495803e+40
1.063666039075686766e+39
1.102027609123973077e+40
5.773574684334130182e+40
1.409175807739611068e+41
2.474482970194167796e+41
3.523493579294139039e+41
4.244675886777030751e+41
4.362592199078052496e+41
3.753285509664640497e+41
2.539872502681825303e+41
1.126702953687715308e+41
1.401623057273179246e+40
2.688514152684841300e+40
2.030945760521097402e+41
5.532347946553158427e+41
1.030258971533807203e+42
1.529392872250460793e+42
1.909529330247509885e+42
2.034910514747316570e+42
1.828007898302340793e+42
1.317499213288363110e+42
6.619992096236804017e+41
1.331436885701975417e+41
5.158091277497601665e+40
6.848724082988431896e+41
2.133297513678677271e+42
4.242196065065351872e+42
6.581755713951690073e+42
8.522970056777444439e+42
9.411792075580966852e+42
8.807691453122468759e+42
6.718342858356055616e+42
3.742126447936623001e+42
1.036731293621552870e+42
7.101722216075588429e+40
2.184353249171540352e+42
8.056795375314727269e+42
1.725897502862955739e+43
2.807398385398694969e+43
3.774303622920565522e+43
4.317673893994180845e+43
4.201448940726737692e+43
3.374817138169147841e+43
2.051319237865782657e+43
7.149352756756672982e+42
2.803627258821549333e+41
6.446116079384322113e+42
2.968450954262680898e+43
6.928872185735170827e+43
1.186283539108668168e+44
1.658072313580868275e+44
1.964905988803416354e+44
1.985340509127740805e+44
1.672626191320562071e+44
1.096455716540739958e+44
4.547136338356706997e+43
4.147934932694869890e+42
1.694477277573785095e+43
1.061303495548037068e+44
2.740663873686940956e+44
4.962983336667892475e+44
7.224641928703528975e+44
8.871465051932466779e+44
9.297597196190631044e+44
8.189315002978637858e+44
5.737432787532242767e+44
2.729669393927278712e+44
4.510819157015798339e+43
3.694109895255257793e+43
3.654762235296971524e+44
1.066015280130540299e+45
2.054361805571925938e+45
3.121689108990902337e+45
3.974218005609677036e+45
4.317103737666329920e+45
3.965212440595388917e+45
2.948205717365978774e+45
1.569134239559725119e+45
3.802044853975902384e+44
5.880912342261531251e+43
1.198597911597352624e+45
4.066540898556245418e+45
8.405607201249383219e+45
1.337069291506933661e+46
1.766353509304210255e+46
1.987903832332966209e+46
1.900089332303580219e+46
1.490946988702742107e+46
8.717570909770199493e+45
2.755125714975303462e+45
9.900876449891547320e+43
3.679761706490424597e+45
1.516450283174022910e+46
3.396080288783502795e+46
5.674975217093066973e+46
7.788808215133845217e+46
9.080321126272021091e+46
9.017537443925194099e+46
7.434443116919631230e+46
4.711850857401335835e+46
1.812695588838487915e+46
1.129318530781330864e+45
1.026908428559300976e+46
5.501865606131862688e+46
1.352833037924080580e+47
2.385336876711990171e+47
3.406694209831803038e+47
4.114676583814872534e+47
4.240328255033828704e+47
3.659996743408882193e+47
2.488819336876652678e+47
1.115179530440615762e+47
1.448299069461307641e+46
2.471894555718793190e+46
1.930165556856820716e+47
5.304786931432936182e+47
9.923904138305842637e+47
1.477816970661069142e+48
1.850022613062380900e+48
1.976678517833463875e+48
1.781152536682872201e+48
1.289327904676149598e+48
6.531754088548368304e+47
1.350674831134790990e+47
4.633611672664025249e+46
6.485729035767364890e+47
2.042642588021319173e+48
4.082797169782762646e+48
6.355702264631429248e+48
8.252553676173477854e+48
9.136828650705206992e+48
8.575359327197488091e+48
6.566961654590550881e+48
3.683036302236860489e+48
1.040275414938377686e+48
6.319359961243939254e+46
2.058652125532479175e+48
7.701566760318926858e+48
1.659499027018118255e+49
2.709143303192730557e+49
3.652399423981177788e+49
4.189011721539772411e+49
4.087674103465096772e+49
3.295323645341460840e+49
2.014833410838002042e+49
7.123444337616425499e+48
2.949629476457046866e+47
6.033455192156472765e+48
2.831921371988002338e+49
6.655461642803764742e+49
1.143956140795155926e+50
1.603570379145455177e+50
1.905243657928289705e+50
1.930274413930567217e+50
1.631695457836795240e+50
1.075139680479215691e+50
4.508586319638190708e+49
4.339532603720082349e+48
1.569144866032150103e+49
1.010003520471224173e+50
2.629467701800562187e+50
4.782271118585820567e+50
6.982896609793674237e+50
8.597110922656193572e+50
9.033905230423299344e+50
7.982102972422401438e+50
5.617827622639686902e+50
2.696771659437927160e+50
4.608736330805854097e+49
3.359978256190390772e+49
3.467354946778549204e+50
1.021433518252318902e+51
1.977979049479932400e+51
3.015372790106608709e+51
3.849127499444180982e+51
4.192091779387182654e+51
3.861851598576302587e+51
2.883165435203358619e+51
1.545923788574514091e+51
3.831282621028249616e+50
5.207276978291402305e+49
1.132484048267720777e+51
3.890585663701180681e+51
8.086045944010423248e+51
1.290703310648349387e+52
1.709780866286512077e+52
1.929195654448570893e+52
1.849220076878007267e+52
1.456485300756165390e+52
8.569923883189026140e+51
2.753045299099874588e+51
9.631963093020028643e+49
3.456443651302979094e+51
1.448108252434569006e+52
3.263643814273947455e+52
5.474237556004593167e+52
7.534731741206494709e+52
8.806794024770093143e+52
8.769907446604498491e+52
7.255363085157009108e+52
4.623511344544282585e+52
1.800920987199105461e+52
1.196611420435387236e+51
9.563676589086628552e+51
5.242437501373205564e+52
1.298690617975855799e+53
2.299329056204680559e+53
3.293657752380181899e+53
3.988499894993601084e+53
4.121283591821092960e+53
3.568777139643259569e+53
2.438507658082855621e+53
1.103462328992708226e+53
1.493897613273708072e+52
2.269783080672528947e+52
1.833940678700403570e+53
5.085986307550538200e+53
9.558309496318237092e+53
1.427865260333339274e+54
1.792218591124484640e+54
1.919930886207516366e+54
1.735296617931528525e+54
1.261548045348485428e+54
6.442676592339873450e+53
1.368502432287827496e+53
4.154924502794750234e+52
6.140637860107845858e+53
1.955687384412610315e+54
3.929183963146834615e+54
6.137114745574047217e+54
7.990296235599288776e+54
8.869331979036047183e+54
8.348451131928442636e+54
6.418208870950576174e+54
3.624063097506155250e+54
1.043066097815321169e+54
5.656747747709295235e+52
1.939487364884898824e+54
7.361152177880585236e+54
1.595544877204146714e+55
2.614181776625271931e+55
3.534241413338355761e+55
4.063942076303185292e+55
3.976682307296602877e+55
3.217362100999506374e+55
1.978633475965172006e+55
7.094021481710380279e+54
3.117267013409847760e+53
5.644255905215972903e+54
2.701340887179734189e+55
6.392448156257509307e+55
1.103087679007684579e+56
1.550790893088722556e+56
1.847303004877223946e+56
1.876625464302558014e+56
1.591635235318545248e+56
1.054086538988136903e+56
4.468699010895019603e+55
4.529160387210445029e+54
1.451891069795168807e+55
9.610674651880576415e+55
2.522687365417702614e+56
4.608052390313915002e+56
6.749133853209524186e+56
8.331089104039961398e+56
8.777470042620876720e+56
7.779840694789489490e+56
5.500351643727223511e+56
2.663796801018911860e+56
4.703319873882344413e+55
3.050290345410636022e+55
3.288525264515025315e+56
9.785837175779600172e+56
1.904272723164157063e+57
2.912484669183954170e+57
3.727754782951040036e+57
4.070465511557396567e+57
3.760945495167805362e+57
2.819316774488460965e+57
1.522802373275611862e+57
3.858010706192708910e+56
4.604166060518338420e+55
1.069583556551793067e+57
3.721686768302656550e+57
7.777972177198243610e+57
1.245873215792676230e+58
1.654947123927494175e+58
1.872149971163791424e+58
1.799640678228544763e+58
1.422734827547781630e+58
8.423689584207902234e+57
2.749655891972730787e+57
9.530269261993451996e+55
3.245056593137978558e+57
1.382662421096089931e+58
3.136183672272617563e+58
5.280408593715513252e+58
7.288749441096697062e+58
8.541282381309028173e+58
8.528790574802609317e+58
7.080184533446040380e+58
4.536269307192724288e+58
1.788563206697255127e+58
1.265551032899445102e+57
8.900378754232655936e+57
4.994558842610172960e+58
1.246650293540004651e+59
2.216359157785532234e+59
3.184299325919117842e+59
3.866095928696359646e+59
4.005424298262962566e+59
3.479597813145389172e+59
2.388916102958015084e+59
1.091525813452381134e+59
1.538038150740900285e+58
2.081926515691273015e+58
1.742314769606538151e+59
4.876135354502607409e+59
9.206235201256329321e+59
1.379617125890291104e+60
1.736238816239012871e+60
1.864816891021738207e+60
1.690599828950577381e+60
