4.683665978630183746e-01
4.683665978775323757e-01
4.683665979150642977e-01
4.683665979770323951e-01
4.683665980617712221e-01
4.683665981680261714e-01
4.683665982974824504e-01
4.683665984455571141e-01
4.683665986082069521e-01
4.683665987809796927e-01
4.683665989665356522e-01
4.683665991672242290e-01
4.683665993645518277e-01
4.683665995732337328e-01
4.683665997866840458e-01
4.683666000046499134e-01
4.683666002096813497e-01
4.683666004075099920e-01
4.683666006094814316e-01
4.683666007963376288e-01
4.683666009662907359e-01
4.683666011272926699e-01
4.683666012649932986e-01
4.683666013912577974e-01
4.683666014931669452e-01
4.683666015750034828e-01
4.683666016390034548e-01
4.683666016768209261e-01
4.683666016960140177e-01
4.683666016946033683e-01
4.683666016724806758e-01
4.683666016313269287e-01
4.683666015723686460e-01
4.683666014935300992e-01
4.683666014006008238e-01
4.683666012950678526e-01
4.683666011790347805e-01
4.683666010520635137e-01
4.683666009222671733e-01
4.683666007823731880e-01
4.683666006528625081e-01
4.683666005161363777e-01
4.683666003936703404e-01
4.683666002602904777e-01
4.683666001504478427e-01
4.683666000397737061e-01
4.683665999523389245e-01
4.683665998777241102e-01
4.683665998213896176e-01
4.683665997824040250e-01
4.683665997607441289e-01
4.683665997581951679e-01
4.683665997773672207e-01
4.683665998142336195e-01
4.683665998742788106e-01
4.683665999534761260e-01
4.683666000586944600e-01
4.683666001714292260e-01
4.683666003080463325e-01
4.683666004544583261e-01
4.683666006154681982e-01
4.683666007892781646e-01
4.683666009634571692e-01
4.683666011402432550e-01
4.683666013251140403e-01
4.683666014990192084e-01
4.683666016629036699e-01
4.683666018170214995e-01
4.683666019559196148e-01
4.683666020717689449e-01
4.683666021669642410e-01
4.683666022263403006e-01
4.683666022685189501e-01
4.683666022636068238e-01
4.683666022355750802e-01
4.683666021600012552e-01
4.683666020498011839e-01
4.683666018706474921e-01
4.683666016584221992e-01
4.683666013975642528e-01
4.683666010965890081e-01
4.683666007322037084e-01
4.683666003303240122e-01
4.683665998662340790e-01
4.683665993405709549e-01
4.683665987761980176e-01
4.683665981647787691e-01
4.683665975459807562e-01
4.683665968529679424e-01
4.683665961418889134e-01
4.683665953497824219e-01
4.683665945865007063e-01
4.683665938000328710e-01
4.683665929956924989e-01
4.683665921814031963e-01
4.683665913788407908e-01
4.683665905549886932e-01
4.683665897129424827e-01
4.683665888856486936e-01
4.683665880975491635e-01
4.683665873696570836e-01
4.683665866417036638e-01
4.683665859375485963e-01
4.683665852637595162e-01
4.683665846722621651e-01
4.683665841177244715e-01
4.683665836082561706e-01
4.683665831501344634e-01
4.683665827228856715e-01
4.683665823882016133e-01
4.683665821302686605e-01
4.683665819377715867e-01
4.683665817970176226e-01
4.683665817343394822e-01
4.683665817396782116e-01
4.683665818462819930e-01
4.683665820161197479e-01
4.683665822564309078e-01
4.683665825150686857e-01
4.683665828572564638e-01
4.683665832430120579e-01
4.683665836888181722e-01
4.683665842183831751e-01
4.683665847983621844e-01
4.683665853964873449e-01
4.683665860079465060e-01
4.683665866775928444e-01
4.683665873518783052e-01
4.683665880377276824e-01
4.683665887676110584e-01
4.683665894597164314e-01
4.683665902077455145e-01
4.683665909333837307e-01
4.683665916828062548e-01
4.683665924045109508e-01
4.683665931161443696e-01
4.683665937922703582e-01
4.683665943899250061e-01
4.683665950245862186e-01
4.683665955705229589e-01
4.683665961164340530e-01
4.683665965459717362e-01
4.683665969334842583e-01
4.683665972494649443e-01
4.683665975341541055e-01
4.683665977682535675e-01
4.683665980028118292e-01
4.683665981751395369e-01
4.683665983036019442e-01
4.683665984577961572e-01
4.683665984609293176e-01
4.683665984891368650e-01
4.683665984467819676e-01
4.683665984273329697e-01
4.683665983598179761e-01
4.683665982524458093e-01
4.683665982502639435e-01
4.683665981030832315e-01
4.683665980310108279e-01
4.683665978969575039e-01
4.683665977252450263e-01
4.683665976006770593e-01
4.683665974846763502e-01
4.683665973637142210e-01
4.683665972564374225e-01
4.683665972541180000e-01
4.683665972483000983e-01
4.683665971314054377e-01
4.683665971140671402e-01
4.683665970503936848e-01
4.683665970083739638e-01
4.683665969976694154e-01
4.683665970481609708e-01
4.683665971011947704e-01
4.683665969868398560e-01
4.683665969649030147e-01
4.683665968208988173e-01
4.683665967954022680e-01
4.683665966335844866e-01
4.683665964392574876e-01
4.683665962294091822e-01
4.683665960764058500e-01
4.683665958222409387e-01
4.683665953933626169e-01
4.683665948566064774e-01
4.683665944008599813e-01
4.683665937397125112e-01
4.683665930675083855e-01
4.683665922757768718e-01
4.683665913407698000e-01
4.683665904769763744e-01
4.683665893247855316e-01
4.683665879418886790e-01
4.683665867002316241e-01
4.683665854670021611e-01
4.683665841193619950e-01
4.683665826073992733e-01
4.683665811225470321e-01
4.683665795713982116e-01
4.683665781418934193e-01
4.683665769531749068e-01
4.683665757253238637e-01
4.683665745164959926e-01
4.683665734453827389e-01
4.683665718945246859e-01
4.683665709016676115e-01
4.683665695654665173e-01
4.683665688554911610e-01
4.683665680368125916e-01
4.683665674399976053e-01
4.683665669838163459e-01
4.683665666771908986e-01
4.683665661801369451e-01
4.683665659898511580e-01
4.683665659490245936e-01
4.683665662492092485e-01
4.683665664034424303e-01
4.683665666494090662e-01
4.683665672541988401e-01
4.683665682933245145e-01
4.683665689383322839e-01
4.683665700241373964e-01
4.683665711219431316e-01
4.683665721285534267e-01
4.683665734462579833e-01
4.683665748429226006e-01
4.683665763646930880e-01
4.683665778573158356e-01
4.683665796767116363e-01
4.683665813491284524e-01
4.683665831341426444e-01
4.683665843777130577e-01
4.683665860213169219e-01
4.683665873681846503e-01
4.683665885047124666e-01
4.683665896834747766e-01
4.683665908347202644e-01
4.683665915990319895e-01
4.683665924999447783e-01
4.683665928470356343e-01
4.683665931946684458e-01
4.683665937775833288e-01
4.683665937569508331e-01
4.683665937380039335e-01
4.683665938126504447e-01
4.683665943860010339e-01
4.683665941213990269e-01
4.683665940394607929e-01
4.683665935820260362e-01
4.683665931164632257e-01
4.683665928537661394e-01
4.683665925808269681e-01
4.683665919676623934e-01
4.683665916869763080e-01
4.683665911851933594e-01
4.683665906323030703e-01
4.683665904169277416e-01
4.683665896744700907e-01
4.683665898587148768e-01
4.683665899609587013e-01
4.683665904006564795e-01
4.683665904930471302e-01
4.683665904672932312e-01
4.683665910586615744e-01
4.683665921249975383e-01
4.683665930987872539e-01
4.683665941679125422e-01
4.683665950919392862e-01
4.683665960568885178e-01
4.683665980064917744e-01
4.683665990763741238e-01
4.683666007881902016e-01
4.683666024061041155e-01
4.683666047813351274e-01
4.683666067138927414e-01
4.683666086638896831e-01
4.683666106794717732e-01
4.683666131040887803e-01
4.683666149202936890e-01
4.683666163794826254e-01
4.683666182919836718e-01
4.683666198326890129e-01
4.683666217941426790e-01
4.683666231410909542e-01
4.683666244720335325e-01
4.683666255973262249e-01
4.683666267998450317e-01
4.683666278789620496e-01
4.683666287162663311e-01
4.683666292541321940e-01
4.683666299362911900e-01
4.683666303447046042e-01
4.683666308237554032e-01
4.683666309104353442e-01
4.683666307882583535e-01
4.683666304539336744e-01
4.683666301086683581e-01
4.683666296855981126e-01
4.683666298954176077e-01
4.683666291714437824e-01
4.683666291853366692e-01
4.683666284012983350e-01
4.683666274128521212e-01
4.683666263883663472e-01
4.683666252362558291e-01
4.683666245518607885e-01
4.683666234209478696e-01
4.683666224484199780e-01
4.683666220755686727e-01
4.683666218047057850e-01
4.683666216183285380e-01
4.683666217551038513e-01
4.683666218842218454e-01
4.683666219233682537e-01
4.683666221724155365e-01
4.683666226881635364e-01
4.683666233443243843e-01
4.683666237489703121e-01
4.683666237148256251e-01
4.683666240762853206e-01
4.683666257447873238e-01
4.683666270939437215e-01
4.683666284372345334e-01
4.683666298099712355e-01
4.683666311040269870e-01
4.683666325768922611e-01
4.683666337845567296e-01
4.683666355343767962e-01
4.683666374755349193e-01
4.683666393507600056e-01
4.683666413531473727e-01
4.683666418824076194e-01
4.683666426201162913e-01
4.683666441183096940e-01
4.683666449201447923e-01
4.683666457848988385e-01
4.683666474707494642e-01
4.683666487160871306e-01
4.683666491958052847e-01
4.683666503486294541e-01
4.683666509781793663e-01
4.683666510552241813e-01
4.683666516471073904e-01
4.683666516764529164e-01
4.683666521744881406e-01
4.683666527657824319e-01
4.683666534194564357e-01
4.683666539154434094e-01
4.683666538278008495e-01
4.683666540739596096e-01
4.683666538308746130e-01
4.683666547966794935e-01
4.683666553843278124e-01
4.683666549683876412e-01
4.683666559611018299e-01
4.683666562917633835e-01
4.683666567891756616e-01
4.683666575522187903e-01
4.683666588169797529e-01
4.683666604742068862e-01
4.683666612904059390e-01
4.683666624802145240e-01
4.683666644216348818e-01
4.683666661125013841e-01
4.683666673151188342e-01
4.683666697022531022e-01
4.683666729890105795e-01
4.683666754196723625e-01
4.683666786431631146e-01
4.683666820524634011e-01
4.683666855925362471e-01
4.683666893553458666e-01
4.683666939827628717e-01
4.683666986022627099e-01
4.683667028679291411e-01
4.683667067052252331e-01
4.683667109432985698e-01
4.683667148915355294e-01
4.683667194577615378e-01
4.683667237772936032e-01
4.683667278259030509e-01
4.683667327332112218e-01
4.683667364591103111e-01
4.683667406502265984e-01
4.683667445428917886e-01
4.683667483672962484e-01
4.683667522991323273e-01
4.683667566047116648e-01
4.683667593003803531e-01
4.683667623702011396e-01
4.683667653225533911e-01
4.683667676423979853e-01
4.683667703061084597e-01
4.683667725759155243e-01
4.683667739393399532e-01
4.683667759698311173e-01
4.683667773000403933e-01
4.683667787276052930e-01
4.683667794954275987e-01
4.683667799958037836e-01
4.683667803704436583e-01
4.683667817668277777e-01
4.683667828166236946e-01
4.683667832182654145e-01
4.683667836884916613e-01
4.683667842809597914e-01
4.683667843715937362e-01
4.683667845183074330e-01
4.683667849102692293e-01
4.683667848262617062e-01
4.683667855161178784e-01
4.683667852132358811e-01
4.683667859474594519e-01
4.683667863710355705e-01
4.683667864189867136e-01
4.683667867472372515e-01
4.683667871367400704e-01
4.683667880264317795e-01
4.683667893222677736e-01
4.683667903196322979e-01
4.683667909785039218e-01
4.683667913880418254e-01
4.683667930403321300e-01
4.683667941890219955e-01
4.683667960677427300e-01
4.683667973357817371e-01
4.683667991609833936e-01
4.683668003858856288e-01
4.683668022617415438e-01
4.683668037225201530e-01
4.683668051554495393e-01
4.683668067116419920e-01
4.683668076097297628e-01
4.683668087766464372e-01
4.683668094159939566e-01
4.683668099296688925e-01
4.683668102892712959e-01
4.683668106949014920e-01
4.683668113957147883e-01
4.683668114130106197e-01
4.683668113389612420e-01
4.683668113551496259e-01
4.683668106850476520e-01
4.683668102464763061e-01
4.683668096853585427e-01
4.683668087540932556e-01
4.683668079742657753e-01
4.683668073846731783e-01
4.683668067745541119e-01
4.683668058630364728e-01
4.683668049081469720e-01
4.683668044072703540e-01
4.683668035918794881e-01
4.683668028750990198e-01
4.683668026687587971e-01
4.683668021353525890e-01
4.683668024443513600e-01
4.683668029670637889e-01
4.683668037240246718e-01
4.683668049021380009e-01
4.683668062772176066e-01
4.683668080617613416e-01
4.683668102359220820e-01
4.683668125640423896e-01
4.683668153973075121e-01
4.683668187793922910e-01
4.683668223794460461e-01
4.683668259100938758e-01
4.683668300506212412e-01
4.683668342757367209e-01
4.683668390557614303e-01
4.683668436769717336e-01
4.683668483934969595e-01
4.683668532043074317e-01
4.683668581939287034e-01
4.683668637099798748e-01
4.683668691363509495e-01
4.683668746449529130e-01
4.683668800698740919e-01
4.683668855281912236e-01
4.683668908695131639e-01
4.683668958500452617e-01
4.683669004556647031e-01
4.683669048948999047e-01
4.683669092252763511e-01
4.683669130364201405e-01
4.683669163018293613e-01
4.683669193387238194e-01
4.683669222336530047e-01
4.683669244091411832e-01
4.683669260152422686e-01
4.683669274512671787e-01
4.683669283885010803e-01
4.683669289214670295e-01
4.683669289041796913e-01
4.683669288058980862e-01
4.683669280804492741e-01
4.683669270830193021e-01
4.683669257054706714e-01
4.683669239867221945e-01
4.683669224571567202e-01
4.683669202432798051e-01
4.683669178615227358e-01
4.683669153626597303e-01
4.683669127172915836e-01
4.683669100838782628e-01
4.683669073860636245e-01
4.683669046407422099e-01
4.683669018625570835e-01
4.683668992115066487e-01
4.683668969868977072e-01
4.683668952984720302e-01
4.683668933464751882e-01
4.683668914974176700e-01
4.683668903208187961e-01
4.683668890587597833e-01
4.683668878550315551e-01
4.683668869847717464e-01
4.683668867941512826e-01
4.683668866560020683e-01
4.683668866248342222e-01
4.683668867968950322e-01
4.683668874702909268e-01
4.683668883732258204e-01
4.683668895145243760e-01
4.683668907174926566e-01
4.683668920695888138e-01
4.683668931753480202e-01
4.683668947799866089e-01
4.683668963058463808e-01
4.683668981031791634e-01
4.683668991215872990e-01
4.683669006260418599e-01
4.683669017625504694e-01
4.683669031808201932e-01
4.683669045409390996e-01
4.683669057365764110e-01
4.683669069415491992e-01
4.683669082415214957e-01
4.683669090843696758e-01
4.683669099364424215e-01
4.683669105867579452e-01
4.683669107065974724e-01
4.683669112022971204e-01
4.683669114677756484e-01
4.683669116965087920e-01
4.683669116376354968e-01
4.683669117750849376e-01
4.683669118908461715e-01
4.683669120777454453e-01
4.683669123358404351e-01
4.683669125002777323e-01
4.683669124341841572e-01
4.683669125740422823e-01
4.683669127439188951e-01
4.683669131109217676e-01
4.683669137234884317e-01
4.683669145614700602e-01
4.683669157931005245e-01
4.683669171182029412e-01
4.683669182423110255e-01
4.683669199074647627e-01
4.683669217218021097e-01
4.683669236372297595e-01
4.683669260346255969e-01
4.683669286964838863e-01
4.683669316467493071e-01
4.683669345960195796e-01
4.683669375259787437e-01
4.683669405082860893e-01
4.683669436596200608e-01
4.683669465959744982e-01
4.683669498208760662e-01
4.683669529117053809e-01
4.683669559014422279e-01
4.683669586244368355e-01
4.683669613158562006e-01
4.683669637419529130e-01
4.683669657538476749e-01
4.683669675697013646e-01
4.683669693055558803e-01
4.683669705258654004e-01
4.683669717211091932e-01
4.683669723656835315e-01
4.683669727898443491e-01
4.683669725852069865e-01
4.683669721149829601e-01
4.683669719540664023e-01
4.683669711232524291e-01
4.683669698248356661e-01
4.683669681650396988e-01
4.683669661928335226e-01
4.683669640146461144e-01
4.683669615419488452e-01
4.683669583830188943e-01
4.683669548607257149e-01
4.683669518087779648e-01
4.683669483784082543e-01
4.683669448201618346e-01
4.683669414582788959e-01
4.683669375629303522e-01
4.683669331471005948e-01
4.683669290320803813e-01
4.683669253854521597e-01
4.683669215423282850e-01
4.683669184803936347e-01
4.683669155258103345e-01
4.683669123926607614e-01
4.683669099821616832e-01
4.683669074185671799e-01
4.683669051081972845e-01
4.683669033949686145e-01
4.683669018507065074e-01
4.683669004312235318e-01
4.683668996863917244e-01
4.683668991299355100e-01
4.683668987605844602e-01
4.683668989163909946e-01
4.683668992295317302e-01
4.683669000385436432e-01
4.683669016950315900e-01
4.683669028397998702e-01
4.683669052615136441e-01
4.683669073529027616e-01
4.683669097352004540e-01
4.683669122409089280e-01
4.683669144433650344e-01
4.683669174919550815e-01
4.683669198613833462e-01
4.683669226652941719e-01
4.683669258906240085e-01
4.683669299879286152e-01
4.683669333805908774e-01
4.683669361382112872e-01
4.683669388898991093e-01
4.683669418335141277e-01
4.683669438567860110e-01
4.683669460482299818e-01
4.683669488138982318e-01
4.683669514096537312e-01
4.683669538677128208e-01
4.683669555457883327e-01
4.683669574927201706e-01
4.683669595087017190e-01
4.683669608519898109e-01
4.683669627522175638e-01
4.683669645886761601e-01
4.683669660338566354e-01
4.683669667519356761e-01
4.683669676381347347e-01
4.683669683350215052e-01
4.683669689136081837e-01
4.683669696390685422e-01
4.683669707013333738e-01
4.683669716927933435e-01
4.683669732872984270e-01
4.683669742293867788e-01
4.683669754284577325e-01
4.683669763074398418e-01
4.683669786105839061e-01
4.683669795997418839e-01
4.683669809861722433e-01
4.683669828796378498e-01
4.683669842583870757e-01
4.683669859784044820e-01
4.683669870648182187e-01
4.683669892041049665e-01
4.683669911738684299e-01
4.683669930823038952e-01
4.683669954348299580e-01
4.683669974940199987e-01
4.683669996558406101e-01
4.683670015861271518e-01
4.683670042102712761e-01
4.683670065133426763e-01
4.683670083122453698e-01
4.683670102055934037e-01
4.683670121505288386e-01
4.683670136399539774e-01
4.683670146456596628e-01
4.683670161759396766e-01
4.683670178594073752e-01
4.683670185961510413e-01
4.683670188866901340e-01
4.683670193560646733e-01
4.683670199582063987e-01
4.683670197217034148e-01
4.683670191942166938e-01
4.683670182085389322e-01
4.683670175926812340e-01
4.683670158106403303e-01
4.683670146959493796e-01
4.683670131542529425e-01
4.683670110688605837e-01
4.683670085406017036e-01
4.683670063962955266e-01
4.683670044043217184e-01
4.683670021060378774e-01
4.683670001382143067e-01
4.683669979004436712e-01
4.683669954623695397e-01
4.683669934191626028e-01
4.683669911957601961e-01
4.683669887668264753e-01
4.683669864675315542e-01
4.683669845055171144e-01
4.683669826131516278e-01
4.683669808165660808e-01
4.683669794796924135e-01
4.683669778525380023e-01
4.683669766015134961e-01
4.683669761759431949e-01
4.683669757648807330e-01
4.683669763770429428e-01
4.683669773071832965e-01
4.683669786576691862e-01
4.683669797563948523e-01
4.683669808988962791e-01
4.683669824826436345e-01
4.683669842046462861e-01
4.683669865662581921e-01
4.683669890066769481e-01
4.683669918945027044e-01
4.683669952103416967e-01
4.683669982837402879e-01
4.683670017875707914e-01
4.683670047186986873e-01
4.683670076274042415e-01
4.683670111106962852e-01
4.683670141124265940e-01
4.683670176776356664e-01
4.683670195490803878e-01
4.683670230244514343e-01
4.683670253534456540e-01
4.683670273421928765e-01
4.683670297829904960e-01
4.683670310874519793e-01
4.683670330370348633e-01
4.683670340785619501e-01
4.683670351874787419e-01
4.683670364622559701e-01
4.683670363982720963e-01
4.683670369856274274e-01
4.683670375276314246e-01
4.683670375882848513e-01
4.683670375688930854e-01
4.683670362905102968e-01
4.683670357554059471e-01
4.683670345872382734e-01
4.683670338521016552e-01
4.683670329781757791e-01
4.683670319032958718e-01
4.683670314485250952e-01
4.683670307809002509e-01
4.683670295528614136e-01
4.683670284585818022e-01
4.683670273459744071e-01
4.683670266150372075e-01
4.683670262064367762e-01
4.683670256204543469e-01
4.683670254139696287e-01
4.683670256966493972e-01
4.683670261513926958e-01
4.683670267632424888e-01
4.683670276974503111e-01
4.683670283090914932e-01
4.683670286180294795e-01
4.683670297290067897e-01
4.683670309766062023e-01
4.683670321710367568e-01
4.683670336677376866e-01
4.683670353785408524e-01
4.683670373268229992e-01
4.683670392737065424e-01
4.683670416475710363e-01
4.683670440398872148e-01
4.683670463482354496e-01
4.683670485182904741e-01
4.683670499090388240e-01
4.683670522382898382e-01
4.683670543560124466e-01
4.683670563237568585e-01
4.683670575788120294e-01
4.683670591825852547e-01
4.683670606649425472e-01
4.683670615026095940e-01
4.683670623558930379e-01
4.683670630505054611e-01
4.683670636615864802e-01
4.683670636995252434e-01
4.683670635740053156e-01
4.683670634147208967e-01
4.683670627773674489e-01
4.683670622360753821e-01
4.683670617677641035e-01
4.683670609879759805e-01
4.683670599685408331e-01
4.683670588183958539e-01
4.683670583410953769e-01
4.683670571916646042e-01
4.683670558133974926e-01
4.683670545210952829e-01
4.683670529767253177e-01
4.683670516874530731e-01
4.683670503005469832e-01
4.683670490984935819e-01
4.683670480934262192e-01
4.683670471813923264e-01
4.683670464697180513e-01
4.683670459079141701e-01
4.683670452980785992e-01
4.683670450597241519e-01
4.683670447879620946e-01
4.683670447377297208e-01
4.683670448842362499e-01
4.683670448074928605e-01
4.683670451568996973e-01
4.683670457240004525e-01
4.683670460931656510e-01
4.683670465777032832e-01
4.683670472802747842e-01
4.683670484748985174e-01
4.683670491355267917e-01
4.683670499977943269e-01
4.683670511431706762e-01
4.683670520273556792e-01
4.683670532333237824e-01
4.683670538944325612e-01
4.683670545350201442e-01
4.683670555461114104e-01
4.683670563127040887e-01
4.683670566373054345e-01
4.683670570968921920e-01
4.683670571633869462e-01
4.683670571461187593e-01
4.683670569523351590e-01
4.683670566413904446e-01
4.683670563613504534e-01
4.683670554392931895e-01
4.683670546580024352e-01
4.683670540843846153e-01
4.683670531771342849e-01
4.683670521041608525e-01
4.683670506283198476e-01
4.683670494556878561e-01
4.683670482748338304e-01
4.683670467919584524e-01
4.683670454610471268e-01
4.683670438666769908e-01
4.683670424229062212e-01
4.683670409502364018e-01
4.683670395128180508e-01
4.683670381211153533e-01
4.683670371761740059e-01
4.683670359875420908e-01
4.683670350415357064e-01
4.683670341257903380e-01
4.683670333808154784e-01
4.683670328298372154e-01
4.683670325431305570e-01
4.683670324765457638e-01
4.683670326925571947e-01
4.683670328275856276e-01
4.683670332799863556e-01
4.683670337994196298e-01
4.683670347437957626e-01
4.683670356782149158e-01
4.683670368009916762e-01
4.683670378823459601e-01
4.683670392118870485e-01
4.683670406607678416e-01
4.683670421287278729e-01
4.683670438491935872e-01
4.683670453487728813e-01
4.683670470930830776e-01
4.683670487349899103e-01
4.683670505151250052e-01
4.683670520601811438e-01
4.683670536252227401e-01
4.683670549584922349e-01
4.683670563177936841e-01
4.683670575070830178e-01
4.683670587554464304e-01
4.683670597966226312e-01
4.683670607000931518e-01
4.683670614793836728e-01
4.683670622455281540e-01
4.683670627063335479e-01
4.683670628872759756e-01
4.683670630074984187e-01
4.683670630087302666e-01
4.683670628637150446e-01
4.683670625867166759e-01
4.683670622590003219e-01
4.683670618698195787e-01
4.683670611556073338e-01
4.683670605814800325e-01
4.683670597067530195e-01
4.683670588863548812e-01
4.683670578771020332e-01
4.683670568786099109e-01
4.683670559948699408e-01
4.683670549625252866e-01
4.683670539550052192e-01
4.683670530224014472e-01
4.683670520587984720e-01
4.683670512077911519e-01
4.683670503682709763e-01
4.683670495435107162e-01
4.683670487284504191e-01
4.683670479159416922e-01
4.683670473371334131e-01
4.683670468552187938e-01
4.683670464850529513e-01
4.683670461648624106e-01
4.683670459446427903e-01
4.683670457240728946e-01
4.683670456642676783e-01
4.683670456481952571e-01
4.683670456205287769e-01
4.683670457638865470e-01
4.683670459706651967e-01
4.683670461368760196e-01
4.683670463466889644e-01
4.683670466050541270e-01
4.683670468033140355e-01
4.683670470884629955e-01
4.683670473834815606e-01
4.683670476732676446e-01
4.683670478793689473e-01
4.683670481368433780e-01
4.683670482939983892e-01
4.683670484934143174e-01
4.683670485981174525e-01
4.683670485355632129e-01
4.683670483956811070e-01
4.683670481668392727e-01
4.683670479028039790e-01
4.683670475153140500e-01
4.683670471100150334e-01
4.683670466104586372e-01
4.683670460097106858e-01
4.683670453815174661e-01
4.683670445438480878e-01
4.683670436382246782e-01
4.683670427151780946e-01
4.683670417989252988e-01
4.683670408118461026e-01
4.683670397860088541e-01
4.683670386748142733e-01
4.683670375545445075e-01
4.683670364233291084e-01
4.683670352241789958e-01
4.683670341176659480e-01
4.683670330389405612e-01
4.683670319939288729e-01
4.683670309549394228e-01
4.683670299765792522e-01
4.683670290845724504e-01
4.683670282370485105e-01
4.683670274904051523e-01
4.683670267934910147e-01
4.683670261785745637e-01
4.683670257085476019e-01
4.683670253364539682e-01
4.683670251237004312e-01
4.683670249301508659e-01
4.683670249659915852e-01
4.683670250559142656e-01
4.683670252495512054e-01
4.683670255327951337e-01
4.683670259629201249e-01
4.683670264932636162e-01
4.683670270949920056e-01
4.683670278050753866e-01
4.683670286060639953e-01
4.683670293827871256e-01
4.683670303308549721e-01
4.683670312478024345e-01
4.683670322926419827e-01
4.683670333126797036e-01
4.683670343485612508e-01
4.683670352736558073e-01
4.683670363002463422e-01
4.683670372248556202e-01
4.683670381741744104e-01
4.683670390879234313e-01
4.683670400139216539e-01
4.683670409045866956e-01
4.683670416991793650e-01
4.683670424257515008e-01
4.683670431441135373e-01
4.683670437554713906e-01
4.683670442865266459e-01
4.683670447511759649e-01
4.683670452114118699e-01
4.683670455703518032e-01
4.683670458914538370e-01
