2.999935791499669380e-02
2.999935747178910511e-02
2.999935705255524568e-02
2.999935666030108597e-02
2.999935629739374290e-02
2.999935596558937767e-02
2.999935566602186104e-02
2.999935539925053726e-02
2.999935516527766147e-02
2.999935496361698026e-02
2.999935479333032742e-02
2.999935465310815327e-02
2.999935454132330107e-02
2.999935445607939885e-02
2.999935439531138323e-02
2.999935435682682394e-02
2.999935433835452733e-02
2.999935433762702941e-02
2.999935435238573755e-02
2.999935438046250763e-02
2.999935441978312731e-02
2.999935446840090725e-02
2.999935452453348847e-02
2.999935458654651860e-02
2.999935465298854409e-02
2.999935472258647221e-02
2.999935479421421067e-02
2.999935486693468267e-02
2.999935493996833125e-02
2.999935501265584351e-02
2.999935508449497537e-02
2.999935515509296463e-02
2.999935522414535691e-02
2.999935529144960589e-02
2.999935535686797800e-02
2.999935542030866473e-02
2.999935548172362465e-02
2.999935554108571628e-02
2.999935559837929241e-02
2.999935565358400474e-02
2.999935570667815188e-02
2.999935575760757228e-02
2.999935580630112841e-02
2.999935585264769736e-02
2.999935589650645079e-02
2.999935593770652886e-02
2.999935597602857579e-02
2.999935601124726139e-02
2.999935604308889142e-02
2.999935607127995896e-02
2.999935609552090848e-02
2.999935611553413220e-02
2.999935613103193316e-02
2.999935614176228033e-02
2.999935614750111681e-02
2.999935614806266762e-02
2.999935614331286290e-02
2.999935613318549521e-02
2.999935611767538812e-02
2.999935609685219079e-02
2.999935607086562372e-02
2.999935603993392208e-02
2.999935600435048311e-02
2.999935596449321284e-02
2.999935592079747831e-02
2.999935587376512808e-02
2.999935582394598968e-02
2.999935577193384162e-02
2.999935571835467274e-02
2.999935566385985436e-02
2.999935560909101906e-02
2.999935555470397211e-02
2.999935550132303008e-02
2.999935544956455064e-02
2.999935539998857537e-02
2.999935535312213408e-02
2.999935530943220741e-02
2.999935526933047297e-02
2.999935523316357711e-02
2.999935520121405769e-02
2.999935517369400201e-02
2.999935515075789760e-02
2.999935513249526314e-02
2.999935511892861534e-02
2.999935511002818286e-02
2.999935510572122530e-02
2.999935510588266560e-02
2.999935511035241309e-02
2.999935511894587584e-02
2.999935513144390969e-02
2.999935514761889466e-02
2.999935516723480078e-02
2.999935519004542570e-02
2.999935521580541706e-02
2.999935524427518527e-02
2.999935527522235024e-02
2.999935530844150683e-02
2.999935534371803852e-02
2.999935538087399045e-02
2.999935541973549127e-02
2.999935546016081409e-02
2.999935550201170489e-02
2.999935554517881020e-02
2.999935558956912107e-02
2.999935563510276043e-02
2.999935568172136177e-02
2.999935572937681427e-02
2.999935577804433914e-02
2.999935582770777223e-02
2.999935587836946582e-02
2.999935593003557471e-02
2.999935598274437731e-02
2.999935603652840316e-02
2.999935609144915166e-02
2.999935614756856980e-02
2.999935620496889388e-02
2.999935626374341732e-02
2.999935632398899321e-02
2.999935638582234762e-02
2.999935644936760001e-02
2.999935651474752024e-02
2.999935658210313438e-02
2.999935665156848452e-02
2.999935672327666558e-02
2.999935679737126409e-02
2.999935687397843609e-02
2.999935695322139204e-02
2.999935703521054708e-02
2.999935712003889976e-02
2.999935720778375281e-02
2.999935729849837612e-02
2.999935739221270062e-02
2.999935748892436360e-02
2.999935758859896551e-02
2.999935769117035439e-02
2.999935779652693549e-02
2.999935790452830375e-02
2.999935801498083976e-02
2.999935812765836679e-02
2.999935824227964454e-02
2.999935835853052152e-02
2.999935847604968953e-02
2.999935859443569885e-02
2.999935871325718623e-02
2.999935883204000314e-02
2.999935895028955912e-02
2.999935906748945821e-02
2.999935918311107466e-02
2.999935929661686623e-02
2.999935940747351301e-02
2.999935951516981628e-02
2.999935961920070435e-02
2.999935971910564630e-02
2.999935981445954122e-02
2.999935990489362159e-02
2.999935999009065851e-02
2.999936006980003997e-02
2.999936014383539767e-02
2.999936021209209658e-02
2.999936027452537735e-02
2.999936033117163448e-02
2.999936038213081579e-02
2.999936042757155377e-02
2.999936046772299497e-02
2.999936050285333111e-02
2.999936053328219193e-02
2.999936055935375698e-02
2.999936058143638784e-02
2.999936059990685605e-02
2.999936061514211702e-02
2.999936062751664551e-02
2.999936063737842357e-02
2.999936064505999769e-02
2.999936065086369896e-02
2.999936065506271510e-02
2.999936065789421055e-02
2.999936065956628276e-02
2.999936066025879824e-02
2.999936066011996832e-02
2.999936065927646944e-02
2.999936065783514322e-02
2.999936065589073331e-02
2.999936065352860198e-02
2.999936065082465381e-02
2.999936064786440718e-02
2.999936064472339195e-02
2.999936064148564507e-02
2.999936063824489019e-02
2.999936063509191925e-02
2.999936063213356346e-02
2.999936062946898657e-02
2.999936062721018579e-02
2.999936062546138330e-02
2.999936062433681411e-02
2.999936062393658218e-02
2.999936062436991263e-02
2.999936062573290221e-02
2.999936062813090762e-02
2.999936063165838107e-02
2.999936063641695655e-02
2.999936064251341669e-02
2.999936065005370800e-02
2.999936065915414368e-02
2.999936066993556458e-02
2.999936068254136640e-02
2.999936069710569878e-02
2.999936071378443703e-02
2.999936073272979967e-02
2.999936075409524033e-02
2.999936077803763354e-02
2.999936080468904726e-02
2.999936083417156091e-02
2.999936086657640361e-02
2.999936090196270513e-02
2.999936094034717088e-02
2.999936098170041809e-02
2.999936102594663589e-02
2.999936107295268772e-02
2.999936112254125362e-02
2.999936117448952569e-02
2.999936122853517212e-02
2.999936128439232783e-02
2.999936134175773539e-02
2.999936140033349768e-02
2.999936145983814889e-02
2.999936152002765158e-02
2.999936158071440234e-02
2.999936164178046427e-02
2.999936170319347090e-02
2.999936176502137827e-02
2.999936182743908469e-02
2.999936189073293055e-02
2.999936195529991426e-02
2.999936202163776267e-02
2.999936209034270718e-02
2.999936216208154427e-02
2.999936223757856263e-02
2.999936231759561117e-02
2.999936240288129594e-02
2.999936249417184050e-02
2.999936259213955084e-02
2.999936269736763056e-02
2.999936281032251212e-02
2.999936293133028883e-02
2.999936306055828866e-02
2.999936319799173870e-02
2.999936334342724609e-02
2.999936349647191330e-02
2.999936365654444145e-02
2.999936382288108730e-02
2.999936399455527258e-02
2.999936417050470816e-02
2.999936434953920719e-02
2.999936453039200868e-02
2.999936471173302380e-02
2.999936489222172070e-02
2.999936507051903511e-02
2.999936524533646648e-02
2.999936541545838303e-02
2.999936557977414542e-02
2.999936573729344164e-02
2.999936588717053154e-02
2.999936602872201735e-02
2.999936616141180359e-02
2.999936628488375154e-02
2.999936639894033169e-02
2.999936650353383222e-02
2.999936659877136536e-02
2.999936668488304911e-02
2.999936676221285486e-02
2.999936683120609654e-02
2.999936689237638066e-02
2.999936694629912540e-02
2.999936699358954004e-02
2.999936703488437564e-02
2.999936707082494908e-02
2.999936710205472132e-02
2.999936712919058085e-02
2.999936715283820290e-02
2.999936717357025440e-02
2.999936719192376061e-02
2.999936720841399340e-02
2.999936722351874072e-02
2.999936723769185826e-02
2.999936725136214538e-02
2.999936726493885111e-02
2.999936727881720444e-02
2.999936729338039537e-02
2.999936730900867876e-02
2.999936732607511383e-02
2.999936734495390819e-02
2.999936736601951578e-02
2.999936738964759791e-02
2.999936741621044359e-02
2.999936744608387371e-02
2.999936747963197897e-02
2.999936751721486369e-02
2.999936755917280082e-02
2.999936760583570353e-02
2.999936765750089995e-02
2.999936771444035311e-02
2.999936777688919434e-02
2.999936784504838444e-02
2.999936791906772024e-02
2.999936799905492460e-02
2.999936808506332986e-02
2.999936817709768916e-02
2.999936827510870513e-02
2.999936837899238457e-02
2.999936848859165173e-02
2.999936860370203129e-02
2.999936872407175589e-02
2.999936884939937223e-02
2.999936897935003011e-02
2.999936911354818964e-02
2.999936925158911555e-02
2.999936939304433808e-02
2.999936953746118462e-02
2.999936968437762891e-02
2.999936983331361398e-02
2.999936998379080372e-02
2.999937013532713581e-02
2.999937028744283432e-02
2.999937043966348013e-02
2.999937059152529145e-02
2.999937074258030717e-02
2.999937089238943408e-02
2.999937104053096784e-02
2.999937118660351079e-02
2.999937133022449395e-02
2.999937147102873375e-02
2.999937160867587396e-02
2.999937174284727365e-02
2.999937187324505997e-02
2.999937199959835585e-02
2.999937212165867603e-02
2.999937223920350754e-02
2.999937235203888747e-02
2.999937245999226981e-02
2.999937256292703469e-02
2.999937266072462069e-02
2.999937275330106720e-02
2.999937284059958631e-02
2.999937292259033383e-02
2.999937299927075279e-02
2.999937307066907061e-02
2.999937313683919554e-02
2.999937319786249307e-02
2.999937325384595399e-02
2.999937330492763801e-02
2.999937335126659846e-02
2.999937339305244061e-02
2.999937343050149488e-02
2.999937346385467621e-02
2.999937349338153980e-02
2.999937351938273405e-02
2.999937354218541394e-02
2.999937356214606166e-02
2.999937357965182932e-02
2.999937359511921364e-02
2.999937360899620348e-02
2.999937362175587874e-02
2.999937363390174985e-02
2.999937364596005213e-02
2.999937365847749407e-02
2.999937367201808980e-02
2.999937368716063674e-02
2.999937370448449436e-02
2.999937372457066667e-02
2.999937374799235834e-02
2.999937377530698460e-02
2.999937380704730677e-02
2.999937384371318544e-02
2.999937388576880137e-02
2.999937393362835797e-02
2.999937398765289281e-02
2.999937404814697825e-02
2.999937411535124818e-02
2.999937418943860595e-02
2.999937427051605279e-02
2.999937435861829704e-02
2.999937445371449185e-02
2.999937455570503633e-02
2.999937466442620382e-02
2.999937477965639726e-02
2.999937490111646843e-02
2.999937502847829784e-02
2.999937516136890261e-02
2.999937529937811778e-02
2.999937544206111861e-02
2.999937558895063999e-02
2.999937573955595640e-02
2.999937589337060492e-02
2.999937604988338335e-02
2.999937620857315301e-02
2.999937636892211629e-02
2.999937653041470642e-02
2.999937669254279862e-02
2.999937685480952992e-02
2.999937701673221352e-02
2.999937717784428859e-02
2.999937733769847750e-02
2.999937749586602254e-02
2.999937765194506112e-02
2.999937780555389857e-02
2.999937795633934867e-02
2.999937810397142190e-02
2.999937824814676371e-02
2.999937838858940387e-02
2.999937852504626357e-02
2.999937865729252265e-02
2.999937878512245332e-02
2.999937890835425308e-02
2.999937902682552060e-02
2.999937914039091033e-02
2.999937924892218111e-02
2.999937935230444913e-02
2.999937945043553572e-02
2.999937954322553363e-02
2.999937963059476700e-02
2.999937971247379140e-02
2.999937978880530196e-02
2.999937985954360259e-02
2.999937992465711092e-02
2.999937998412932280e-02
2.999938003796415176e-02
2.999938008618353164e-02
2.999938012883593408e-02
2.999938016599520280e-02
2.999938019776402301e-02
2.999938022427828602e-02
2.999938024570531284e-02
2.999938026224551607e-02
2.999938027413637590e-02
2.999938028164669465e-02
2.999938028507981302e-02
2.999938028476900609e-02
2.999938028107691779e-02
2.999938027439397192e-02
2.999938026513212716e-02
2.999938025372546682e-02
2.999938024062508493e-02
2.999938022629918682e-02
2.999938021122686843e-02
2.999938019590165511e-02
2.999938018082426092e-02
2.999938016650626274e-02
2.999938015346704373e-02
2.999938014223357471e-02
2.999938013333897785e-02
2.999938012732405318e-02
2.999938012473253590e-02
2.999938012611281374e-02
2.999938013201205317e-02
2.999938014297383673e-02
2.999938015953331621e-02
2.999938018221094682e-02
2.999938021150530196e-02
2.999938024788588800e-02
2.999938029178305168e-02
2.999938034357999342e-02
2.999938040360235897e-02
2.999938047210978440e-02
2.999938054928582773e-02
2.999938063523175519e-02
2.999938072995862390e-02
2.999938083338310121e-02
2.999938094532425895e-02
2.999938106550247702e-02
2.999938119354116778e-02
2.999938132896976667e-02
2.999938147123069540e-02
2.999938161968555145e-02
2.999938177362611313e-02
2.999938193228473063e-02
2.999938209484680207e-02
2.999938226046377707e-02
2.999938242826635099e-02
2.999938259737783275e-02
2.999938276692642666e-02
2.999938293605763570e-02
2.999938310394481208e-02
2.999938326979849704e-02
2.999938343287487583e-02
2.999938359248181460e-02
2.999938374798413396e-02
2.999938389880698122e-02
2.999938404443818971e-02
2.999938418442905930e-02
2.999938431839447445e-02
2.999938444601207149e-02
2.999938456702071557e-02
2.999938468121871385e-02
2.999938478846152917e-02
2.999938488865927511e-02
2.999938498177433591e-02
2.999938506781861178e-02
2.999938514685088903e-02
2.999938521897401941e-02
2.999938528433204743e-02
2.999938534310716415e-02
2.999938539551645633e-02
2.999938544180833985e-02
2.999938548225886473e-02
2.999938551716790566e-02
2.999938554685485995e-02
2.999938557165440778e-02
2.999938559191225526e-02
2.999938560798087392e-02
2.999938562021549696e-02
2.999938562897045899e-02
2.999938563459587579e-02
2.999938563743499709e-02
2.999938563782212492e-02
2.999938563608130562e-02
2.999938563252560128e-02
2.999938562745721460e-02
2.999938562116807525e-02
2.999938561394118255e-02
2.999938560605220836e-02
2.999938559777150238e-02
2.999938558936608018e-02
2.999938558110187142e-02
2.999938557324558289e-02
2.999938556606631876e-02
2.999938555983698574e-02
2.999938555483507019e-02
2.999938555134294346e-02
2.999938554964773699e-02
2.999938555004104737e-02
2.999938555281736127e-02
2.999938555827343090e-02
2.999938556670606743e-02
2.999938557841087122e-02
2.999938559368028196e-02
2.999938561280152127e-02
2.999938563605512865e-02
2.999938566371275483e-02
2.999938569603621472e-02
2.999938573327412886e-02
2.999938577566160433e-02
2.999938582341740712e-02
2.999938587674073898e-02
2.999938593581045337e-02
2.999938600077960843e-02
2.999938607177349975e-02
2.999938614888423075e-02
2.999938623216660133e-02
2.999938632163338947e-02
2.999938641724875579e-02
2.999938651892443756e-02
2.999938662651326429e-02
2.999938673980429710e-02
2.999938685851952572e-02
2.999938698230959766e-02
2.999938711075210082e-02
2.999938724335107429e-02
2.999938737953825388e-02
2.999938751867434888e-02
2.999938766005665405e-02
2.999938780292221371e-02
2.999938794645891707e-02
2.999938808981352650e-02
2.999938823210527780e-02
2.999938837243554951e-02
2.999938850990295502e-02
2.999938864361665486e-02
2.999938877270915891e-02
2.999938889635033606e-02
2.999938901375840891e-02
2.999938912421153125e-02
2.999938922705804381e-02
2.999938932172285105e-02
2.999938940771473134e-02
2.999938948462897020e-02
2.999938955215203373e-02
2.999938961005944177e-02
2.999938965821468545e-02
2.999938969656927926e-02
2.999938972515447597e-02
2.999938974407976439e-02
2.999938975352653761e-02
2.999938975374123046e-02
2.999938974502918548e-02
2.999938972774932738e-02
2.999938970230753982e-02
2.999938966915131899e-02
2.999938962876358417e-02
2.999938958165979108e-02
2.999938952838278675e-02
2.999938946949587751e-02
2.999938940558444234e-02
2.999938933724719675e-02
2.999938926509738285e-02
2.999938918975591368e-02
2.999938911184824378e-02
2.999938903200414370e-02
2.999938895084902635e-02
2.999938886900496010e-02
2.999938878708227619e-02
2.999938870567899277e-02
2.999938862537650935e-02
2.999938854673182137e-02
2.999938847027799893e-02
2.999938839651889941e-02
2.999938832592698168e-02
2.999938825893480598e-02
2.999938819594333977e-02
2.999938813730977649e-02
2.999938808335210483e-02
2.999938803434351597e-02
2.999938799051856536e-02
2.999938795206759379e-02
2.999938791913929481e-02
2.999938789184162374e-02
2.999938787024582221e-02
2.999938785438260175e-02
2.999938784424789617e-02
2.999938783980333687e-02
2.999938784097915673e-02
2.999938784767624753e-02
2.999938785976753036e-02
2.999938787710359350e-02
2.999938789950683249e-02
2.999938792678583099e-02
2.999938795872516065e-02
2.999938799509906107e-02
2.999938803566404300e-02
2.999938808016793315e-02
2.999938812834902768e-02
2.999938817993605400e-02
2.999938823465611581e-02
2.999938829222775077e-02
2.999938835237029103e-02
2.999938841479782639e-02
2.999938847922433219e-02
2.999938854536262495e-02
2.999938861292275258e-02
2.999938868161205335e-02
2.999938875113706410e-02
2.999938882119702194e-02
2.999938889148954374e-02
2.999938896170381564e-02
2.999938903152272324e-02
2.999938910062239020e-02
2.999938916866782407e-02
2.999938923531672574e-02
2.999938930021951722e-02
2.999938936301899464e-02
2.999938942335035261e-02
2.999938948084597545e-02
2.999938953513936468e-02
2.999938958586298096e-02
2.999938963265456199e-02
2.999938967516420710e-02
2.999938971305412400e-02
2.999938974600337843e-02
2.999938977371822968e-02
2.999938979592622207e-02
2.999938981238862296e-02
2.999938982290384359e-02
2.999938982730557605e-02
2.999938982546856633e-02
2.999938981731422455e-02
2.999938980280679457e-02
2.999938978195829109e-02
2.999938975482697306e-02
2.999938972151856842e-02
2.999938968218897675e-02
2.999938963703815270e-02
2.999938958630797570e-02
2.999938953028898070e-02
2.999938946930806247e-02
2.999938940373263890e-02
2.999938933396466278e-02
2.999938926043830764e-02
2.999938918361663015e-02
2.999938910398840600e-02
2.999938902206602392e-02
2.999938893837472351e-02
2.999938885345818443e-02
2.999938876786853448e-02
2.999938868215932739e-02
2.999938859689044862e-02
2.999938851261369638e-02
2.999938842987902310e-02
2.999938834922262834e-02
2.999938827116403403e-02
2.999938819620470709e-02
2.999938812482789291e-02
2.999938805748681575e-02
2.999938799460746472e-02
2.999938793658936398e-02
2.999938788379566054e-02
2.999938783655408531e-02
2.999938779515903473e-02
2.999938775986518008e-02
2.999938773088900792e-02
2.999938770840307120e-02
2.999938769254429510e-02
2.999938768340156339e-02
2.999938768102240402e-02
2.999938768541290587e-02
2.999938769652651591e-02
2.999938771428168477e-02
2.999938773853940560e-02
2.999938776912226476e-02
2.999938780580289205e-02
2.999938784830473437e-02
2.999938789631049346e-02
2.999938794944878237e-02
2.999938800730639343e-02
2.999938806942225103e-02
2.999938813529664031e-02
2.999938820437418607e-02
2.999938827607148001e-02
2.999938834975773849e-02
2.999938842476113435e-02
2.999938850038184196e-02
2.999938857587546373e-02
2.999938865047685824e-02
2.999938872338341403e-02
2.999938879377570672e-02
2.999938886080758330e-02
2.999938892362542797e-02
2.999938898135861079e-02
2.999938903314031124e-02
2.999938907810733094e-02
2.999938911541422462e-02
2.999938914423834480e-02
2.999938916379583584e-02
2.999938917335048805e-02
2.999938917223247958e-02
2.999938915984225532e-02
2.999938913567633952e-02
2.999938909932286721e-02
2.999938905049367999e-02
2.999938898902248380e-02
2.999938891487238801e-02
2.999938882814813523e-02
2.999938872909314880e-02
2.999938861809308202e-02
2.999938849566820970e-02
2.999938836246676330e-02
2.999938821925157012e-02
2.999938806688209544e-02
2.999938790630004432e-02
2.999938773850356274e-02
2.999938756452406874e-02
2.999938738540147698e-02
2.999938720215170052e-02
2.999938701575870920e-02
2.999938682713032198e-02
2.999938663710243619e-02
2.999938644640182811e-02
2.999938625565288369e-02
2.999938606535546004e-02
2.999938587590630229e-02
2.999938568758593604e-02
2.999938550058526762e-02
2.999938531501509034e-02
2.999938513094051185e-02
2.999938494838909342e-02
2.999938476739760079e-02
2.999938458803243918e-02
2.999938441042218282e-02
2.999938423478581626e-02
2.999938406145693723e-02
2.999938389090299473e-02
2.999938372373826476e-02
2.999938356073029999e-02
2.999938340280215027e-02
2.999938325102334546e-02
2.999938310658141483e-02
2.999938297077914262e-02
2.999938284498120805e-02
2.999938273059330959e-02
2.999938262900608832e-02
2.999938254156853806e-02
2.999938246952190898e-02
2.999938241397403366e-02
2.999938237584471451e-02
2.999938235582753215e-02
2.999938235436261716e-02
2.999938237161141330e-02
2.999938240742917178e-02
2.999938246137095338e-02
2.999938253267385446e-02
2.999938262028053679e-02
2.999938272285158913e-02
2.999938283878775605e-02
2.999938296626872974e-02
2.999938310328351815e-02
2.999938324768208764e-02
2.999938339721467187e-02
2.999938354957978198e-02
2.999938370247213007e-02
2.999938385362068208e-02
2.999938400084182014e-02
2.999938414206572077e-02
2.999938427537552840e-02
2.999938439903180806e-02
2.999938451149122137e-02
2.999938461142268031e-02
2.999938469771182281e-02
2.999938476947443949e-02
2.999938482603274614e-02
2.999938486693017742e-02
2.999938489190357577e-02
2.999938490087164858e-02
2.999938489392082672e-02
2.999938487128907261e-02
2.999938483333077638e-02
2.999938478051285967e-02
2.999938471338882764e-02
2.999938463258841614e-02
2.999938453878625913e-02
2.999938443269725002e-02
2.999938431506742054e-02
2.999938418664295850e-02
2.999938404819179477e-02
2.999938390047311026e-02
2.999938374422955398e-02
2.999938358020459370e-02
2.999938340912049889e-02
2.999938323168696228e-02
2.999938304858843982e-02
2.999938286050485292e-02
2.999938266808766310e-02
2.999938247197145302e-02
2.999938227278647201e-02
2.999938207113814551e-02
2.999938186762642761e-02
2.999938166282304156e-02
2.999938145730283307e-02
2.999938125162192326e-02
2.999938104632405428e-02
2.999938084194313931e-02
2.999938063899103974e-02
2.999938043797593240e-02
2.999938023938152759e-02
2.999938004367920519e-02
2.999937985132015636e-02
2.999937966273351353e-02
2.999937947832396687e-02
2.999937929846998447e-02
2.999937912352333008e-02
2.999937895380024033e-02
2.999937878958686480e-02
2.999937863113569247e-02
2.999937847865716961e-02
2.999937833232149687e-02
2.999937819226444063e-02
2.999937805858494261e-02
2.999937793132691211e-02
2.999937781050496244e-02
2.999937769609547361e-02
2.999937758803497556e-02
2.999937748621906222e-02
2.999937739051557195e-02
2.999937730075613249e-02
2.999937721674983057e-02
2.999937713826844252e-02
2.999937706506740354e-02
2.999937699687772047e-02
2.999937693340548606e-02
2.999937687434416772e-02
2.999937681936114611e-02
2.999937676812493986e-02
2.999937672027443852e-02
2.999937667544049294e-02
2.999937663324544687e-02
2.999937659329032433e-02
2.999937655518220697e-02
2.999937651850241582e-02
2.999937648283418704e-02
2.999937644775597240e-02
2.999937641283104486e-02
2.999937637763131631e-02
2.999937634172570450e-02
2.999937630467675725e-02
2.999937626606786339e-02
2.999937622547214217e-02
2.999937618249759463e-02
2.999937613675109083e-02
2.999937608785747251e-02
2.999937603547863513e-02
2.999937597929042479e-02
2.999937591900459638e-02
2.999937585436249915e-02
2.999937578514232095e-02
2.999937571115302709e-02
2.999937563225338333e-02
2.999937554833499720e-02
2.999937545932714056e-02
2.999937536520260947e-02
2.999937526597686033e-02
2.999937516169432633e-02
2.999937505244004710e-02
2.999937493833711860e-02
2.999937481952863472e-02
2.999937469619315400e-02
2.999937456853227560e-02
2.999937443677111112e-02
2.999937430113876549e-02
2.999937416190118222e-02
2.999937401931728614e-02
2.999937387365887720e-02
2.999937372521301049e-02
2.999937357425318946e-02
2.999937342106571286e-02
2.999937326594432838e-02
2.999937310917180980e-02
2.999937295103294321e-02
2.999937279182654515e-02
2.999937263183940009e-02
2.999937247136678919e-02
2.999937231071103660e-02
2.999937215018632156e-02
2.999937199009621372e-02
2.999937183077885580e-02
2.999937167256818901e-02
2.999937151582140332e-02
2.999937136089602177e-02
2.999937120817570968e-02
2.999937105804646731e-02
2.999937091090806168e-02
2.999937076718351553e-02
2.999937062728074560e-02
2.999937049163433830e-02
2.999937036065487492e-02
2.999937023476758821e-02
2.999937011437470158e-02
2.999936999987404262e-02
2.999936989161822512e-02
2.999936978995515480e-02
2.999936969518449820e-02
2.999936960756795223e-02
2.999936952730679340e-02
2.999936945454994425e-02
2.999936938938947001e-02
2.999936933182666826e-02
2.999936928180798809e-02
2.999936923918705700e-02
2.999936920373377433e-02
2.999936917513407880e-02
2.999936915298116041e-02
2.999936913678200034e-02
2.999936912595588256e-02
2.999936911984281418e-02
2.999936911771264314e-02
2.999936911875245374e-02
2.999936912210722159e-02
2.999936912687115043e-02
2.999936913211658993e-02
2.999936913688013018e-02
2.999936914022630768e-02
2.999936914120885506e-02
2.999936913893952103e-02
2.999936913257999008e-02
2.999936912133675457e-02
2.999936910452681571e-02
2.999936908153378462e-02
2.999936905185795338e-02
2.999936901512276211e-02
2.999936897100802941e-02
2.999936891937410310e-02
2.999936886012580239e-02
2.999936879330174916e-02
2.999936871900674151e-02
2.999936863743603646e-02
2.999936854881778137e-02
2.999936845345210767e-02
2.999936835163642679e-02
2.999936824369869165e-02
2.999936812995128432e-02
2.999936801070579584e-02
2.999936788623642353e-02
2.999936775680256407e-02
2.999936762264182599e-02
2.999936748397119199e-02
2.999936734099884622e-02
2.999936719394155973e-02
2.999936704304091706e-02
2.999936688857112246e-02
2.999936673088725997e-02
2.999936657041914201e-02
2.999936640771245708e-02
2.999936624342845054e-02
2.999936607836161881e-02
2.999936591345592554e-02
2.999936574979562842e-02
2.999936558860329464e-02
2.999936543121394308e-02
2.999936527906967368e-02
2.999936513367384636e-02
2.999936499656496308e-02
2.999936486926072302e-02
