3.307434555500973067e-02
1.464065215489551708e-01
5.009315969782739131e-02
2.043182072283129536e-01
1.356024582290445146e-01
3.313322051396338508e-01
4.041285519913123125e-01
6.714919862152020080e-01
1.215631924972248035e+00
1.757179900472525480e+00
3.678825943389287367e+00
5.414855994756307744e+00
1.124810339853030960e+01
1.770453912696787668e+01
3.490619458538942155e+01
5.844382924978700089e+01
1.100646637629590714e+02
1.920416657652988022e+02
3.516518296537531114e+02
6.273923884421683397e+02
1.133453264416825505e+03
2.041881724036102241e+03
3.671387447188686565e+03
6.633254846980832554e+03
1.191937428594189078e+04
2.153626245700132495e+04
3.872976134331514186e+04
6.992325725818661158e+04
1.258686274894036032e+05
2.270727548695759615e+05
4.090442490162083996e+05
7.375666677408124087e+05
1.329183087397071766e+06
2.396093274816137739e+06
4.318874181490249932e+06
7.784753219540248625e+06
1.403268951140498184e+07
2.529327473198981956e+07
4.559376642470423877e+07
8.218129500939647853e+07
1.481389466262618899e+08
2.670195480020451248e+08
4.813202774612953067e+08
8.675872021662433147e+08
1.563869489135134459e+09
2.818919694887608528e+09
5.081219465753992081e+09
9.159078267055358887e+09
1.650958260916390419e+10
2.975915138211618805e+10
5.364195266581741333e+10
9.669170209670094299e+10
1.742903075021110535e+11
3.141650200643710327e+11
5.662939872683021240e+11
1.020766585991916138e+12
1.839969697311548828e+12
3.316615173889698242e+12
5.978323094699214844e+12
1.077615279504948438e+13
1.942442069872313672e+13
3.501325002682181641e+13
6.311270193934157812e+13
1.137630183346276406e+14
2.050621315941057500e+14
3.696321986084854375e+14
6.662759604386292500e+14
1.200987502736073750e+15
2.164825247203779500e+15
3.902178956099306500e+15
7.033824493868744000e+15
1.267873327978761200e+16
2.285389403363872400e+16
4.119500603566236800e+16
7.425554582442625600e+16
1.338484197393952480e+17
2.412668101015609280e+17
4.348925213927479680e+17
7.839101070801681920e+17
1.413027525497971712e+18
2.547035278397492736e+18
4.591126995146184704e+18
8.275679177770817536e+18
1.491722338383402394e+19
2.688885733880763187e+19
4.846817575219723469e+19
8.736571552467658342e+19
1.574799839183438479e+20
2.838636114741118894e+20
5.116748340428961219e+20
9.223131561844743864e+20
1.662504262067226673e+21
2.996726275115648549e+21
5.401712236056857805e+21
9.736789198579951469e+21
1.755093022350799746e+22
3.163621047066721832e+22
5.702546366027993711e+22
1.027905418593123130e+23
1.852838284561278891e+23
3.339810642894974731e+23
6.020134487730773410e+23
1.085151895179867961e+24
1.956027121895556921e+24
3.525812608828950268e+24
6.355410222875004155e+24
1.145586542527581099e+25
2.064962971089485538e+25
3.722173291277520250e+25
6.709357919422448303e+25
1.209386952113223011e+26
2.179965573459293154e+26
3.929469880420900214e+26
7.083017586765390838e+26
1.276740622339180479e+27
2.301372940152611036e+27
4.148311475936885003e+27
7.477487414827070915e+27
1.347845295606875131e+28
2.429541916170171120e+28
4.379340745991050996e+28
7.893926338203312111e+28
1.422909982217200466e+29
2.564848811865902325e+29
4.623236467750977852e+29
8.333557763417995112e+29
1.502155142163653812e+30
2.707691302410524453e+30
4.880715547270585499e+30
8.797673294363356897e+30
1.585813759824831066e+31
2.858489033907740671e+31
5.152534041052874656e+31
9.287636659494398305e+31
1.674131515870669003e+32
3.017684979813160223e+32
5.439490951911755214e+32
9.804887433153924660e+32
1.767367804064946772e+33
3.185747043439910610e+33
5.742428953550385694e+33
1.035094435295889457e+34
1.865796680521018582e+34
3.363168771267001436e+34
6.062238387166214221e+34
1.092741319221737221e+35
1.969707267499545267e+35
3.550471761353598743e+35
6.399858481146953034e+35
1.153598631198755309e+36
2.079404891014142135e+36
3.748205898995090647e+36
6.756281627817820044e+36
1.217845273156585648e+37
2.195211945804636166e+37
3.956952101190218920e+37
7.132555449960574828e+37
1.285669943548873758e+38
2.317468415300660880e+38
4.177324278012799117e+38
7.529783881853880574e+38
1.357271936317421124e+39
2.446533741138814474e+39
4.409969163625358892e+39
7.949135502449607796e+39
1.432861601540099056e+40
2.582787005179188252e+40
4.655570742804366088e+40
8.391841614219361496e+40
1.512661033483081039e+41
2.726628484234787202e+41
4.914850565785852751e+41
8.859203108676805572e+41
1.596904755704375823e+42
2.878480848953258761e+42
5.188570381057363325e+42
9.352593148613375601e+42
1.685840082934831653e+43
3.038790359309816776e+43
5.477533885310224862e+43
9.873461367624009840e+43
1.779728521939089010e+44
3.208027762173950907e+44
5.782590739828173264e+44
1.042333762868303042e+45
1.878845843714674437e+45
3.386690363015180032e+45
6.104636652141158183e+45
1.100383788433650280e+46
1.983483197842390475e+46
3.575303081033342134e+46
6.444618548821045732e+46
1.161666719121863367e+47
2.093948020498115225e+47
3.774420113379255214e+47
6.803534509771771330e+47
1.226362682367505173e+48
2.210564904375567406e+48
3.984626483007137623e+48
7.182439447796504032e+48
1.294661694177195925e+49
2.333676572502967045e+49
4.206539691793169925e+49
7.582446573613061199e+49
1.366764479281227579e+50
2.463644496820874457e+50
4.440811914271590769e+50
8.004730578259051216e+50
1.442882852623225857e+51
2.600850619860018808e+51
4.688131091484714834e+51
8.450533016747845610e+51
1.523240371156798337e+52
2.745698087894295716e+52
4.949224247525954486e+52
8.921162752486352284e+52
1.608073217317545790e+53
2.898612563988714279e+53
5.224858176330498220e+53
9.418003725928259193e+53
1.697630637258087658e+54
3.060043082291209651e+54
5.515842828052242826e+54
9.942514686673775995e+54
1.792175692204985108e+55
3.230464190835968791e+55
5.823033128885285718e+55
1.049623694184983777e+56
1.891986125896979526e+56
3.410376378174920775e+56
6.147331502538810571e+56
1.108079695562537370e+57
1.997355372079811720e+57
3.600308133727100161e+57
6.489691397283192563e+57
1.169791215774983091e+58
2.108592784289013138e+58
3.800817796110076542e+58
6.851117309128705552e+58
1.234939657079502099e+59
2.226025328690995927e+59
4.012494207693684990e+59
7.232672127822357247e+59
1.303716391731388967e+60
2.349997865943638882e+60
4.235959581914818267e+60
7.635476615585575102e+60
1.376323406789027824e+61
2.480874723123864024e+61
4.471870217430955676e+61
8.060714327530967437e+61
1.452974096571761039e+62
2.619040468209088957e+62
4.720919248965797166e+62
8.509634355377944248e+62
1.533893627524594102e+63
2.764901057975906261e+63
4.983838195107065696e+63
8.983556485920109371e+63
1.619319757664649082e+64
2.918885037237176714e+64
5.261399971430048604e+64
9.483871677803290510e+64
1.709503550065471332e+65
3.081444551827602411e+65
5.554419784106509203e+65
1.001205068998952868e+66
1.804709900593739733e+66
3.253057399941474561e+66
5.863758620813074483e+66
1.056964552815347397e+67
1.905218408482454394e+67
3.434227858585354617e+67
6.190325238390442743e+67
1.115829375403347626e+68
2.011324579003930170e+68
3.625488126769391182e+68
6.535078855861810276e+68
1.177972577715971232e+69
2.123339930098612746e+69
3.827400096260956145e+69
6.899033121217608959e+69
1.243576587473281080e+70
2.241593812396802235e+70
4.040557059323979078e+70
7.283256279576155748e+70
1.312834386679852232e+71
2.366433367134343073e+71
4.265585159112864150e+71
7.688878235781786962e+71
1.385949241584003423e+72
2.498225614067403738e+72
4.503145923201612169e+72
8.117089443798339028e+72
1.463136039091767004e+73
2.637357807055238669e+73
4.753936597577709547e+73
8.569149644658660637e+73
1.544621531532550328e+74
2.784238372676060677e+74
5.018694520851973168e+74
9.046385821477173014e+74
1.630645134319784503e+75
2.939299201435218792e+75
5.298197447899361184e+75
9.550200660490636925e+75
1.721459558156135212e+76
3.102995726237008395e+76
5.593266488872867497e+76
1.008207354183611624e+77
1.817331669426047193e+77
3.275808878755900048e+77
5.904768661541986800e+77
1.064356806139849797e+78
1.918543256484615232e+78
3.458246216380928809e+78
6.233619532623397812e+78
1.123633309863942028e+79
2.025391429578318437e+79
3.650844272436510124e+79
6.580784143468245926e+79
1.186211142842100882e+80
2.138190111621304991e+80
3.854168540693891134e+80
6.947283394801096517e+80
1.252274047573431087e+81
2.257271054497367106e+81
4.068816062247299216e+81
7.334194412117422292e+81
1.322016098675273916e+82
2.382983847373334774e+82
4.295418170349373865e+82
7.742652681306537779e+82
1.395642317118346907e+83
2.515697839445646747e+83
4.534640059528312668e+83
8.173859434400687118e+83
1.473368937846883566e+84
2.655803040222538236e+84
4.787184847938228604e+84
8.629080869245574305e+84
1.555424393974491649e+85
2.803710790692891686e+85
5.053794643192131374e+85
9.109654600103551271e+85
1.642049576667549206e+86
2.959856189719336063e+86
5.335252308317950635e+86
9.616992739893385074e+86
1.733499186827610852e+87
3.124697596821758954e+87
5.632384961801977596e+87
1.015258601319409826e+88
1.830041866920503889e+88
3.298719316331448020e+88
5.946065932013964702e+88
1.071800740474544113e+89
1.931961240666203501e+89
3.482432852077604185e+89
6.277216266223963552e+89
1.131491892979280537e+90
2.039556727041202248e+90
3.676377719418795163e+90
6.626809623513934568e+90
1.194507302075620705e+91
2.153144498905835268e+91
3.881123872142594774e+91
6.995872226100763612e+91
1.261032247703043445e+92
2.273058158452914699e+92
4.097272912606719566e+92
7.385488762999595054e+92
1.331262132337641417e+93
2.399650097190776975e+93
4.325459893400855880e+93
7.796803840537569705e+93
1.405403273285807240e+94
2.533292381377678490e+94
4.566354590674644973e+94
8.231026744453060546e+94
1.483673430303579004e+95
2.674377425208298083e+95
4.820665923128940442e+95
8.689431214841996284e+95
1.566302836119467210e+96
2.823319659278963915e+96
5.089140258062946616e+96
9.173366546621194093e+96
1.653533916987269192e+97
2.980557045985886435e+97
5.372566378366857295e+97
9.684253172380713923e+97
1.745623087037509303e+98
3.146551282851685500e+98
5.671777350472202834e+98
1.022359196751765584e+99
1.842841048103494486e+99
3.321790103870346165e+99
5.987652047829300291e+99
1.079296753746757919e+100
1.945473127559477668e+100
3.506788554144362298e+100
6.321118285255691551e+100
1.139405412572839448e+101
2.053821031338480158e+101
3.702089937212237851e+101
6.673156197854922439e+101
1.202861566800621506e+102
2.168203213681221235e+102
3.908268042030622165e+102
7.044799892213975176e+102
1.269851784212424937e+103
2.288955528091338557e+103
4.125928586901831331e+103
7.437141686024372311e+103
1.340572774633668753e+104
2.416432922216223977e+104
4.355711305314429568e+104
7.851333678606938224e+104
1.415232450137987232e+105
2.551009751969455864e+105
4.598291268836542021e+105
8.288593012431080444e+105
1.494050093471374071e+106
2.693081565961584744e+106
4.854380920357846538e+106
8.750204263123659196e+106
1.577257234391747936e+107
2.843065663315638473e+107
5.124732483584884580e+107
9.237524100234817711e+107
1.665098410027434128e+108
3.001402576937079595e+108
5.410141157299859403e+108
9.751983049019159634e+108
1.757831732913213282e+109
3.168557581048819033e+109
5.711444889591507985e+109
1.029509390542721000e+110
1.855729443455939406e+110
3.345022258784078144e+110
6.029528552166422443e+110
1.086845206518913197e+111
1.959079361161978038e+111
3.531314356265215276e+111
6.365327105529986669e+111
1.147374172018339078e+112
2.068185150735071017e+112
3.727981746099395420e+112
6.719827176173752841e+112
1.211274192739728977e+113
2.183367299926568826e+113
3.935601722846965143e+113
7.094070304694785829e+113
1.278732894971257065e+114
2.304964171448239289e+114
4.154784646649313507e+114
7.489156174477490211e+114
1.349948509827831345e+115
2.433333114415544710e+115
4.386174482745916552e+115
7.906244807895619985e+115
1.425130320963052307e+116
2.568851243810475212e+116
4.630450693576003948e+116
8.346562513784177882e+116
1.504499199890299888e+117
2.711916590306713570e+117
4.888331559185830753e+117
8.811402050172879049e+117
1.588288338377407827e+118
2.862949489329645835e+118
5.160574474657461501e+118
9.302129238895695138e+118
1.676743918437938775e+119
3.022394006625962334e+119
5.447979057756277298e+119
9.820187291731920606e+119
1.770125699171487701e+120
3.190718376539436464e+120
5.751389713857594410e+120
1.036709658252830085e+121
1.868708233844800974e+121
3.368416975829176178e+121
6.071697983343363525e+121
1.094446507753433884e+122
1.972780927642545541e+122
3.556012070892662750e+122
6.409845526432251741e+122
1.155398777383598642e+123
2.082649850574367419e+123
3.754054738422005467e+123
6.766824932402979288e+123
1.219745680467093178e+124
2.198637506604617840e+124
3.963126933587537468e+124
7.143685307586427077e+124
1.287676187853159393e+125
2.321084754831210970e+125
4.183842668793224003e+125
7.541534050476750731e+125
1.359389891574277618e+126
2.450351504050646084e+126
4.416850783860566643e+126
7.961539980494223364e+126
1.435097510512907303e+127
2.586817392906070162e+127
4.662835797581510808e+127
8.404936805725933096e+127
1.515021500846470367e+128
2.730883278416015716e+128
4.922520027484546847e+128
8.873027415762065975e+128
1.599396662370599447e+129
2.882972623208606304e+129
5.196666835705309556e+129
9.367187697473103618e+129
1.688470804533542242e+130
3.043532235168720659e+130
5.486081455366549895e+130
9.888867952037845110e+130
1.782505668671474945e+131
3.213033806692514985e+131
5.791614097096875080e+131
1.043960246969797818e+132
1.881777707394289323e+132
3.391975183130042420e+132
6.114162779108743960e+132
1.102100857041457818e+133
1.986578299421223759e+133
3.580882195593001321e+133
6.454674872561166141e+133
1.163479447689472304e+134
2.097215516031379463e+134
3.780310031207888682e+134
6.814150937194456308e+134
1.228276381276500007e+135
2.214014358639385970e+135
3.990844315851352056e+135
7.193647173305113452e+135
1.296682000445803824e+136
2.337318084023798084e+136
4.213103755090373820e+136
7.594278579173374898e+136
1.368897244158158865e+137
2.467488846814723952e+137
4.447741596546047581e+137
8.017221702277055757e+137
1.445134366818422442e+138
2.604909098122551826e+138
4.695446821141159718e+138
8.463719730379796898e+138
1.525617335528860798e+139
2.749982686809935219e+139
4.956947166655289596e+139
8.935084317003068040e+139
1.610582539991623685e+140
2.903135641740089651e+140
5.233011476955274951e+140
9.432699785035797540e+140
1.700279715836277414e+141
3.064818158128547788e+141
5.524450118261744765e+141
9.958029638769250039e+141
1.794972284183475441e+142
3.235505207356364312e+142
5.832119671114474422e+142
1.051261562311950297e+143
1.894938468767300844e+143
3.415697980785067801e+143
6.156924288194888201e+143
1.109808734085742242e+144
2.000472165788655312e+144
3.605926178211936520e+144
6.499817859464884899e+144
1.171616636305338820e+145
2.111883130340931496e+145
3.806748878424605401e+145
6.861807770544901037e+145
1.236866774519330583e+146
2.229498783397758078e+146
4.018755592470078489e+146
7.243958109410730235e+146
1.305750743462448240e+147
2.353664915931711022e+147
4.242569458862994780e+147
7.647391624186159304e+147
1.378471040469738892e+148
2.484746101120236306e+148
4.478848161761851385e+148
8.073292871302876836e+148
1.455241359805413825e+149
2.623127393933610092e+149
4.728285895987906365e+149
8.522913173199167934e+149
1.536287251043263501e+150
2.769215540081715336e+150
4.991615257490201544e+150
8.997574390454216417e+150
1.621846692982763652e+151
2.923439686371397124e+151
5.269610161797886961e+151
9.498670608027646740e+151
1.712171107323582601e+152
3.086253029959339480e+152
5.563087002789370537e+152
1.002767404119014275e+153
1.807525909721139546e+153
3.258133819868580148e+153
5.872908490885082001e+153
1.058613853304700130e+154
1.908191414688159880e+154
3.439586686258034184e+154
6.199984764154698987e+154
1.117570614854672293e+155
2.014463037930822482e+155
3.631145539818803063e+155
6.545276355602906953e+155
1.179810744707955662e+156
2.126653196733254327e+156
3.833372602494984392e+156
6.909798394416914318e+156
1.245517160089201329e+157
2.245091618090543019e+157
4.046862102327392877e+157
7.294621241623024218e+157
1.314882978159598802e+158
2.370126119846612586e+158
4.272241421695943865e+158
7.700876170427347424e+158
1.388111875741705936e+159
2.502124001240074357e+159
4.510172658353965463e+159
8.129755889159220215e+159
1.465419123311918107e+160
2.641473189380047344e+160
4.761354770527944316e+160
8.582521418945060017e+160
1.547031766033261998e+161
2.788583102082815327e+161
5.026525876453916347e+161
9.060501997474959804e+161
1.633189616360897084e+162
2.943885775291956997e+162
5.306464960226832024e+162
9.565102905494389191e+162
1.724145780556577165e+163
3.107837685936407653e+163
5.601994642174492244e+163
1.009780575316977890e+164
1.820167515021695787e+164
3.280920549559977195e+164
5.913982818208634030e+164
1.066017640592702371e+165
1.921536973031513973e+165
3.463642718231726839e+165
6.243346466190984082e+165
1.125386689741876643e+166
2.028551913454858099e+166
3.656541144982328695e+166
6.591053014121860140e+166
1.188062172497643538e+167
2.141526746148298740e+167
3.860182526513934436e+167
6.958124512267311152e+167
1.254228128554765995e+168
2.260793404436503082e+168
4.075165141320356628e+168
7.345638900739344930e+168
1.324079014991351359e+169
2.386702386213923844e+169
4.302120845152684591e+169
7.754734885038694779e+169
1.397820106254266944e+170
2.519623532634014006e+170
4.541716021316975928e+170
8.186614384301845943e+170
1.475668013423455233e+171
2.659947247426543112e+171
4.794654942594624690e+171
8.642546233376351436e+171
1.557851515539642269e+172
2.808085948602589733e+172
5.061680586234910363e+172
9.123869945743463271e+172
1.644611918146615612e+173
2.964474860128995436e+173
5.343577730436467955e+173
9.631999194460026950e+173
1.736204303579389171e+174
3.129573465765650172e+174
5.641174219277753364e+174
1.016842868999032618e+175
1.832897511516183596e+175
3.303866886030724832e+175
5.955344338988775050e+175
1.073473249796428052e+176
1.934975977428418716e+176
3.487866942311534022e+176
6.287011642596934488e+176
1.133257493994421707e+177
2.042739388531810529e+177
3.682114504057538708e+177
6.637150126007000105e+177
1.196371286120289804e+178
2.156504302160750024e+178
3.887180215311154852e+178
7.006788752930407989e+178
1.263000011309986216e+179
2.276605171718372506e+179
4.103666364150869640e+179
7.397013430757972727e+179
1.333339441506324764e+180
2.403394678169779634e+180
4.332209179755392335e+180
7.808970535788853461e+180
1.407596213189454595e+181
2.537245480503930088e+181
4.573480024221286479e+181
8.243870558301277292e+181
1.485988619935759729e+182
2.678550552313582458e+182
4.828188055128174729e+182
8.702991110869774043e+182
1.568746863594101115e+183
2.827725365215036972e+183
5.097081255575929822e+183
9.187681028819474394e+183
1.656114095091136838e+184
2.985207950964539455e+184
5.380950071112016467e+184
9.699364637253913239e+184
1.748347016578887488e+185
3.151461298179937764e+185
5.680627769085647284e+185
1.023954533109460818e+186
1.845716581484240154e+186
3.326973666915249866e+186
5.996995409429873414e+186
1.080980941589893891e+187
1.948508886476467993e+187
3.512260680501030560e+187
6.330981915602925501e+187
1.141183388998117336e+188
2.057025931365953474e+188
3.707866679720136809e+188
6.683569519752519327e+188
1.204738537325367346e+189
2.171586586649060582e+189
3.914366512695789221e+189
7.055793181645068870e+189
1.271833280382842716e+190
2.292527416146655426e+190
4.132366827093128023e+190
7.448747156455252903e+190
1.342664600946052984e+191
2.420203704408666638e+191
4.362508012503957666e+191
7.863585257054998323e+191
1.417440811354348050e+192
2.554990413357096263e+192
4.605466531322016591e+192
8.301526875944260620e+192
1.496381459354544859e+193
2.697283874446239458e+193
4.861955822641577433e+193
8.763858297651731467e+193
1.579718499985530196e+194
2.847502082396098253e+194
5.132729520275737686e+194
9.251938367622495866e+194
1.667696719334096974e+195
3.006086076829655386e+195
5.418583447618803425e+195
9.767200573939019830e+195
1.760574691274204184e+196
3.173502104658832727e+196
5.720357108454112895e+196
1.031115893995668836e+197
1.858625264151818666e+197
3.350241910451249514e+197
6.038937292471660366e+197
1.088541193657647732e+198
1.962136474768611760e+198
3.536824834046808414e+198
6.375260070746694223e+198
1.149164594193393861e+199
2.071412503609115096e+199
3.733799015260950622e+199
6.730313398443705989e+199
1.213164321322470838e+200
2.186774321373142853e+200
3.941743186610765967e+200
7.105140264062421139e+200
1.280728272155718724e+201
2.308561007032733215e+201
4.161267997719758311e+201
7.500842336478014246e+201
1.352055069999134638e+202
2.437130226188361373e+202
4.393018777488271731e+202
7.918581825075345604e+202
1.427354210704259206e+203
2.572859706522393344e+203
4.637676442886832635e+203
8.359586348016561989e+203
1.506846954952790366e+204
2.716148229309235708e+204
4.895959831244368781e+204
8.825151302398314554e+204
1.590766856575365146e+205
2.867416942575409648e+205
5.168627300490050981e+205
9.316645039716890976e+205
1.679360386659053326e+206
3.027110226876112659e+206
5.456480246230337410e+206
9.835510879530208485e+206
1.772887892604817394e+207
3.195697138667702699e+207
5.760364613315473830e+207
1.038327361938105956e+208
1.871624225121128757e+208
3.373673021301156012e+208
6.081172982417777643e+208
1.096154242179181878e+209
1.975859422053412171e+209
3.561560936038323679e+209
6.419847615496183453e+209
1.157201712307227789e+210
2.085899630777276597e+210
3.759912787136796697e+210
6.777384173071155237e+210
1.221649000204271910e+211
2.202068263726907250e+211
3.969311023048352606e+211
7.154832634592134388e+211
1.289685537978341277e+212
2.324706599491531691e+212
4.190371453575965142e+212
7.553301864180797151e+212
1.361511099371209957e+213
2.454175069112847656e+213
4.423743052194662032e+213
7.973963038105822741e+213
1.437336937735693208e+214
2.590853827357389001e+214
4.670111747764153967e+214
8.418051944730958977e+214
1.517385580727921565e+215
2.735144670046860332e+215
4.930201080304146828e+215
8.886873436394451276e+215
1.601892328526779538e+216
2.887471349407580210e+216
5.204775793953743158e+216
9.381804273483166222e+216
1.691105553989578422e+217
3.048281277508089915e+217
5.494642121555438204e+217
9.904298753444828506e+217
1.785287179993082052e+218
3.218047390909132633e+218
5.800651363411708107e+218
1.045589275926213714e+219
1.884714068096429956e+219
3.397267954800142289e+219
6.123703482010893833e+219
1.103820615685734614e+220
1.989678144272936225e+220
3.586469984081582249e+220
6.464746776687932026e+220
1.165295026772136930e+221
2.100488032028788654e+221
3.786208776268728261e+221
6.824784042463149635e+221
1.230192993013086085e+222
2.217469171889122228e+222
3.997071731461980949e+222
7.204872572094726588e+222
1.298705330953705709e+223
2.340965309866624121e+223
4.219678222359820288e+223
7.606128769142043631e+223
1.371033327726004628e+224
2.471339219697806850e+224
4.454682097330840576e+224
8.029731913594101112e+224
1.447389446074349279e+225
2.608973951172600349e+225
4.702773695948545198e+225
8.476926739420174935e+225
1.527997914918406621e+226
2.754273860568326783e+226
4.964682341010358907e+226
8.949026515063896145e+226
1.613095793259646774e+227
2.907665677772778837e+227
5.241177262697267389e+227
9.447418709610683087e+227
1.702932886568538356e+228
3.069600544492356916e+228
5.533070648060821540e+228
9.973568064945825703e+228
1.797773212630513369e+229
3.240553872041958414e+229
5.841220390260727970e+229
1.052901960403962107e+230
1.897895467387920290e+230
3.421027848716684238e+230
6.166531900539445643e+230
1.111540560417061723e+231
2.003593665859932324e+231
3.611553121072371016e+231
6.509960369499331324e+231
1.173444884150260522e+232
2.115178494728945488e+232
3.812688962490627489e+232
6.872515235648758366e+232
1.238796799633637947e+233
2.232977811179030597e+233
4.025026615659618815e+233
7.255262112553055138e+233
1.307788282376632920e+234
2.357337646297542887e+234
4.249189852189996651e+234
7.659324649038894405e+234
1.380622129073299294e+235
2.488623271340120196e+235
4.485837213643690847e+235
8.085890375125031102e+235
1.457512192170944470e+236
2.627220557805618926e+236
4.735664356389883729e+236
8.536212489007872319e+236
1.538684507404519877e+237
2.773536707253273792e+237
4.999404279193841762e+237
9.011614791522877385e+237
1.624377433617606248e+238
2.928001539828263076e+238
5.277832976071452254e+238
9.513492815732096949e+238
1.714842875746558818e+239
3.091068881063773897e+239
5.571768086252342039e+239
1.004332155085424771e+240
1.810346583664780216e+240
3.263217697633552820e+240
5.882072966134129267e+240
1.060265785877635204e+241
1.911169007354401285e+241
3.444954133537400568e+241
6.209659532731727750e+241
1.119314485978861924e+242
2.017606534215062007e+242
3.636811676276781694e+242
6.555489893888812891e+242
1.181651753868570222e+243
2.129971740745330870e+243
3.839354233736893106e+243
6.920580995642417752e+243
1.247460689827566800e+244
2.248594960429411229e+244
4.053176941870295927e+244
7.306004174548522360e+244
1.316934755874171896e+245
2.373824492980576828e+245
4.278908029385754006e+245
7.712892689466920791e+245
1.390277998227196156e+246
2.506028342148115428e+246
4.517210514232318167e+246
8.142442113536417933e+246
1.467705817302342760e+247
2.645595055238820719e+247
4.768784673936972970e+247
8.595913767653994327e+247
1.549445863967573370e+248
2.792934325781071163e+248
5.034369667119669998e+248
9.074640368642286886e+248
1.635738218557611059e+249
2.948479476388207418e+249
5.314745689491226767e+249
9.580028553535096816e+249
1.726836293809575774e+250
3.112687377591394132e+250
5.610736090237894013e+250
1.011356316710693675e+251
1.823007828699364577e+251
3.286040357971379561e+251
5.923211209617497617e+251
1.067681143412390884e+252
1.924535334009714727e+252
3.469047824184163074e+252
6.253088438825669559e+252
1.127142861259354978e+253
