2.999883265954049819e-02
2.999883265803441820e-02
2.999883265602629884e-02
2.999883265637131105e-02
2.999883265484142025e-02
2.999883265660847551e-02
2.999883265906187063e-02
2.999883265844654340e-02
2.999883265665178808e-02
2.999883265537086133e-02
2.999883265216375314e-02
2.999883265234877874e-02
2.999883265323222137e-02
2.999883265561855555e-02
2.999883265808182473e-02
2.999883265770113272e-02
2.999883265394873155e-02
2.999883265064811830e-02
2.999883264795389845e-02
2.999883264680977893e-02
2.999883264840704986e-02
2.999883265228327212e-02
2.999883265452073233e-02
2.999883265652749167e-02
2.999883265605317664e-02
2.999883265413167896e-02
2.999883265158309956e-02
2.999883264853387549e-02
2.999883264784795889e-02
2.999883264908650635e-02
2.999883265050441727e-02
2.999883265329377630e-02
2.999883265439549918e-02
2.999883265293342913e-02
2.999883265099587137e-02
2.999883264752438786e-02
2.999883264491469761e-02
2.999883264551635176e-02
2.999883265000988578e-02
2.999883265284328596e-02
2.999883265693869747e-02
2.999883265771756402e-02
2.999883265379056294e-02
2.999883264832197555e-02
2.999883264479032141e-02
2.999883264380629258e-02
2.999883264436979668e-02
2.999883264790703663e-02
2.999883264964738408e-02
2.999883265213463407e-02
2.999883265211011202e-02
2.999883264784856951e-02
2.999883264255428367e-02
2.999883264008961978e-02
2.999883263980252998e-02
2.999883264119813930e-02
2.999883264163419327e-02
2.999883264362696728e-02
2.999883264460519172e-02
2.999883264291634127e-02
2.999883263727959326e-02
2.999883263170985762e-02
2.999883263182591756e-02
2.999883263342701528e-02
2.999883263590882518e-02
2.999883263943644435e-02
2.999883264056841040e-02
2.999883264132838234e-02
2.999883264062672833e-02
2.999883263732747857e-02
2.999883263625309493e-02
2.999883263621587123e-02
2.999883263814226431e-02
2.999883264132289715e-02
2.999883264294235519e-02
2.999883264429301435e-02
2.999883264451570775e-02
2.999883264478111350e-02
2.999883264255407203e-02
2.999883264239245131e-02
2.999883264230475410e-02
2.999883264588962262e-02
2.999883265037314034e-02
2.999883265223401985e-02
2.999883265160402379e-02
2.999883265212686251e-02
2.999883265133124893e-02
2.999883264754264756e-02
2.999883264670016869e-02
2.999883264859255078e-02
2.999883265309672559e-02
2.999883265866460855e-02
2.999883266054880621e-02
2.999883266005320959e-02
2.999883265600949284e-02
2.999883265272387800e-02
2.999883265094974508e-02
2.999883265143186289e-02
2.999883265349112191e-02
2.999883265596450105e-02
2.999883265738580163e-02
2.999883265814697053e-02
2.999883265697567136e-02
2.999883265307222088e-02
2.999883265050275541e-02
2.999883265025514445e-02
2.999883265132413310e-02
2.999883265495318502e-02
2.999883265766724316e-02
2.999883266002131843e-02
2.999883265981107688e-02
2.999883265724857112e-02
2.999883265554312284e-02
2.999883265275116173e-02
2.999883265288538770e-02
2.999883265285567188e-02
2.999883265654633424e-02
2.999883265917150516e-02
2.999883266032634527e-02
2.999883265767767232e-02
2.999883265503930363e-02
2.999883265240561869e-02
2.999883264985481190e-02
2.999883265025219542e-02
2.999883265022835338e-02
2.999883265398119864e-02
2.999883265791762274e-02
2.999883265738768207e-02
2.999883265451140646e-02
2.999883265119952097e-02
2.999883264916050271e-02
2.999883264874187924e-02
2.999883264879688732e-02
2.999883264952245276e-02
2.999883265182629738e-02
2.999883265181794989e-02
2.999883265160187273e-02
2.999883265016172612e-02
2.999883264601096999e-02
2.999883264217725193e-02
2.999883264190326276e-02
2.999883264393017612e-02
2.999883264566000768e-02
2.999883264648615239e-02
2.999883264607056121e-02
2.999883264466270127e-02
2.999883264053049628e-02
2.999883263940044537e-02
2.999883263832583621e-02
2.999883263901100688e-02
2.999883263931198141e-02
2.999883264148246742e-02
2.999883264293065968e-02
2.999883264280385486e-02
2.999883264136350702e-02
2.999883263809420206e-02
2.999883263552241552e-02
2.999883263600632705e-02
2.999883263574651057e-02
2.999883263758334334e-02
2.999883263989796406e-02
2.999883264066750127e-02
2.999883263935552297e-02
2.999883263796634947e-02
2.999883263693463309e-02
2.999883263600885280e-02
2.999883263616710122e-02
2.999883263684482299e-02
2.999883263984659196e-02
2.999883264142459705e-02
2.999883264137047367e-02
2.999883264125845217e-02
2.999883264100617480e-02
2.999883264070611968e-02
2.999883264014423928e-02
2.999883264047327469e-02
2.999883264165375055e-02
2.999883264399831606e-02
2.999883264492615026e-02
2.999883264519805429e-02
2.999883264439055439e-02
2.999883264412940911e-02
2.999883264277559275e-02
2.999883264253655479e-02
2.999883264458074947e-02
2.999883264585578163e-02
2.999883264705339309e-02
2.999883264730783539e-02
2.999883264613929443e-02
2.999883264413934908e-02
2.999883264407117445e-02
2.999883264373418706e-02
2.999883264409588038e-02
2.999883264335903577e-02
2.999883264459140414e-02
2.999883264595566007e-02
2.999883264572189567e-02
2.999883264452136294e-02
2.999883264292001542e-02
2.999883264163995256e-02
2.999883264126949195e-02
2.999883264298798535e-02
2.999883264399762217e-02
2.999883264659599508e-02
2.999883264794419441e-02
2.999883264747729705e-02
2.999883264537025335e-02
2.999883264365873700e-02
2.999883264177661407e-02
2.999883264166571320e-02
2.999883264195621346e-02
2.999883264178528769e-02
2.999883264191656462e-02
2.999883264189073806e-02
2.999883264046265124e-02
2.999883263978567888e-02
2.999883263989817916e-02
2.999883263925363919e-02
2.999883264003556926e-02
2.999883264084293039e-02
2.999883264079898290e-02
2.999883264194117341e-02
2.999883264212254222e-02
2.999883264100093594e-02
2.999883263924707499e-02
2.999883263868383110e-02
2.999883263807448172e-02
2.999883263891324828e-02
2.999883263971587360e-02
2.999883264036727962e-02
2.999883264090189364e-02
2.999883264089775459e-02
2.999883264199316654e-02
2.999883264101729091e-02
2.999883263996898364e-02
2.999883264031394728e-02
2.999883264179105044e-02
2.999883264266780397e-02
2.999883264407798150e-02
2.999883264429447152e-02
2.999883264324571669e-02
2.999883264252601461e-02
2.999883264234148167e-02
2.999883264224940949e-02
2.999883264231121768e-02
2.999883264411858791e-02
2.999883264504975972e-02
2.999883264608020628e-02
2.999883264581542155e-02
2.999883264576088532e-02
2.999883264588136533e-02
2.999883264504742825e-02
2.999883264527021878e-02
2.999883264477645750e-02
2.999883264571702457e-02
2.999883264607027672e-02
2.999883264634028643e-02
2.999883264569939631e-02
2.999883264520515277e-02
2.999883264484942344e-02
2.999883264399707400e-02
2.999883264419516901e-02
2.999883264392243926e-02
2.999883264503848748e-02
2.999883264544600525e-02
2.999883264552783216e-02
2.999883264472577582e-02
2.999883264530674165e-02
2.999883264356191861e-02
2.999883264304172709e-02
2.999883264269537220e-02
2.999883264373418706e-02
2.999883264512722553e-02
2.999883264563136739e-02
2.999883264582379333e-02
2.999883264635365768e-02
2.999883264534570354e-02
2.999883264502466521e-02
2.999883264452164050e-02
2.999883264536893496e-02
2.999883264682337916e-02
2.999883264670000563e-02
2.999883264677586855e-02
2.999883264680686806e-02
2.999883264649597092e-02
2.999883264682358386e-02
2.999883264661189555e-02
2.999883264682114831e-02
2.999883264777488540e-02
2.999883264642020514e-02
2.999883264725168239e-02
2.999883264802994873e-02
2.999883264868702382e-02
2.999883265008547462e-02
2.999883264936317046e-02
2.999883264878741573e-02
2.999883265075640321e-02
2.999883264868967447e-02
2.999883264991201615e-02
2.999883265016959830e-02
2.999883264967022345e-02
2.999883265066747781e-02
2.999883265050908715e-02
2.999883264971506258e-02
2.999883264962426022e-02
2.999883264869324107e-02
2.999883265048278180e-02
2.999883265021256740e-02
2.999883265057867038e-02
2.999883265205136734e-02
2.999883265188017095e-02
2.999883265195554816e-02
2.999883265151531003e-02
2.999883265130119658e-02
2.999883265089209675e-02
2.999883265152874720e-02
2.999883265212584596e-02
2.999883265237893518e-02
2.999883265219075931e-02
2.999883265252097433e-02
2.999883265266730520e-02
2.999883265306167723e-02
2.999883265403562385e-02
2.999883265549904698e-02
2.999883265548384040e-02
2.999883265641752061e-02
2.999883265660116885e-02
2.999883265795485338e-02
2.999883265766927973e-02
2.999883265718884806e-02
2.999883265775763613e-02
2.999883265655707565e-02
2.999883265723255268e-02
2.999883265730102222e-02
2.999883265833127102e-02
2.999883265892076475e-02
2.999883265974377655e-02
2.999883266027034145e-02
2.999883266052232392e-02
2.999883265899918119e-02
2.999883265747987568e-02
2.999883265552969608e-02
2.999883265590061812e-02
2.999883265627532533e-02
2.999883265583959402e-02
2.999883265571832991e-02
2.999883265506312485e-02
2.999883265419337613e-02
2.999883265339204838e-02
2.999883265213860659e-02
2.999883265255823619e-02
2.999883265349793243e-02
2.999883265592243400e-02
2.999883265562526199e-02
2.999883265501818164e-02
2.999883265465077414e-02
2.999883265315077610e-02
2.999883265443074529e-02
2.999883265579995906e-02
2.999883265615378714e-02
2.999883265619754033e-02
2.999883265718845254e-02
2.999883265668247187e-02
2.999883265651596270e-02
2.999883265579304792e-02
2.999883265598967536e-02
2.999883265474322103e-02
2.999883265378036623e-02
2.999883265420783679e-02
2.999883265420030809e-02
2.999883265515736891e-02
2.999883265383204711e-02
2.999883265367702528e-02
2.999883265412060102e-02
2.999883265458812634e-02
2.999883265499926274e-02
2.999883265540762706e-02
2.999883265609612840e-02
2.999883265593024720e-02
2.999883265444039035e-02
2.999883265480582720e-02
2.999883265424747175e-02
2.999883265458424750e-02
2.999883265273679128e-02
2.999883265298431897e-02
2.999883265351352066e-02
2.999883265335172994e-02
2.999883265236241714e-02
2.999883265195780330e-02
2.999883265173231700e-02
2.999883265114091507e-02
2.999883265062519566e-02
2.999883265014331377e-02
2.999883265101165736e-02
2.999883265102362695e-02
2.999883265175321001e-02
2.999883265129468790e-02
2.999883265150890543e-02
2.999883265096889989e-02
2.999883265022169551e-02
2.999883265009217759e-02
2.999883264908330405e-02
2.999883264960596929e-02
2.999883264962436777e-02
2.999883264994877147e-02
2.999883265075778405e-02
2.999883265073854249e-02
2.999883264999058524e-02
2.999883264946690692e-02
2.999883264988573855e-02
2.999883264950962275e-02
2.999883264955778214e-02
2.999883265043782471e-02
2.999883265088539724e-02
2.999883265017571493e-02
2.999883265008046473e-02
2.999883264919994685e-02
2.999883264847649084e-02
2.999883264797604393e-02
2.999883264826687379e-02
2.999883264848040437e-02
2.999883264910263234e-02
2.999883264907324612e-02
2.999883264919427084e-02
2.999883264918380699e-02
2.999883264926615778e-02
2.999883265001547505e-02
2.999883265015687583e-02
2.999883265046406761e-02
2.999883265186640072e-02
2.999883265216609501e-02
2.999883265174392577e-02
2.999883265173657748e-02
2.999883265167026941e-02
2.999883265100273394e-02
2.999883265056980594e-02
2.999883265064833340e-02
2.999883265093811549e-02
2.999883265252200823e-02
2.999883265304358060e-02
2.999883265318773612e-02
2.999883265286289874e-02
2.999883265205026059e-02
2.999883265239163682e-02
2.999883265170193158e-02
2.999883265189346587e-02
2.999883265193670212e-02
2.999883265322731210e-02
2.999883265360769186e-02
2.999883265327333778e-02
2.999883265275562344e-02
2.999883265199042651e-02
2.999883265265102308e-02
2.999883265260379350e-02
2.999883265257433790e-02
2.999883265263799878e-02
2.999883265262164034e-02
2.999883265243915784e-02
2.999883265217622580e-02
2.999883265200101526e-02
2.999883265132614538e-02
2.999883265114322919e-02
2.999883265139869151e-02
2.999883265141718020e-02
2.999883265095984464e-02
2.999883265070289740e-02
2.999883265088285067e-02
2.999883265087943326e-02
2.999883265170812802e-02
2.999883265247303699e-02
2.999883265258099924e-02
2.999883265279507452e-02
2.999883265318268113e-02
2.999883265312172295e-02
2.999883265334247345e-02
2.999883265323816453e-02
2.999883265292487347e-02
2.999883265254069814e-02
2.999883265241011510e-02
2.999883265243137934e-02
2.999883265277860853e-02
2.999883265287306769e-02
2.999883265266784296e-02
2.999883265277211025e-02
2.999883265264140231e-02
2.999883265277818178e-02
2.999883265267100710e-02
2.999883265259047777e-02
2.999883265266262491e-02
2.999883265258030535e-02
2.999883265258504114e-02
2.999883265271237331e-02
2.999883265267224222e-02
2.999883265263850532e-02
2.999883265253173656e-02
2.999883265250282913e-02
2.999883265248984646e-02
2.999883265254070855e-02
2.999883265261531554e-02
2.999883265252318090e-02
2.999883265252311151e-02
2.999883265251368850e-02
2.999883265254392126e-02
2.999883265255442327e-02
2.999883265254688069e-02
2.999883265254286654e-02
2.999883265253176431e-02
2.999883265242938093e-02
2.999883265244781411e-02
2.999883265246382213e-02
2.999883265247898709e-02
2.999883265264721710e-02
2.999883265279324612e-02
2.999883265280889680e-02
2.999883265273702374e-02
2.999883265270369276e-02
2.999883265253352332e-02
2.999883265246913386e-02
2.999883265250924760e-02
2.999883265266279839e-02
2.999883265301591870e-02
2.999883265269863430e-02
2.999883265253885933e-02
2.999883265256773207e-02
2.999883265250016806e-02
2.999883265227803672e-02
2.999883265233625751e-02
2.999883265251947553e-02
2.999883265282492217e-02
2.999883265264756405e-02
2.999883265260989279e-02
2.999883265249688596e-02
2.999883265221081619e-02
2.999883265230920276e-02
2.999883265174023428e-02
2.999883265171823105e-02
2.999883265150177919e-02
2.999883265209812855e-02
2.999883265211389372e-02
2.999883265214390443e-02
2.999883265202340707e-02
2.999883265205486454e-02
2.999883265214524711e-02
2.999883265228402499e-02
2.999883265238725144e-02
2.999883265282191416e-02
2.999883265299037316e-02
2.999883265297867418e-02
2.999883265262157789e-02
2.999883265284057285e-02
2.999883265273723884e-02
2.999883265258930856e-02
2.999883265282263928e-02
2.999883265294814652e-02
2.999883265306795346e-02
2.999883265306261745e-02
2.999883265225736229e-02
2.999883265205451066e-02
2.999883265177378383e-02
2.999883265109240527e-02
2.999883265140680655e-02
2.999883265148019923e-02
2.999883265251995779e-02
2.999883265397917595e-02
2.999883265372397384e-02
2.999883265344760463e-02
2.999883265292300691e-02
2.999883265182685943e-02
2.999883265186262596e-02
2.999883265153263645e-02
2.999883265189647388e-02
2.999883265270269356e-02
2.999883265232029111e-02
2.999883265322852294e-02
2.999883265304447572e-02
2.999883265313803629e-02
2.999883265286239567e-02
2.999883265269777388e-02
2.999883265272119265e-02
2.999883265250470263e-02
2.999883265316384204e-02
2.999883265249111974e-02
2.999883265184415115e-02
2.999883265171276320e-02
2.999883265135247501e-02
2.999883265224912582e-02
2.999883265175512168e-02
2.999883265201774840e-02
2.999883265131246535e-02
2.999883265194429674e-02
2.999883265225666840e-02
2.999883265172352889e-02
2.999883265120391329e-02
2.999883265189402792e-02
2.999883265202044763e-02
2.999883265232070051e-02
2.999883265235785829e-02
2.999883265294100987e-02
2.999883265320663073e-02
2.999883265311015235e-02
2.999883265288920756e-02
2.999883265327842746e-02
2.999883265320710257e-02
2.999883265399425070e-02
2.999883265420119974e-02
2.999883265457392589e-02
2.999883265619713094e-02
2.999883265617510342e-02
2.999883265615661820e-02
2.999883265583746378e-02
2.999883265504849766e-02
2.999883265403265400e-02
2.999883265392625648e-02
2.999883265413783029e-02
2.999883265350368824e-02
2.999883265357275453e-02
2.999883265333217267e-02
2.999883265281125949e-02
2.999883265312240296e-02
2.999883265206907887e-02
2.999883265163671639e-02
2.999883265168936872e-02
2.999883265212124894e-02
2.999883265416835795e-02
2.999883265451426875e-02
2.999883265398817916e-02
2.999883265357737583e-02
2.999883265394654580e-02
2.999883265132175653e-02
2.999883265077862501e-02
2.999883265113961750e-02
2.999883265046991709e-02
2.999883265037595059e-02
2.999883265144464781e-02
2.999883265130123822e-02
2.999883265163224080e-02
2.999883265357348658e-02
2.999883265402340446e-02
2.999883265421719042e-02
2.999883265424129961e-02
2.999883265700083526e-02
2.999883265647882921e-02
2.999883265584358388e-02
2.999883265583420597e-02
2.999883265598604978e-02
2.999883265528544007e-02
2.999883265412089939e-02
2.999883265441179517e-02
2.999883265319122291e-02
2.999883265297384471e-02
2.999883265314601255e-02
2.999883265269286808e-02
2.999883265356114229e-02
2.999883265350642564e-02
2.999883265338982100e-02
2.999883265336174276e-02
2.999883265383089179e-02
2.999883265277471234e-02
2.999883265103497204e-02
2.999883265123495096e-02
2.999883265046041775e-02
2.999883265031178317e-02
2.999883264953747200e-02
2.999883265004350819e-02
2.999883265041089833e-02
2.999883265012946373e-02
2.999883265063276946e-02
2.999883265043350872e-02
2.999883265018391670e-02
2.999883264948973935e-02
2.999883264914843251e-02
2.999883264789970916e-02
2.999883264747669337e-02
2.999883264771961017e-02
2.999883264797632149e-02
2.999883264937711069e-02
2.999883264955151632e-02
2.999883264919119344e-02
2.999883264908875108e-02
2.999883264845671152e-02
2.999883264838673624e-02
2.999883264878924760e-02
2.999883264931314450e-02
2.999883264887797177e-02
2.999883264986869663e-02
2.999883265011226222e-02
2.999883265057395540e-02
2.999883264984888956e-02
2.999883264796188859e-02
2.999883264818512668e-02
2.999883264856800791e-02
2.999883264824998799e-02
2.999883264872674898e-02
2.999883264650113693e-02
2.999883264655400089e-02
2.999883264598621202e-02
2.999883264585286036e-02
2.999883264611537953e-02
2.999883264609145422e-02
2.999883264666374297e-02
2.999883264722816648e-02
2.999883264853883680e-02
2.999883264703630953e-02
2.999883264629550975e-02
2.999883264598979249e-02
2.999883264545871731e-02
2.999883264681037914e-02
2.999883264668873339e-02
2.999883264690998350e-02
2.999883264525594548e-02
2.999883264451503814e-02
2.999883264409503036e-02
2.999883264307023900e-02
2.999883264331973040e-02
2.999883264333960686e-02
2.999883264482326728e-02
2.999883264513331094e-02
2.999883264459201129e-02
2.999883264178578729e-02
2.999883264245278500e-02
2.999883264209048453e-02
2.999883264147559792e-02
2.999883264036187422e-02
2.999883264171375116e-02
2.999883264218537390e-02
2.999883264249647227e-02
2.999883264130179250e-02
2.999883264028925869e-02
2.999883263944577022e-02
2.999883264002593114e-02
2.999883263980808457e-02
2.999883264093607116e-02
2.999883264134085847e-02
2.999883264182231363e-02
2.999883264324612608e-02
2.999883264403322564e-02
2.999883264349389317e-02
2.999883264330620997e-02
2.999883264392801813e-02
2.999883264244596406e-02
2.999883264361133395e-02
2.999883264371924069e-02
2.999883264431107283e-02
2.999883264410469971e-02
2.999883264450584064e-02
2.999883264361341562e-02
2.999883264321746845e-02
2.999883264393670215e-02
2.999883264565815499e-02
2.999883264584232018e-02
2.999883264597297955e-02
2.999883264490308538e-02
2.999883264417976814e-02
2.999883264219186871e-02
2.999883264195116195e-02
2.999883264254500290e-02
2.999883264273944111e-02
2.999883264396738941e-02
2.999883264464455607e-02
2.999883264458066967e-02
2.999883264362503826e-02
2.999883264187502147e-02
2.999883264155123880e-02
2.999883264154941387e-02
2.999883264274106134e-02
2.999883264377284711e-02
2.999883264488310136e-02
2.999883264531435362e-02
2.999883264531379157e-02
2.999883264455103365e-02
2.999883264475731309e-02
2.999883264476903288e-02
2.999883264537043723e-02
2.999883264612957998e-02
2.999883264606608216e-02
2.999883264634771451e-02
2.999883264635850449e-02
2.999883264473639233e-02
2.999883264415117295e-02
2.999883264341899822e-02
2.999883264309648190e-02
2.999883264344813810e-02
2.999883264378258585e-02
2.999883264551479051e-02
2.999883264623823959e-02
2.999883264593019433e-02
2.999883264525629589e-02
2.999883264464574262e-02
2.999883264433716307e-02
2.999883264399046123e-02
2.999883264391542056e-02
2.999883264567097113e-02
2.999883264647917533e-02
2.999883264680568151e-02
2.999883264557046819e-02
2.999883264389258120e-02
2.999883264298638247e-02
2.999883264261539451e-02
2.999883264250198522e-02
2.999883264411163514e-02
2.999883264583768500e-02
2.999883264659458648e-02
2.999883264651564616e-02
2.999883264689870085e-02
2.999883264691081616e-02
2.999883264616309830e-02
2.999883264628315505e-02
2.999883264732010335e-02
2.999883264862541338e-02
2.999883264973553232e-02
2.999883264981819536e-02
2.999883264844835362e-02
2.999883264714737346e-02
2.999883264497100674e-02
2.999883264428734181e-02
2.999883264428852836e-02
2.999883264434821672e-02
2.999883264639945785e-02
2.999883264776494890e-02
2.999883264745190070e-02
2.999883264567877739e-02
2.999883264313699116e-02
2.999883264193464738e-02
2.999883264207667613e-02
2.999883264296861543e-02
2.999883264406488781e-02
2.999883264543901432e-02
2.999883264536368915e-02
2.999883264476999739e-02
2.999883264318164641e-02
2.999883263957860147e-02
2.999883263832323066e-02
2.999883263899192840e-02
2.999883263952905776e-02
2.999883264208126621e-02
2.999883264286790779e-02
2.999883264282802997e-02
2.999883264210886566e-02
2.999883264056183579e-02
2.999883264008491174e-02
2.999883263976996228e-02
2.999883264203161148e-02
2.999883264621279466e-02
2.999883264743202077e-02
2.999883264738412159e-02
2.999883264619700174e-02
2.999883264372476405e-02
2.999883264410722894e-02
2.999883264258493970e-02
2.999883264244479833e-02
2.999883264471916999e-02
2.999883264764333785e-02
2.999883264847832270e-02
2.999883264917145922e-02
2.999883264764788976e-02
2.999883264586921880e-02
2.999883264479119224e-02
2.999883264349036474e-02
2.999883264419732354e-02
2.999883264498812152e-02
2.999883264604718061e-02
2.999883264678097905e-02
2.999883264658786963e-02
2.999883264577344472e-02
2.999883264427938984e-02
2.999883264243419917e-02
2.999883264232165378e-02
2.999883264197256150e-02
2.999883264443930705e-02
2.999883264576094777e-02
2.999883264655160003e-02
2.999883264396184523e-02
2.999883264395677984e-02
2.999883264118772402e-02
2.999883263948629336e-02
2.999883264036482672e-02
2.999883264246930650e-02
2.999883264665456628e-02
2.999883264934865429e-02
2.999883264884600775e-02
2.999883264710288128e-02
2.999883264316449694e-02
2.999883264033606500e-02
2.999883263912051998e-02
2.999883263965878732e-02
2.999883264210780748e-02
2.999883264541830172e-02
2.999883264634364138e-02
2.999883264596055893e-02
2.999883264383571696e-02
2.999883264198857646e-02
2.999883264134715899e-02
2.999883264118061860e-02
2.999883264278859624e-02
2.999883264463015092e-02
2.999883264717715520e-02
2.999883264692610602e-02
2.999883264738775757e-02
2.999883264517328937e-02
2.999883264139174485e-02
2.999883264068217009e-02
2.999883264273698821e-02
2.999883264344006470e-02
2.999883264626958604e-02
2.999883264918844911e-02
2.999883264914729800e-02
2.999883264593326826e-02
2.999883264401596861e-02
2.999883264196721855e-02
2.999883264182147749e-02
2.999883264540121122e-02
2.999883264754737294e-02
2.999883264812739508e-02
2.999883264814226513e-02
2.999883264511699760e-02
2.999883264346717843e-02
2.999883264006548630e-02
2.999883263772576414e-02
2.999883263843319478e-02
2.999883264206323202e-02
2.999883264614851275e-02
2.999883264791161630e-02
2.999883264747582601e-02
2.999883264407205569e-02
2.999883264187717252e-02
2.999883263997238023e-02
2.999883263951187706e-02
2.999883263961566210e-02
2.999883264073755981e-02
2.999883264407793640e-02
2.999883264470895594e-02
2.999883264249646186e-02
2.999883264019594445e-02
2.999883263639325365e-02
2.999883263381699500e-02
2.999883263466350883e-02
2.999883263665956493e-02
2.999883263727870508e-02
2.999883263969519223e-02
2.999883263988137316e-02
2.999883263680131959e-02
2.999883263421135662e-02
2.999883263182414467e-02
2.999883262985947319e-02
2.999883263134807063e-02
2.999883263408386486e-02
2.999883263624596522e-02
2.999883263725232341e-02
2.999883263584338794e-02
2.999883263293072477e-02
2.999883263143175716e-02
2.999883263003039202e-02
2.999883263090231955e-02
2.999883263179191004e-02
2.999883263631665173e-02
2.999883264111504605e-02
2.999883264125304330e-02
2.999883263915772286e-02
2.999883263744462444e-02
2.999883263086949164e-02
2.999883263035046585e-02
2.999883263159060925e-02
2.999883263473226980e-02
2.999883263977162762e-02
2.999883264163261121e-02
2.999883264069316130e-02
2.999883263996190944e-02
2.999883263671907288e-02
2.999883263447067697e-02
2.999883263501432890e-02
2.999883263534966135e-02
2.999883264023852150e-02
2.999883264455518311e-02
2.999883264517920478e-02
2.999883264363456536e-02
2.999883264163792987e-02
2.999883263978006184e-02
2.999883263791960908e-02
2.999883263756054214e-02
2.999883263937614883e-02
2.999883264375886871e-02
2.999883264696361421e-02
2.999883264700003299e-02
2.999883264627691698e-02
2.999883264531364932e-02
2.999883264266562169e-02
2.999883264208913144e-02
2.999883264357642784e-02
2.999883264588366211e-02
2.999883264873836122e-02
2.999883265158578144e-02
2.999883264954968792e-02
2.999883264344628542e-02
2.999883263980764395e-02
2.999883263696041108e-02
2.999883263881514620e-02
2.999883264410277070e-02
2.999883264859544083e-02
