2.999935785512058972e-02
2.999935785511815070e-02
2.999935785511890010e-02
2.999935785511654435e-02
2.999935785511814376e-02
2.999935785512119341e-02
2.999935785512356998e-02
2.999935785513814859e-02
2.999935785514391828e-02
2.999935785514589587e-02
2.999935785516325004e-02
2.999935785515985345e-02
2.999935785515957243e-02
2.999935785516197329e-02
2.999935785516682704e-02
2.999935785516315290e-02
2.999935785515833037e-02
2.999935785516296555e-02
2.999935785515078432e-02
2.999935785515150249e-02
2.999935785514864020e-02
2.999935785516436373e-02
2.999935785517321776e-02
2.999935785517334266e-02
2.999935785517951828e-02
2.999935785518297732e-02
2.999935785517441819e-02
2.999935785517941420e-02
2.999935785517841499e-02
2.999935785517862663e-02
2.999935785517825540e-02
2.999935785517642353e-02
2.999935785518439285e-02
2.999935785517750600e-02
2.999935785517781478e-02
2.999935785518818149e-02
2.999935785518862558e-02
2.999935785518719963e-02
2.999935785518359488e-02
2.999935785518722739e-02
2.999935785518941314e-02
2.999935785519148093e-02
2.999935785518596798e-02
2.999935785519493650e-02
2.999935785518517348e-02
2.999935785518928477e-02
2.999935785518689432e-02
2.999935785518494449e-02
2.999935785518446918e-02
2.999935785518295650e-02
2.999935785518421591e-02
2.999935785518324100e-02
2.999935785517599679e-02
2.999935785517392206e-02
2.999935785517728395e-02
2.999935785517732212e-02
2.999935785517835601e-02
2.999935785517740539e-02
2.999935785517792580e-02
2.999935785517617720e-02
2.999935785517991033e-02
2.999935785518014625e-02
2.999935785519026663e-02
2.999935785518719616e-02
2.999935785519033948e-02
2.999935785518891007e-02
2.999935785519503018e-02
2.999935785519142542e-02
2.999935785519328851e-02
2.999935785519035336e-02
2.999935785518981907e-02
2.999935785518463918e-02
2.999935785517963971e-02
2.999935785518422632e-02
2.999935785517868908e-02
2.999935785518278303e-02
2.999935785518471204e-02
2.999935785517972991e-02
2.999935785517914011e-02
2.999935785517744355e-02
2.999935785518265466e-02
2.999935785518306752e-02
2.999935785517899092e-02
2.999935785518227649e-02
2.999935785517773151e-02
2.999935785517849826e-02
2.999935785518037523e-02
2.999935785518153403e-02
2.999935785518003176e-02
2.999935785518040646e-02
2.999935785517815479e-02
2.999935785518001441e-02
2.999935785517880010e-02
2.999935785518379958e-02
2.999935785517926154e-02
2.999935785517686068e-02
2.999935785518009074e-02
2.999935785517856765e-02
2.999935785518045503e-02
2.999935785518223486e-02
2.999935785518236322e-02
2.999935785517953216e-02
2.999935785518132239e-02
2.999935785518211689e-02
2.999935785518028503e-02
2.999935785518061809e-02
2.999935785518082973e-02
2.999935785517951481e-02
2.999935785517757192e-02
2.999935785517851214e-02
2.999935785517673578e-02
2.999935785518325487e-02
2.999935785518020176e-02
2.999935785518176995e-02
2.999935785518599921e-02
2.999935785518486470e-02
2.999935785518519776e-02
2.999935785518307446e-02
2.999935785518461490e-02
2.999935785519589754e-02
2.999935785519350362e-02
2.999935785519376036e-02
2.999935785519203951e-02
2.999935785519745879e-02
2.999935785520153886e-02
2.999935785520091436e-02
2.999935785519279585e-02
2.999935785519770859e-02
2.999935785518572859e-02
2.999935785518713718e-02
2.999935785518836884e-02
2.999935785517737069e-02
2.999935785519032561e-02
2.999935785518510756e-02
2.999935785518433040e-02
2.999935785518187750e-02
2.999935785518447612e-02
2.999935785518790393e-02
2.999935785518839659e-02
2.999935785518813638e-02
2.999935785519167175e-02
2.999935785519855860e-02
2.999935785519626530e-02
2.999935785520016843e-02
2.999935785518961784e-02
2.999935785519698001e-02
2.999935785519725756e-02
2.999935785519696613e-02
2.999935785519568937e-02
2.999935785520020659e-02
2.999935785520322848e-02
2.999935785520291970e-02
2.999935785520523729e-02
2.999935785519671633e-02
2.999935785519721593e-02
2.999935785520320419e-02
2.999935785520474116e-02
2.999935785520192050e-02
2.999935785521394213e-02
2.999935785521373049e-02
2.999935785521372356e-02
2.999935785521290477e-02
2.999935785520749937e-02
2.999935785520671874e-02
2.999935785520937981e-02
2.999935785520970941e-02
2.999935785520987594e-02
2.999935785520449830e-02
2.999935785521344600e-02
2.999935785520831816e-02
2.999935785520912307e-02
2.999935785521225251e-02
2.999935785519502671e-02
2.999935785519893677e-02
2.999935785520008516e-02
2.999935785520732590e-02
2.999935785520602138e-02
2.999935785520529280e-02
2.999935785520632670e-02
2.999935785521872303e-02
2.999935785519783349e-02
2.999935785520240622e-02
2.999935785520149722e-02
2.999935785520303766e-02
2.999935785520308970e-02
2.999935785519184869e-02
2.999935785520205234e-02
2.999935785519532855e-02
2.999935785520877959e-02
2.999935785520628506e-02
2.999935785520533443e-02
2.999935785520609771e-02
2.999935785520439421e-02
2.999935785518493409e-02
2.999935785518419856e-02
2.999935785519372566e-02
2.999935785519777798e-02
2.999935785520800591e-02
2.999935785522692480e-02
2.999935785522198431e-02
2.999935785522154716e-02
2.999935785522449272e-02
2.999935785520674303e-02
2.999935785521948284e-02
2.999935785521971876e-02
2.999935785521707504e-02
2.999935785520784631e-02
2.999935785521491705e-02
2.999935785521338355e-02
2.999935785523160162e-02
2.999935785525205401e-02
2.999935785523465126e-02
2.999935785521460480e-02
2.999935785521416765e-02
2.999935785521134352e-02
2.999935785520566750e-02
2.999935785519641449e-02
2.999935785519803472e-02
2.999935785519960985e-02
2.999935785517667333e-02
2.999935785516751052e-02
2.999935785518993703e-02
2.999935785519137338e-02
2.999935785519335443e-02
2.999935785518932641e-02
2.999935785518101361e-02
2.999935785518543369e-02
2.999935785517858847e-02
2.999935785519185910e-02
2.999935785518261649e-02
2.999935785518113157e-02
2.999935785518159995e-02
2.999935785518444836e-02
2.999935785518775822e-02
2.999935785518807047e-02
2.999935785518732453e-02
2.999935785517956338e-02
2.999935785518531572e-02
2.999935785518406325e-02
2.999935785517635761e-02
2.999935785517562903e-02
2.999935785517624312e-02
2.999935785517394288e-02
2.999935785517709314e-02
2.999935785517832826e-02
2.999935785517460207e-02
2.999935785517379022e-02
2.999935785517306164e-02
2.999935785517327674e-02
2.999935785517135467e-02
2.999935785517115691e-02
2.999935785516845421e-02
2.999935785517072323e-02
2.999935785517149345e-02
2.999935785516728154e-02
2.999935785516921749e-02
2.999935785516540110e-02
2.999935785516220227e-02
2.999935785516228207e-02
2.999935785515903813e-02
2.999935785515979100e-02
2.999935785515965569e-02
2.999935785515954120e-02
2.999935785516247289e-02
2.999935785517311368e-02
2.999935785517722497e-02
2.999935785517412676e-02
2.999935785517253428e-02
2.999935785517093834e-02
2.999935785517203468e-02
2.999935785517142406e-02
2.999935785517878276e-02
2.999935785518210996e-02
2.999935785517998665e-02
2.999935785517763784e-02
2.999935785517895623e-02
2.999935785517872378e-02
2.999935785517668027e-02
2.999935785517957726e-02
2.999935785517768988e-02
2.999935785517933787e-02
2.999935785518431652e-02
2.999935785518020176e-02
2.999935785517861275e-02
2.999935785517744008e-02
2.999935785517657619e-02
2.999935785517563597e-02
2.999935785517411288e-02
2.999935785517231224e-02
2.999935785517776274e-02
2.999935785518141607e-02
2.999935785518099973e-02
2.999935785518062503e-02
2.999935785518062156e-02
2.999935785518158954e-02
2.999935785518086789e-02
2.999935785518113851e-02
2.999935785518110729e-02
2.999935785518020870e-02
2.999935785517567760e-02
2.999935785517555270e-02
2.999935785517768294e-02
2.999935785517830744e-02
2.999935785517799519e-02
2.999935785517892847e-02
2.999935785517888684e-02
2.999935785517866826e-02
2.999935785517861275e-02
2.999935785518170750e-02
2.999935785518188097e-02
2.999935785518183240e-02
2.999935785518185322e-02
2.999935785518018094e-02
2.999935785518193995e-02
2.999935785518141607e-02
2.999935785518537124e-02
2.999935785518891007e-02
2.999935785518736964e-02
2.999935785518824047e-02
2.999935785518883374e-02
2.999935785518825782e-02
2.999935785518799414e-02
2.999935785518683534e-02
2.999935785518869497e-02
2.999935785518770617e-02
2.999935785519246972e-02
2.999935785519309769e-02
2.999935785519608489e-02
2.999935785519447506e-02
2.999935785519396159e-02
2.999935785519323647e-02
2.999935785519110623e-02
2.999935785519064479e-02
2.999935785519963760e-02
2.999935785520017190e-02
2.999935785520482789e-02
2.999935785520486953e-02
2.999935785520431442e-02
2.999935785520439074e-02
2.999935785520325623e-02
2.999935785520389808e-02
2.999935785519491915e-02
2.999935785519192155e-02
2.999935785520354073e-02
2.999935785520328399e-02
2.999935785520945614e-02
2.999935785520963655e-02
2.999935785520498749e-02
2.999935785520706222e-02
2.999935785520360318e-02
2.999935785520034884e-02
2.999935785523060588e-02
2.999935785523590720e-02
2.999935785522499926e-02
2.999935785522412496e-02
2.999935785522517273e-02
2.999935785522057224e-02
2.999935785522033632e-02
2.999935785522059306e-02
2.999935785521602727e-02
2.999935785522197390e-02
2.999935785522725440e-02
2.999935785522542253e-02
2.999935785522605050e-02
2.999935785522826054e-02
2.999935785523445003e-02
2.999935785523526882e-02
2.999935785523608761e-02
2.999935785524509776e-02
2.999935785524663820e-02
2.999935785524460163e-02
2.999935785524671453e-02
2.999935785525013540e-02
2.999935785525412874e-02
2.999935785524976417e-02
2.999935785525149196e-02
2.999935785524668677e-02
2.999935785524217302e-02
2.999935785525213033e-02
2.999935785526353094e-02
2.999935785526262194e-02
2.999935785526238949e-02
2.999935785526606710e-02
2.999935785526556750e-02
2.999935785526537321e-02
2.999935785527043514e-02
2.999935785526641058e-02
2.999935785525763288e-02
2.999935785525119358e-02
2.999935785525150583e-02
2.999935785525476364e-02
2.999935785526158111e-02
2.999935785526357604e-02
2.999935785526318399e-02
2.999935785526396115e-02
2.999935785526460646e-02
2.999935785526259419e-02
2.999935785526460646e-02
2.999935785526502974e-02
2.999935785525928433e-02
2.999935785526040843e-02
2.999935785526049517e-02
2.999935785526216050e-02
2.999935785526119947e-02
2.999935785526725018e-02
2.999935785526024884e-02
2.999935785526349277e-02
2.999935785526170254e-02
2.999935785524954907e-02
2.999935785523885623e-02
2.999935785523696885e-02
2.999935785523838438e-02
2.999935785523834622e-02
2.999935785522667500e-02
2.999935785522988077e-02
2.999935785523265286e-02
2.999935785523167447e-02
2.999935785523709722e-02
2.999935785524683596e-02
2.999935785524552798e-02
2.999935785524766516e-02
2.999935785524477858e-02
2.999935785523118181e-02
2.999935785522953036e-02
2.999935785523070997e-02
2.999935785523091120e-02
2.999935785523866541e-02
2.999935785524000115e-02
2.999935785524389387e-02
2.999935785524242282e-02
2.999935785522983914e-02
2.999935785523049486e-02
2.999935785523338838e-02
2.999935785523204571e-02
2.999935785523331552e-02
2.999935785523555679e-02
2.999935785523634782e-02
2.999935785522667153e-02
2.999935785522637663e-02
2.999935785523226428e-02
2.999935785524147913e-02
2.999935785524133688e-02
2.999935785524274201e-02
2.999935785524614207e-02
2.999935785525564141e-02
2.999935785525332382e-02
2.999935785525326831e-02
2.999935785525976312e-02
2.999935785525589121e-02
2.999935785525359444e-02
2.999935785525576284e-02
2.999935785525900678e-02
2.999935785526484239e-02
2.999935785526419360e-02
2.999935785526710100e-02
2.999935785526753815e-02
2.999935785526560914e-02
2.999935785526049170e-02
2.999935785527115678e-02
2.999935785527054963e-02
2.999935785526961288e-02
2.999935785527741566e-02
2.999935785527740872e-02
2.999935785527532706e-02
2.999935785527450133e-02
2.999935785527477541e-02
2.999935785526527607e-02
2.999935785526785387e-02
2.999935785526836388e-02
2.999935785526264970e-02
2.999935785526750345e-02
2.999935785526779489e-02
2.999935785526551893e-02
2.999935785526815918e-02
2.999935785526714610e-02
2.999935785526114396e-02
2.999935785526118559e-02
2.999935785526076926e-02
2.999935785525947515e-02
2.999935785526150825e-02
2.999935785525503773e-02
2.999935785525526671e-02
2.999935785525268891e-02
2.999935785525338280e-02
2.999935785525255014e-02
2.999935785525201237e-02
2.999935785525279647e-02
2.999935785525015275e-02
2.999935785525231074e-02
2.999935785525075643e-02
2.999935785525046500e-02
2.999935785524895232e-02
2.999935785525165502e-02
2.999935785524741536e-02
2.999935785524743617e-02
2.999935785524782475e-02
2.999935785524679085e-02
2.999935785524633289e-02
2.999935785524640922e-02
2.999935785524616288e-02
2.999935785524638146e-02
2.999935785524624962e-02
2.999935785524627044e-02
2.999935785524621493e-02
2.999935785524604492e-02
2.999935785524772414e-02
2.999935785524765475e-02
2.999935785524738413e-02
2.999935785524767209e-02
2.999935785524873721e-02
2.999935785524906334e-02
2.999935785524880313e-02
2.999935785524867130e-02
2.999935785524801904e-02
2.999935785524566675e-02
2.999935785524638493e-02
2.999935785524451143e-02
2.999935785524668330e-02
2.999935785524717943e-02
2.999935785524660350e-02
2.999935785524639187e-02
2.999935785524563206e-02
2.999935785524736678e-02
2.999935785525062459e-02
2.999935785524565288e-02
2.999935785524494511e-02
2.999935785524112525e-02
2.999935785523887705e-02
2.999935785523843643e-02
2.999935785523662191e-02
2.999935785523643456e-02
2.999935785524184342e-02
2.999935785524255466e-02
2.999935785524314794e-02
2.999935785524310977e-02
2.999935785523993870e-02
2.999935785524345672e-02
2.999935785524666595e-02
2.999935785524642656e-02
2.999935785524640575e-02
2.999935785525836493e-02
2.999935785526217785e-02
2.999935785526215010e-02
2.999935785526086987e-02
2.999935785525761553e-02
2.999935785525873616e-02
2.999935785525369852e-02
2.999935785525957230e-02
2.999935785525836146e-02
2.999935785526330889e-02
2.999935785526537321e-02
2.999935785526393339e-02
2.999935785527010207e-02
2.999935785526672977e-02
2.999935785526690671e-02
2.999935785527232252e-02
2.999935785527185067e-02
2.999935785527032758e-02
2.999935785527828996e-02
2.999935785528135695e-02
2.999935785528128063e-02
2.999935785528143328e-02
2.999935785527961182e-02
2.999935785528110022e-02
2.999935785528589499e-02
2.999935785528512130e-02
2.999935785528494783e-02
2.999935785528928811e-02
2.999935785528464599e-02
2.999935785528576315e-02
2.999935785528178370e-02
2.999935785529790275e-02
2.999935785529822541e-02
2.999935785529637272e-02
2.999935785529731641e-02
2.999935785529680640e-02
2.999935785529551230e-02
2.999935785529250429e-02
2.999935785529350696e-02
2.999935785529925930e-02
2.999935785527715199e-02
2.999935785527612156e-02
2.999935785527440071e-02
2.999935785527386642e-02
2.999935785527242660e-02
2.999935785527131291e-02
2.999935785527203108e-02
2.999935785526656670e-02
2.999935785526774978e-02
2.999935785525555121e-02
2.999935785525287280e-02
2.999935785525714715e-02
2.999935785525865289e-02
2.999935785525474630e-02
2.999935785524863313e-02
2.999935785524843190e-02
2.999935785525020132e-02
2.999935785523265980e-02
2.999935785521613829e-02
2.999935785522334433e-02
2.999935785522288637e-02
2.999935785522675480e-02
2.999935785522776094e-02
2.999935785522789278e-02
2.999935785522803156e-02
2.999935785522213003e-02
2.999935785522231044e-02
2.999935785523866194e-02
2.999935785524104198e-02
2.999935785523743376e-02
2.999935785524462245e-02
2.999935785524240200e-02
2.999935785524053891e-02
2.999935785523686477e-02
2.999935785524453224e-02
2.999935785525291790e-02
2.999935785523460616e-02
2.999935785522887810e-02
2.999935785522793441e-02
2.999935785522355597e-02
2.999935785522193574e-02
2.999935785522343107e-02
2.999935785521991999e-02
2.999935785521756770e-02
2.999935785522676868e-02
2.999935785523398166e-02
2.999935785522892667e-02
2.999935785522920423e-02
2.999935785522585274e-02
2.999935785522800727e-02
2.999935785523055037e-02
2.999935785523790560e-02
2.999935785522630030e-02
2.999935785521146842e-02
2.999935785520798509e-02
2.999935785521312681e-02
2.999935785521428214e-02
2.999935785520745080e-02
2.999935785520389114e-02
2.999935785520393278e-02
2.999935785519319831e-02
2.999935785517281531e-02
2.999935785519007928e-02
2.999935785518113851e-02
2.999935785517711395e-02
2.999935785518480225e-02
2.999935785518589165e-02
2.999935785518884762e-02
2.999935785518914946e-02
2.999935785518823700e-02
2.999935785521046228e-02
2.999935785521671075e-02
2.999935785521569767e-02
2.999935785521591625e-02
2.999935785521527093e-02
2.999935785521238088e-02
2.999935785520756182e-02
2.999935785520525117e-02
2.999935785520563628e-02
2.999935785521385539e-02
2.999935785521615217e-02
2.999935785522268167e-02
2.999935785522227921e-02
2.999935785522199472e-02
2.999935785522489864e-02
2.999935785522563070e-02
2.999935785522918341e-02
2.999935785522731338e-02
2.999935785522766032e-02
2.999935785522285861e-02
2.999935785522475293e-02
2.999935785522415965e-02
2.999935785522352127e-02
2.999935785522556825e-02
2.999935785522577295e-02
2.999935785522197390e-02
2.999935785522108919e-02
2.999935785522315698e-02
2.999935785521890691e-02
2.999935785521611054e-02
2.999935785521785220e-02
2.999935785521941345e-02
2.999935785521843506e-02
2.999935785521808118e-02
2.999935785521361947e-02
2.999935785521603421e-02
2.999935785521674544e-02
2.999935785521261333e-02
2.999935785521358478e-02
2.999935785521407050e-02
2.999935785521155862e-02
2.999935785521391785e-02
2.999935785521302273e-02
2.999935785521357090e-02
2.999935785521350498e-02
2.999935785520911960e-02
2.999935785520756876e-02
2.999935785520824877e-02
2.999935785521049697e-02
2.999935785521029227e-02
2.999935785521143372e-02
2.999935785521083004e-02
2.999935785521170434e-02
2.999935785521068085e-02
2.999935785521136433e-02
2.999935785521246762e-02
2.999935785521143372e-02
2.999935785521128453e-02
2.999935785521109718e-02
2.999935785520916470e-02
2.999935785520985859e-02
2.999935785520970594e-02
2.999935785521008411e-02
2.999935785521062187e-02
2.999935785521217618e-02
2.999935785521125678e-02
2.999935785521284579e-02
2.999935785521043799e-02
2.999935785521004941e-02
2.999935785521065656e-02
2.999935785521239476e-02
2.999935785521061146e-02
2.999935785520838061e-02
2.999935785520863735e-02
2.999935785520728426e-02
2.999935785520428666e-02
2.999935785520559811e-02
2.999935785520375583e-02
2.999935785520547668e-02
2.999935785520881082e-02
2.999935785520530668e-02
2.999935785520768672e-02
2.999935785520633016e-02
2.999935785520706569e-02
2.999935785521800485e-02
2.999935785522327841e-02
2.999935785522240064e-02
2.999935785522286902e-02
2.999935785522144308e-02
2.999935785522618581e-02
2.999935785522521436e-02
2.999935785522714338e-02
2.999935785522199472e-02
2.999935785522271289e-02
2.999935785522848952e-02
2.999935785522765685e-02
2.999935785522802809e-02
2.999935785521701259e-02
2.999935785521645054e-02
2.999935785521738035e-02
2.999935785522128695e-02
2.999935785521118045e-02
2.999935785520117457e-02
2.999935785521500725e-02
2.999935785521417458e-02
2.999935785521888609e-02
2.999935785521904222e-02
2.999935785522055143e-02
2.999935785522190451e-02
2.999935785521743586e-02
2.999935785522306678e-02
2.999935785522071102e-02
2.999935785522042653e-02
2.999935785522328535e-02
2.999935785521849752e-02
2.999935785521798404e-02
2.999935785521582604e-02
2.999935785521856690e-02
2.999935785522159920e-02
2.999935785521960080e-02
2.999935785522288290e-02
2.999935785522291759e-02
2.999935785522157838e-02
2.999935785522567927e-02
2.999935785522660908e-02
2.999935785522430537e-02
2.999935785522259840e-02
2.999935785522636622e-02
2.999935785522862830e-02
2.999935785522582846e-02
2.999935785523020690e-02
2.999935785523153570e-02
2.999935785522885034e-02
2.999935785522798298e-02
2.999935785522547457e-02
2.999935785522191839e-02
2.999935785521846282e-02
2.999935785521400458e-02
2.999935785523300327e-02
2.999935785523560883e-02
2.999935785523905052e-02
2.999935785523569903e-02
2.999935785523502943e-02
2.999935785523729498e-02
2.999935785522888504e-02
2.999935785521986448e-02
2.999935785522576948e-02
2.999935785523179244e-02
2.999935785523014792e-02
2.999935785523440146e-02
2.999935785523397125e-02
2.999935785524553838e-02
2.999935785524519144e-02
2.999935785524391815e-02
2.999935785525427445e-02
2.999935785524182608e-02
2.999935785523751702e-02
2.999935785523809989e-02
2.999935785522350740e-02
2.999935785522342413e-02
2.999935785522444415e-02
2.999935785522387169e-02
2.999935785519390608e-02
2.999935785519870779e-02
2.999935785521723464e-02
2.999935785521187781e-02
2.999935785521589543e-02
2.999935785521216230e-02
2.999935785520702752e-02
2.999935785520324583e-02
2.999935785520740222e-02
2.999935785520498055e-02
2.999935785517465064e-02
2.999935785520018924e-02
2.999935785520246867e-02
2.999935785520359971e-02
2.999935785520330134e-02
2.999935785520318685e-02
2.999935785520490422e-02
2.999935785520978226e-02
2.999935785520631976e-02
2.999935785521916712e-02
2.999935785521885834e-02
2.999935785521356396e-02
2.999935785520924103e-02
2.999935785520876919e-02
2.999935785520554954e-02
2.999935785520602832e-02
2.999935785521707504e-02
2.999935785520880735e-02
2.999935785520233683e-02
2.999935785520518872e-02
2.999935785520406462e-02
2.999935785519903392e-02
2.999935785518946171e-02
2.999935785519403098e-02
2.999935785519441261e-02
2.999935785518520470e-02
2.999935785517577821e-02
2.999935785519057541e-02
2.999935785518819537e-02
2.999935785518371978e-02
2.999935785517370002e-02
2.999935785518024339e-02
2.999935785517596210e-02
2.999935785518045156e-02
2.999935785518283160e-02
2.999935785517792580e-02
2.999935785518731413e-02
2.999935785518748066e-02
2.999935785518818843e-02
2.999935785518675901e-02
2.999935785518772352e-02
2.999935785518691861e-02
2.999935785519240380e-02
2.999935785520278439e-02
2.999935785519682735e-02
2.999935785520723916e-02
2.999935785520410625e-02
2.999935785520505688e-02
2.999935785520433870e-02
2.999935785520293358e-02
2.999935785520730855e-02
2.999935785520235418e-02
2.999935785520346787e-02
2.999935785521305048e-02
2.999935785521851833e-02
2.999935785521809506e-02
2.999935785521913936e-02
2.999935785522091572e-02
2.999935785522111695e-02
2.999935785521974652e-02
2.999935785521810894e-02
2.999935785521640197e-02
2.999935785521324130e-02
2.999935785521253007e-02
2.999935785521477827e-02
2.999935785521665177e-02
2.999935785521307477e-02
2.999935785521629095e-02
2.999935785521386233e-02
2.999935785521476439e-02
2.999935785522056877e-02
2.999935785522082204e-02
2.999935785521806036e-02
2.999935785521972917e-02
2.999935785521560747e-02
2.999935785522082204e-02
2.999935785521780363e-02
2.999935785521740117e-02
2.999935785521708892e-02
2.999935785521908732e-02
2.999935785521936488e-02
2.999935785522122450e-02
2.999935785522170675e-02
2.999935785522176920e-02
2.999935785521932324e-02
2.999935785522179349e-02
2.999935785521966672e-02
2.999935785521869874e-02
2.999935785522248738e-02
2.999935785522157145e-02
2.999935785522159226e-02
2.999935785522153328e-02
2.999935785521771342e-02
2.999935785521738729e-02
2.999935785522063122e-02
2.999935785522121409e-02
2.999935785521983672e-02
2.999935785522346923e-02
2.999935785522120715e-02
2.999935785521685994e-02
2.999935785522167206e-02
2.999935785522069714e-02
2.999935785521871609e-02
2.999935785521735607e-02
2.999935785521648524e-02
2.999935785522180390e-02
2.999935785521896242e-02
2.999935785522346229e-02
2.999935785522343801e-02
2.999935785521632564e-02
2.999935785521757811e-02
2.999935785522080817e-02
2.999935785521749138e-02
2.999935785521996509e-02
2.999935785522311882e-02
2.999935785522262963e-02
2.999935785522164777e-02
2.999935785522415271e-02
2.999935785521723117e-02
2.999935785521801179e-02
2.999935785521734913e-02
2.999935785521558318e-02
2.999935785521807771e-02
2.999935785521941345e-02
2.999935785522896484e-02
2.999935785522987730e-02
2.999935785523378737e-02
2.999935785523481779e-02
2.999935785523721865e-02
2.999935785523558107e-02
2.999935785523569903e-02
2.999935785523557066e-02
2.999935785523990400e-02
2.999935785524060483e-02
2.999935785524468490e-02
2.999935785524362325e-02
2.999935785525627285e-02
2.999935785526169560e-02
2.999935785526841939e-02
2.999935785526515811e-02
2.999935785526083518e-02
2.999935785526965798e-02
2.999935785526235479e-02
2.999935785526757978e-02
2.999935785526142845e-02
2.999935785525335852e-02
2.999935785525503773e-02
2.999935785525679327e-02
2.999935785525147808e-02
2.999935785525315035e-02
2.999935785525532569e-02
2.999935785525971801e-02
2.999935785525575244e-02
2.999935785525797635e-02
2.999935785526054027e-02
2.999935785526820775e-02
2.999935785526350318e-02
2.999935785526037027e-02
2.999935785525768839e-02
2.999935785526297929e-02
2.999935785526296542e-02
2.999935785525943699e-02
2.999935785525928780e-02
2.999935785526962329e-02
2.999935785527360274e-02
2.999935785527787363e-02
2.999935785527536869e-02
2.999935785527605564e-02
2.999935785527908447e-02
2.999935785528108287e-02
2.999935785528058674e-02
2.999935785528354618e-02
2.999935785528158941e-02
2.999935785528707113e-02
2.999935785528612397e-02
2.999935785529478371e-02
