2.999935798466660253e-02
2.999935798466882297e-02
2.999935798467050913e-02
2.999935798466945788e-02
2.999935798466955850e-02
2.999935798467011014e-02
2.999935798466643946e-02
2.999935798466841358e-02
2.999935798466921155e-02
2.999935798466479495e-02
2.999935798466858011e-02
2.999935798466700498e-02
2.999935798466404208e-02
2.999935798466720621e-02
2.999935798466821235e-02
2.999935798466794867e-02
2.999935798466957237e-02
2.999935798466686274e-02
2.999935798466667539e-02
2.999935798466867726e-02
2.999935798467167486e-02
2.999935798466948564e-02
2.999935798466489903e-02
2.999935798466699111e-02
2.999935798466768846e-02
2.999935798466610987e-02
2.999935798467035300e-02
2.999935798467023851e-02
2.999935798466855236e-02
2.999935798466812215e-02
2.999935798466741785e-02
2.999935798466788969e-02
2.999935798466733805e-02
2.999935798466855930e-02
2.999935798466949952e-02
2.999935798466683151e-02
2.999935798466704315e-02
2.999935798466903461e-02
2.999935798466868073e-02
2.999935798467117179e-02
2.999935798466940931e-02
2.999935798467065137e-02
2.999935798466707090e-02
2.999935798466799031e-02
2.999935798467109199e-02
2.999935798466677947e-02
2.999935798466636314e-02
2.999935798466706049e-02
2.999935798466882297e-02
2.999935798467069648e-02
2.999935798467045361e-02
2.999935798467159159e-02
2.999935798466582190e-02
2.999935798466597109e-02
2.999935798467160547e-02
2.999935798467209813e-02
2.999935798466820541e-02
2.999935798466834766e-02
2.999935798466889583e-02
2.999935798466987075e-02
2.999935798466818113e-02
2.999935798466853848e-02
2.999935798466803541e-02
2.999935798467103648e-02
2.999935798466713335e-02
2.999935798466999218e-02
2.999935798466688008e-02
2.999935798466847256e-02
2.999935798466779255e-02
2.999935798466734499e-02
2.999935798466813255e-02
2.999935798466898951e-02
2.999935798466374370e-02
2.999935798466785153e-02
2.999935798466892012e-02
2.999935798466649151e-02
2.999935798467010667e-02
2.999935798467088036e-02
2.999935798466839970e-02
2.999935798466801806e-02
2.999935798466949605e-02
2.999935798466852113e-02
2.999935798466842052e-02
2.999935798466996789e-02
2.999935798466962789e-02
2.999935798466710907e-02
2.999935798466547149e-02
2.999935798466763295e-02
2.999935798466600925e-02
2.999935798467135220e-02
2.999935798466856623e-02
2.999935798466754969e-02
2.999935798466606823e-02
2.999935798466758438e-02
2.999935798466493025e-02
2.999935798466912829e-02
2.999935798467077280e-02
2.999935798467043627e-02
2.999935798466751846e-02
2.999935798467109199e-02
2.999935798466995401e-02
2.999935798466887502e-02
2.999935798467026626e-02
2.999935798466982217e-02
2.999935798466665457e-02
2.999935798466954462e-02
2.999935798466904502e-02
2.999935798466871889e-02
2.999935798466855583e-02
2.999935798466802500e-02
2.999935798466723744e-02
2.999935798466815337e-02
2.999935798466952380e-02
2.999935798466685580e-02
2.999935798466953421e-02
2.999935798466750111e-02
2.999935798466757397e-02
2.999935798466826092e-02
2.999935798466818113e-02
2.999935798466871889e-02
2.999935798466900339e-02
2.999935798466695641e-02
2.999935798466764336e-02
2.999935798466851766e-02
2.999935798466904849e-02
2.999935798466808051e-02
2.999935798466848297e-02
2.999935798466994014e-02
2.999935798467044321e-02
2.999935798466785153e-02
2.999935798466969034e-02
2.999935798466778214e-02
2.999935798466915604e-02
2.999935798467020728e-02
2.999935798466897563e-02
2.999935798466934686e-02
2.999935798466983952e-02
2.999935798466875705e-02
2.999935798466721662e-02
2.999935798466976666e-02
2.999935798466901032e-02
2.999935798466781683e-02
2.999935798466814990e-02
2.999935798466821235e-02
2.999935798466571435e-02
2.999935798466990891e-02
2.999935798466652620e-02
2.999935798466887849e-02
2.999935798466840664e-02
2.999935798466916298e-02
2.999935798466964523e-02
2.999935798466920461e-02
2.999935798466952380e-02
2.999935798466854889e-02
2.999935798466907277e-02
2.999935798466927400e-02
2.999935798466820194e-02
2.999935798466972850e-02
2.999935798466840664e-02
2.999935798467084219e-02
2.999935798466905543e-02
2.999935798466937809e-02
2.999935798466879522e-02
2.999935798466793133e-02
2.999935798466756010e-02
2.999935798466879522e-02
2.999935798466972503e-02
2.999935798466837195e-02
2.999935798466941278e-02
2.999935798466945788e-02
2.999935798466641518e-02
2.999935798466937115e-02
2.999935798466691478e-02
2.999935798467057851e-02
2.999935798466762948e-02
2.999935798466845868e-02
2.999935798466831643e-02
2.999935798466918380e-02
2.999935798466885073e-02
2.999935798467068607e-02
2.999935798466883338e-02
2.999935798466853848e-02
2.999935798466906237e-02
2.999935798466819847e-02
2.999935798466989156e-02
2.999935798466896869e-02
2.999935798467025586e-02
2.999935798466703621e-02
2.999935798467003728e-02
2.999935798466939196e-02
2.999935798466730336e-02
2.999935798466831643e-02
2.999935798466971115e-02
2.999935798466680376e-02
2.999935798466921849e-02
2.999935798466892012e-02
2.999935798467025933e-02
2.999935798466876399e-02
2.999935798466758785e-02
2.999935798466948911e-02
2.999935798467050219e-02
2.999935798466839970e-02
2.999935798466918380e-02
2.999935798466928094e-02
2.999935798466863562e-02
2.999935798466994361e-02
2.999935798466863562e-02
2.999935798466820541e-02
2.999935798466932257e-02
2.999935798466916992e-02
2.999935798466944054e-02
2.999935798466845521e-02
2.999935798466978748e-02
2.999935798466769887e-02
2.999935798466871195e-02
2.999935798466861481e-02
2.999935798466886461e-02
2.999935798466820541e-02
2.999935798466832337e-02
2.999935798467050219e-02
2.999935798466897563e-02
2.999935798466857317e-02
2.999935798466923931e-02
2.999935798466967646e-02
2.999935798466921155e-02
2.999935798466841011e-02
2.999935798466770581e-02
2.999935798466854542e-02
2.999935798466841358e-02
2.999935798466948911e-02
2.999935798466892706e-02
2.999935798466921155e-02
2.999935798466965564e-02
2.999935798466977360e-02
2.999935798466928788e-02
2.999935798466877440e-02
2.999935798467013096e-02
2.999935798466911094e-02
2.999935798466875359e-02
2.999935798466982217e-02
2.999935798466870154e-02
2.999935798466911788e-02
2.999935798466864950e-02
2.999935798466896175e-02
2.999935798466909359e-02
2.999935798466973197e-02
2.999935798466881604e-02
2.999935798466994014e-02
2.999935798466867032e-02
2.999935798466908665e-02
2.999935798466871195e-02
2.999935798466911788e-02
2.999935798466905890e-02
2.999935798466848297e-02
2.999935798466932257e-02
2.999935798466889583e-02
2.999935798467022463e-02
2.999935798466856277e-02
2.999935798466898257e-02
2.999935798466961748e-02
2.999935798466848991e-02
2.999935798467066872e-02
2.999935798466888542e-02
2.999935798467024545e-02
2.999935798466832337e-02
2.999935798466908665e-02
2.999935798466798684e-02
2.999935798466992626e-02
2.999935798466901379e-02
2.999935798467068260e-02
2.999935798466859399e-02
2.999935798466971462e-02
2.999935798466939890e-02
2.999935798467150833e-02
2.999935798466964523e-02
2.999935798466884726e-02
2.999935798466903808e-02
2.999935798466974585e-02
2.999935798466957237e-02
2.999935798466978748e-02
2.999935798466973197e-02
2.999935798466944054e-02
2.999935798466937809e-02
2.999935798467038076e-02
2.999935798466807704e-02
2.999935798466977013e-02
2.999935798466796949e-02
2.999935798466920461e-02
2.999935798467026626e-02
2.999935798466973197e-02
2.999935798466943707e-02
2.999935798467027667e-02
2.999935798466867379e-02
2.999935798466927400e-02
2.999935798467028708e-02
2.999935798466908318e-02
2.999935798466928094e-02
2.999935798467013096e-02
2.999935798467089770e-02
2.999935798466931564e-02
2.999935798466997830e-02
2.999935798466973544e-02
2.999935798466869807e-02
2.999935798466950646e-02
2.999935798466855583e-02
2.999935798466890277e-02
2.999935798466863909e-02
2.999935798466991238e-02
2.999935798467075546e-02
2.999935798466995054e-02
2.999935798466766071e-02
2.999935798466979442e-02
2.999935798467051606e-02
2.999935798467014830e-02
2.999935798467008932e-02
2.999935798466914910e-02
2.999935798466958625e-02
2.999935798466879522e-02
2.999935798466944054e-02
2.999935798466829215e-02
2.999935798467031137e-02
2.999935798466937462e-02
2.999935798467028708e-02
2.999935798467031831e-02
2.999935798466951686e-02
2.999935798466942666e-02
2.999935798466982217e-02
2.999935798467011708e-02
2.999935798467008238e-02
2.999935798467041198e-02
2.999935798467084566e-02
2.999935798466991932e-02
2.999935798467014830e-02
2.999935798467061321e-02
2.999935798467168180e-02
2.999935798466895134e-02
2.999935798467006851e-02
2.999935798467028708e-02
2.999935798467057158e-02
2.999935798466892706e-02
2.999935798466924625e-02
2.999935798466965564e-02
2.999935798466992626e-02
2.999935798467020728e-02
2.999935798466951339e-02
2.999935798466991585e-02
2.999935798467006504e-02
2.999935798466915604e-02
2.999935798467026973e-02
2.999935798466981177e-02
2.999935798466953074e-02
2.999935798467022463e-02
2.999935798466981524e-02
2.999935798466894440e-02
2.999935798466909359e-02
2.999935798466914910e-02
2.999935798467085954e-02
2.999935798466939890e-02
2.999935798466950992e-02
2.999935798467046055e-02
2.999935798467047443e-02
2.999935798466966952e-02
2.999935798466930870e-02
2.999935798466833031e-02
2.999935798466917686e-02
2.999935798466989850e-02
2.999935798466966605e-02
2.999935798466972850e-02
2.999935798466964870e-02
2.999935798466933298e-02
2.999935798467015524e-02
2.999935798466937462e-02
2.999935798467018994e-02
2.999935798466990891e-02
2.999935798466972850e-02
2.999935798467077974e-02
2.999935798467003728e-02
2.999935798467042239e-02
2.999935798467013442e-02
2.999935798466991932e-02
2.999935798466995748e-02
2.999935798466997483e-02
2.999935798466992973e-02
2.999935798466984299e-02
2.999935798466933645e-02
2.999935798467030790e-02
2.999935798466984646e-02
2.999935798466980830e-02
2.999935798467019687e-02
2.999935798467025239e-02
2.999935798466938849e-02
2.999935798467040504e-02
2.999935798467022116e-02
2.999935798466953074e-02
2.999935798466999565e-02
2.999935798466960013e-02
2.999935798466991238e-02
2.999935798466980483e-02
2.999935798466969727e-02
2.999935798466959319e-02
2.999935798466957931e-02
2.999935798467010667e-02
2.999935798466974238e-02
2.999935798466952033e-02
2.999935798466982217e-02
2.999935798466980483e-02
2.999935798466963482e-02
2.999935798466957584e-02
2.999935798466970074e-02
2.999935798466962789e-02
2.999935798467004422e-02
2.999935798466950299e-02
2.999935798466962442e-02
2.999935798466988116e-02
2.999935798466939196e-02
2.999935798466926706e-02
2.999935798466967646e-02
2.999935798466946482e-02
2.999935798466971809e-02
2.999935798466980136e-02
2.999935798466960013e-02
2.999935798466961401e-02
2.999935798466941625e-02
2.999935798466937809e-02
2.999935798466956544e-02
2.999935798466928094e-02
2.999935798466955850e-02
2.999935798466956197e-02
2.999935798466958625e-02
2.999935798466929482e-02
2.999935798466942319e-02
2.999935798466919074e-02
2.999935798466937115e-02
2.999935798466952380e-02
2.999935798466937462e-02
2.999935798466912135e-02
2.999935798466922890e-02
2.999935798466926706e-02
2.999935798466950992e-02
2.999935798466972503e-02
2.999935798466923931e-02
2.999935798466924278e-02
2.999935798466940931e-02
2.999935798466959319e-02
2.999935798466937462e-02
2.999935798466932257e-02
2.999935798466920808e-02
2.999935798466937809e-02
2.999935798466919420e-02
2.999935798466930523e-02
2.999935798466915604e-02
2.999935798466926359e-02
2.999935798466933645e-02
2.999935798466922543e-02
2.999935798466934686e-02
2.999935798466926706e-02
2.999935798466933645e-02
2.999935798466933645e-02
2.999935798466929829e-02
2.999935798466920114e-02
2.999935798466924278e-02
2.999935798466924625e-02
2.999935798466927747e-02
2.999935798466936768e-02
2.999935798466921155e-02
2.999935798466926706e-02
2.999935798466938502e-02
2.999935798466929829e-02
2.999935798466935033e-02
2.999935798466928788e-02
2.999935798466932951e-02
2.999935798466942666e-02
2.999935798466928094e-02
2.999935798466933298e-02
2.999935798466939890e-02
2.999935798466939543e-02
2.999935798466944054e-02
2.999935798466942319e-02
2.999935798466943707e-02
2.999935798466938502e-02
2.999935798466937462e-02
2.999935798466932257e-02
2.999935798466933298e-02
2.999935798466932604e-02
2.999935798466929135e-02
2.999935798466929482e-02
2.999935798466933645e-02
2.999935798466934686e-02
2.999935798466932951e-02
2.999935798466934339e-02
2.999935798466934686e-02
2.999935798466935727e-02
2.999935798466935380e-02
2.999935798466933992e-02
2.999935798466932951e-02
2.999935798466932604e-02
2.999935798466934686e-02
2.999935798466933645e-02
2.999935798466937115e-02
2.999935798466938155e-02
2.999935798466939543e-02
2.999935798466940931e-02
2.999935798466942666e-02
2.999935798466938155e-02
2.999935798466935380e-02
2.999935798466934686e-02
2.999935798466936421e-02
2.999935798466937462e-02
2.999935798466935727e-02
2.999935798466935033e-02
2.999935798466936074e-02
2.999935798466934686e-02
2.999935798466933298e-02
2.999935798466932951e-02
2.999935798466936768e-02
2.999935798466937115e-02
2.999935798466933645e-02
2.999935798466936768e-02
2.999935798466935380e-02
2.999935798466939890e-02
2.999935798466939196e-02
2.999935798466935033e-02
2.999935798466937462e-02
2.999935798466935033e-02
2.999935798466934339e-02
2.999935798466936074e-02
2.999935798466931564e-02
2.999935798466930176e-02
2.999935798466935033e-02
2.999935798466935380e-02
2.999935798466934339e-02
2.999935798466933992e-02
2.999935798466920808e-02
2.999935798466922196e-02
2.999935798466920114e-02
2.999935798466917686e-02
2.999935798466915951e-02
2.999935798466913522e-02
2.999935798466917686e-02
2.999935798466911094e-02
2.999935798466908665e-02
2.999935798466912482e-02
2.999935798466917339e-02
2.999935798466912829e-02
2.999935798466921155e-02
2.999935798466918727e-02
2.999935798466914563e-02
2.999935798466917686e-02
2.999935798466912482e-02
2.999935798466924625e-02
2.999935798466927747e-02
2.999935798466915257e-02
2.999935798466910053e-02
2.999935798466911788e-02
2.999935798466931564e-02
2.999935798466923237e-02
2.999935798466929135e-02
2.999935798466925665e-02
2.999935798466907971e-02
2.999935798466908318e-02
2.999935798466884379e-02
2.999935798466897216e-02
2.999935798466880216e-02
2.999935798466884379e-02
2.999935798466903808e-02
2.999935798466898604e-02
2.999935798466874318e-02
2.999935798466907277e-02
2.999935798466898257e-02
2.999935798466940584e-02
2.999935798466916298e-02
2.999935798466914910e-02
2.999935798466915257e-02
2.999935798466935727e-02
2.999935798466923237e-02
2.999935798466886461e-02
2.999935798466874665e-02
2.999935798466930523e-02
2.999935798466895481e-02
2.999935798466920808e-02
2.999935798466904502e-02
2.999935798466869807e-02
2.999935798466877787e-02
2.999935798466906584e-02
2.999935798466930523e-02
2.999935798466886461e-02
2.999935798466886461e-02
2.999935798466913522e-02
2.999935798466946135e-02
2.999935798466907971e-02
2.999935798466952727e-02
2.999935798466936768e-02
2.999935798466916298e-02
2.999935798466883685e-02
2.999935798466936768e-02
2.999935798466933645e-02
2.999935798466925319e-02
2.999935798466898951e-02
2.999935798466900339e-02
2.999935798466854195e-02
2.999935798466915604e-02
2.999935798466928788e-02
2.999935798466896869e-02
2.999935798466873624e-02
2.999935798466914216e-02
2.999935798466927747e-02
2.999935798466907971e-02
2.999935798466950299e-02
2.999935798466915604e-02
2.999935798466947523e-02
2.999935798466924278e-02
2.999935798466947176e-02
2.999935798466916298e-02
2.999935798466892012e-02
2.999935798466893400e-02
2.999935798466957237e-02
2.999935798466908665e-02
2.999935798466935727e-02
2.999935798466957237e-02
2.999935798466924278e-02
2.999935798466967646e-02
2.999935798466920114e-02
2.999935798466940584e-02
2.999935798466924278e-02
2.999935798466942319e-02
2.999935798466901032e-02
2.999935798466964870e-02
2.999935798466992973e-02
2.999935798466860093e-02
2.999935798466914216e-02
2.999935798466903808e-02
2.999935798467006504e-02
2.999935798466889236e-02
2.999935798466996789e-02
2.999935798466891318e-02
2.999935798466957237e-02
2.999935798466889236e-02
2.999935798466944747e-02
2.999935798466971115e-02
2.999935798466816725e-02
2.999935798466841358e-02
2.999935798466981177e-02
2.999935798466834072e-02
2.999935798466786541e-02
2.999935798466970074e-02
2.999935798466926706e-02
2.999935798466881257e-02
2.999935798466835113e-02
2.999935798466852113e-02
2.999935798466907277e-02
2.999935798466969381e-02
2.999935798466890971e-02
2.999935798466829215e-02
2.999935798466920461e-02
2.999935798466803194e-02
2.999935798466929829e-02
2.999935798466869460e-02
2.999935798466861134e-02
2.999935798466868767e-02
2.999935798466950992e-02
2.999935798466916645e-02
2.999935798466897910e-02
2.999935798466887849e-02
2.999935798466820888e-02
2.999935798466885073e-02
2.999935798466901726e-02
2.999935798466849685e-02
2.999935798466887155e-02
2.999935798466823317e-02
2.999935798466924972e-02
2.999935798466886114e-02
2.999935798466857664e-02
2.999935798466862522e-02
2.999935798466872930e-02
2.999935798466997483e-02
2.999935798466935380e-02
2.999935798466944747e-02
2.999935798467018994e-02
2.999935798466812562e-02
2.999935798466953074e-02
2.999935798466882991e-02
2.999935798466953074e-02
2.999935798466973197e-02
2.999935798466865644e-02
2.999935798466953768e-02
2.999935798466879522e-02
2.999935798466914216e-02
2.999935798466798337e-02
2.999935798466904155e-02
2.999935798466878828e-02
2.999935798467016218e-02
2.999935798466831643e-02
2.999935798466943707e-02
2.999935798466888542e-02
2.999935798466905543e-02
2.999935798467063749e-02
2.999935798467015524e-02
2.999935798466844827e-02
2.999935798466980483e-02
2.999935798466976666e-02
2.999935798466902767e-02
2.999935798467010667e-02
2.999935798466948564e-02
2.999935798466872930e-02
2.999935798466892706e-02
2.999935798466988462e-02
2.999935798466951686e-02
2.999935798466819847e-02
2.999935798466757050e-02
2.999935798466804929e-02
2.999935798466964176e-02
2.999935798466882297e-02
2.999935798466957237e-02
2.999935798466821582e-02
2.999935798467037729e-02
2.999935798466871542e-02
2.999935798466854542e-02
2.999935798466891318e-02
2.999935798466892706e-02
2.999935798466939890e-02
2.999935798466875359e-02
2.999935798466937115e-02
2.999935798466862175e-02
2.999935798467029402e-02
2.999935798466927747e-02
2.999935798466775438e-02
2.999935798466906237e-02
2.999935798466856623e-02
2.999935798466856970e-02
2.999935798466811174e-02
2.999935798466956544e-02
2.999935798466739009e-02
2.999935798466759826e-02
2.999935798466943707e-02
2.999935798466904155e-02
2.999935798466989156e-02
2.999935798466889236e-02
2.999935798466739009e-02
2.999935798466923931e-02
2.999935798466874665e-02
2.999935798466979789e-02
2.999935798466922890e-02
2.999935798466914910e-02
2.999935798466804235e-02
2.999935798466949605e-02
2.999935798466959319e-02
2.999935798467047790e-02
2.999935798466804582e-02
2.999935798467021769e-02
2.999935798466885767e-02
2.999935798466762948e-02
2.999935798466936768e-02
2.999935798466809092e-02
2.999935798466916645e-02
2.999935798466942666e-02
2.999935798466946829e-02
2.999935798467023504e-02
2.999935798466750458e-02
2.999935798466909359e-02
2.999935798466830950e-02
2.999935798466931564e-02
2.999935798466838582e-02
2.999935798466939890e-02
2.999935798466951686e-02
2.999935798466982911e-02
2.999935798466986728e-02
2.999935798466924278e-02
2.999935798466929135e-02
2.999935798466932951e-02
2.999935798466949605e-02
2.999935798466868420e-02
2.999935798466962789e-02
2.999935798466799725e-02
2.999935798466840317e-02
2.999935798466993320e-02
2.999935798466910053e-02
2.999935798466953768e-02
2.999935798467012749e-02
2.999935798467041198e-02
2.999935798466875359e-02
2.999935798466688008e-02
2.999935798466754622e-02
2.999935798466835807e-02
2.999935798466829215e-02
2.999935798466872583e-02
2.999935798466843440e-02
2.999935798467002340e-02
2.999935798466837195e-02
2.999935798466960707e-02
2.999935798466906930e-02
2.999935798466839623e-02
2.999935798466952727e-02
2.999935798467028708e-02
2.999935798466884379e-02
2.999935798466801112e-02
2.999935798466968687e-02
2.999935798466935033e-02
2.999935798466919074e-02
2.999935798466809439e-02
2.999935798466935727e-02
2.999935798466872583e-02
2.999935798466767806e-02
2.999935798466862175e-02
2.999935798466813602e-02
2.999935798466910053e-02
2.999935798466859052e-02
2.999935798466939890e-02
2.999935798466789316e-02
2.999935798466835807e-02
2.999935798466744907e-02
2.999935798466914216e-02
2.999935798466946135e-02
2.999935798466868767e-02
2.999935798466849685e-02
2.999935798466906584e-02
2.999935798466944400e-02
2.999935798466740050e-02
2.999935798466856623e-02
2.999935798466702580e-02
2.999935798466815684e-02
2.999935798467048484e-02
2.999935798467052994e-02
2.999935798466947176e-02
2.999935798466825745e-02
2.999935798466816031e-02
2.999935798467011361e-02
2.999935798466963829e-02
2.999935798466946829e-02
2.999935798466944054e-02
2.999935798466785153e-02
2.999935798466923931e-02
2.999935798466945094e-02
2.999935798466907971e-02
2.999935798466904849e-02
2.999935798466902420e-02
2.999935798466896522e-02
2.999935798466902073e-02
2.999935798466769193e-02
2.999935798466855930e-02
2.999935798466862522e-02
2.999935798466944747e-02
2.999935798466837888e-02
2.999935798466855930e-02
2.999935798466945441e-02
2.999935798466866338e-02
2.999935798466868420e-02
2.999935798466893747e-02
2.999935798466832337e-02
2.999935798466972503e-02
2.999935798466927053e-02
2.999935798466695641e-02
2.999935798467031137e-02
2.999935798466759479e-02
2.999935798466891318e-02
2.999935798466915604e-02
2.999935798466869807e-02
2.999935798466876052e-02
2.999935798466798337e-02
2.999935798466864256e-02
2.999935798466915604e-02
2.999935798467021075e-02
2.999935798466896175e-02
2.999935798466900339e-02
2.999935798466953074e-02
2.999935798466950646e-02
2.999935798466899645e-02
2.999935798466875705e-02
2.999935798466907971e-02
2.999935798466956197e-02
2.999935798466974932e-02
2.999935798466963829e-02
2.999935798466927400e-02
2.999935798466967646e-02
2.999935798466860440e-02
2.999935798466876052e-02
2.999935798467062015e-02
2.999935798466867726e-02
2.999935798466992626e-02
2.999935798466693906e-02
2.999935798467037035e-02
2.999935798466962095e-02
2.999935798466988462e-02
2.999935798466808051e-02
2.999935798466928788e-02
2.999935798466991238e-02
2.999935798466948217e-02
2.999935798466879522e-02
2.999935798466831297e-02
2.999935798466879522e-02
2.999935798466980136e-02
2.999935798466835807e-02
2.999935798466863215e-02
2.999935798466819153e-02
2.999935798466866338e-02
2.999935798466979442e-02
2.999935798466923931e-02
2.999935798466892012e-02
2.999935798466873277e-02
2.999935798466986381e-02
2.999935798466784459e-02
2.999935798466927400e-02
2.999935798466889930e-02
2.999935798466996789e-02
2.999935798466939890e-02
2.999935798466717499e-02
2.999935798466783418e-02
2.999935798467018300e-02
2.999935798466944054e-02
2.999935798466800418e-02
2.999935798466849338e-02
2.999935798467091505e-02
2.999935798466778908e-02
2.999935798466749765e-02
2.999935798466693213e-02
2.999935798467027667e-02
2.999935798466802847e-02
2.999935798466802847e-02
2.999935798466892012e-02
2.999935798466954462e-02
2.999935798467039463e-02
2.999935798466685580e-02
2.999935798466780296e-02
2.999935798466857317e-02
2.999935798466973891e-02
2.999935798466842052e-02
2.999935798466730336e-02
2.999935798466937115e-02
2.999935798467040851e-02
2.999935798466944400e-02
2.999935798467092893e-02
2.999935798466943360e-02
2.999935798467039116e-02
2.999935798466992626e-02
2.999935798466989156e-02
2.999935798467075199e-02
2.999935798466823664e-02
2.999935798467109893e-02
2.999935798466872930e-02
2.999935798467115097e-02
2.999935798467039116e-02
2.999935798466790010e-02
2.999935798466640824e-02
2.999935798466959666e-02
2.999935798466779255e-02
2.999935798467351020e-02
2.999935798466557557e-02
2.999935798466852460e-02
2.999935798466753928e-02
2.999935798467362816e-02
2.999935798466933992e-02
2.999935798466638742e-02
2.999935798466870154e-02
2.999935798466994361e-02
2.999935798466788622e-02
2.999935798466577333e-02
2.999935798467114750e-02
2.999935798466730336e-02
2.999935798466750458e-02
2.999935798466885420e-02
2.999935798467022116e-02
2.999935798466669967e-02
2.999935798467145628e-02
2.999935798466779602e-02
2.999935798467045014e-02
2.999935798466880216e-02
2.999935798466868420e-02
2.999935798467211548e-02
2.999935798466842052e-02
2.999935798466826786e-02
2.999935798466894094e-02
2.999935798466964523e-02
2.999935798467036341e-02
2.999935798467222997e-02
2.999935798467121689e-02
2.999935798466901032e-02
2.999935798467031831e-02
2.999935798467001646e-02
2.999935798466779949e-02
2.999935798467180323e-02
2.999935798467015177e-02
2.999935798466932951e-02
2.999935798466625211e-02
2.999935798466575598e-02
2.999935798466559639e-02
2.999935798466794173e-02
2.999935798467048831e-02
2.999935798466867032e-02
2.999935798467044321e-02
2.999935798466965911e-02
2.999935798467100526e-02
2.999935798467037035e-02
2.999935798466877440e-02
2.999935798466970074e-02
2.999935798466701192e-02
2.999935798466737621e-02
2.999935798467119608e-02
2.999935798467439491e-02
2.999935798467278855e-02
