time H
0.000000000000000000e+00 2.999883265953824305e-02
1.000000000000000021e-02 2.999879630287590263e-02
2.000000000000000042e-02 2.999875994619614211e-02
2.999999999999999889e-02 2.999872359007426867e-02
4.000000000000000083e-02 2.999868723506901591e-02
5.000000000000000278e-02 2.999865088175306463e-02
5.999999999999999778e-02 2.999861453069637557e-02
7.000000000000000666e-02 2.999857818246490226e-02
8.000000000000000167e-02 2.999854183762353313e-02
8.999999999999999667e-02 2.999850549674452221e-02
1.000000000000000056e-01 2.999846916039526634e-02
1.100000000000000006e-01 2.999843282914482767e-02
1.199999999999999956e-01 2.999839650355922219e-02
1.300000000000000044e-01 2.999836018421218539e-02
1.400000000000000133e-01 2.999832387166228090e-02
1.499999999999999944e-01 2.999828756648743530e-02
1.600000000000000033e-01 2.999825126924901900e-02
1.700000000000000122e-01 2.999821498051591026e-02
1.799999999999999933e-01 2.999817870085059665e-02
1.900000000000000022e-01 2.999814243082589080e-02
2.000000000000000111e-01 2.999810617100860319e-02
2.099999999999999922e-01 2.999806992195684294e-02
2.200000000000000011e-01 2.999803368423974853e-02
2.300000000000000100e-01 2.999799745842023427e-02
2.399999999999999911e-01 2.999796124506912826e-02
2.500000000000000000e-01 2.999792504473421800e-02
2.600000000000000089e-01 2.999788885799246907e-02
2.700000000000000178e-01 2.999785268540661187e-02
2.800000000000000266e-01 2.999781652752062447e-02
2.899999999999999800e-01 2.999778038491205528e-02
2.999999999999999889e-01 2.999774425813217515e-02
3.099999999999999978e-01 2.999770814774242733e-02
3.200000000000000067e-01 2.999767205429838823e-02
3.300000000000000155e-01 2.999763597835534285e-02
3.400000000000000244e-01 2.999759992046678939e-02
3.500000000000000333e-01 2.999756388119366457e-02
3.599999999999999867e-01 2.999752786108073749e-02
3.699999999999999956e-01 2.999749186069107509e-02
3.800000000000000044e-01 2.999745588056627194e-02
3.900000000000000133e-01 2.999741992125858070e-02
4.000000000000000222e-01 2.999738398331610462e-02
4.100000000000000311e-01 2.999734806728291889e-02
4.199999999999999845e-01 2.999731217370287667e-02
4.299999999999999933e-01 2.999727630313007987e-02
4.400000000000000022e-01 2.999724045610263970e-02
4.500000000000000111e-01 2.999720463315471916e-02
4.600000000000000200e-01 2.999716883482854077e-02
4.700000000000000289e-01 2.999713306166550131e-02
4.799999999999999822e-01 2.999709731420433997e-02
4.899999999999999911e-01 2.999706159296558830e-02
5.000000000000000000e-01 2.999702589849652379e-02
5.100000000000000089e-01 2.999699023132228193e-02
5.200000000000000178e-01 2.999695459196867475e-02
5.300000000000000266e-01 2.999691898096740889e-02
5.400000000000000355e-01 2.999688339884504576e-02
5.500000000000000444e-01 2.999684784611821725e-02
5.600000000000000533e-01 2.999681232331291927e-02
5.700000000000000622e-01 2.999677683095099134e-02
5.799999999999999600e-01 2.999674136954258441e-02
5.899999999999999689e-01 2.999670593960569037e-02
5.999999999999999778e-01 2.999667054165558802e-02
6.099999999999999867e-01 2.999663517620246300e-02
6.199999999999999956e-01 2.999659984374802857e-02
6.300000000000000044e-01 2.999656454480685921e-02
6.400000000000000133e-01 2.999652927987717446e-02
6.500000000000000222e-01 2.999649404945885223e-02
6.600000000000000311e-01 2.999645885406440268e-02
6.700000000000000400e-01 2.999642369417188092e-02
6.800000000000000488e-01 2.999638857028615047e-02
6.900000000000000577e-01 2.999635348289630271e-02
7.000000000000000666e-01 2.999631843249285848e-02
7.099999999999999645e-01 2.999628341955581923e-02
7.199999999999999734e-01 2.999624844457489392e-02
7.299999999999999822e-01 2.999621350802866848e-02
7.399999999999999911e-01 2.999617861039714090e-02
7.500000000000000000e-01 2.999614375215583703e-02
7.600000000000000089e-01 2.999610893377177567e-02
7.700000000000000178e-01 2.999607415571763080e-02
7.800000000000000266e-01 2.999603941846718316e-02
7.900000000000000355e-01 2.999600472247423988e-02
8.000000000000000444e-01 2.999597006820258968e-02
8.100000000000000533e-01 2.999593545611123346e-02
8.200000000000000622e-01 2.999590088665610513e-02
8.300000000000000711e-01 2.999586636028922157e-02
8.399999999999999689e-01 2.999583187745568508e-02
8.499999999999999778e-01 2.999579743860284614e-02
8.599999999999999867e-01 2.999576304417259781e-02
8.699999999999999956e-01 2.999572869460293001e-02
8.800000000000000044e-01 2.999569439033459434e-02
8.900000000000000133e-01 2.999566013179173068e-02
9.000000000000000222e-01 2.999562591941406023e-02
9.100000000000000311e-01 2.999559175361371510e-02
9.200000000000000400e-01 2.999555763482260329e-02
9.300000000000000488e-01 2.999552356345769333e-02
9.400000000000000577e-01 2.999548953993900688e-02
9.500000000000000666e-01 2.999545556466359786e-02
9.599999999999999645e-01 2.999542163805467634e-02
9.699999999999999734e-01 2.999538776050713479e-02
9.799999999999999822e-01 2.999535393242911546e-02
9.899999999999999911e-01 2.999532015421355058e-02
1.000000000000000000e+00 2.999528642625459013e-02
1.010000000000000009e+00 2.999525274894298751e-02
1.020000000000000018e+00 2.999521912266554097e-02
1.030000000000000027e+00 2.999518554780576662e-02
1.040000000000000036e+00 2.999515202473474959e-02
1.050000000000000044e+00 2.999511855383571457e-02
1.060000000000000053e+00 2.999508513547558680e-02
1.070000000000000062e+00 2.999505177002119785e-02
1.080000000000000071e+00 2.999501845783560453e-02
1.090000000000000080e+00 2.999498519927546597e-02
1.100000000000000089e+00 2.999495199469728174e-02
1.110000000000000098e+00 2.999491884445603523e-02
1.120000000000000107e+00 2.999488574889493109e-02
1.130000000000000115e+00 2.999485270835314243e-02
1.140000000000000124e+00 2.999481972317507780e-02
1.150000000000000133e+00 2.999478679369133038e-02
1.159999999999999920e+00 2.999475392023178560e-02
1.169999999999999929e+00 2.999472110312455253e-02
1.179999999999999938e+00 2.999468834268960438e-02
1.189999999999999947e+00 2.999465563924572781e-02
1.199999999999999956e+00 2.999462299310310179e-02
1.209999999999999964e+00 2.999459040457466696e-02
1.219999999999999973e+00 2.999455787396005518e-02
1.229999999999999982e+00 2.999452540156485186e-02
1.239999999999999991e+00 2.999449298767960237e-02
1.250000000000000000e+00 2.999446063259670822e-02
1.260000000000000009e+00 2.999442833660349167e-02
1.270000000000000018e+00 2.999439609998164752e-02
1.280000000000000027e+00 2.999436392300797866e-02
1.290000000000000036e+00 2.999433180595680037e-02
1.300000000000000044e+00 2.999429974909468416e-02
1.310000000000000053e+00 2.999426775269224688e-02
1.320000000000000062e+00 2.999423581700084301e-02
1.330000000000000071e+00 2.999420394228046599e-02
1.340000000000000080e+00 2.999417212877886901e-02
1.350000000000000089e+00 2.999414037673969746e-02
1.360000000000000098e+00 2.999410868640609712e-02
1.370000000000000107e+00 2.999407705801423324e-02
1.380000000000000115e+00 2.999404549179449098e-02
1.390000000000000124e+00 2.999401398797301235e-02
1.400000000000000133e+00 2.999398254677386466e-02
1.409999999999999920e+00 2.999395116841290648e-02
1.419999999999999929e+00 2.999391985310044528e-02
1.429999999999999938e+00 2.999388860104675730e-02
1.439999999999999947e+00 2.999385741245251535e-02
1.449999999999999956e+00 2.999382628751608507e-02
1.459999999999999964e+00 2.999379522642763723e-02
1.469999999999999973e+00 2.999376422938228662e-02
1.479999999999999982e+00 2.999373329655491416e-02
1.489999999999999991e+00 2.999370242812703785e-02
1.500000000000000000e+00 2.999367162427388211e-02
1.510000000000000009e+00 2.999364088516047466e-02
1.520000000000000018e+00 2.999361021095312690e-02
1.530000000000000027e+00 2.999357960180484145e-02
1.540000000000000036e+00 2.999354905786996012e-02
1.550000000000000044e+00 2.999351857930429577e-02
1.560000000000000053e+00 2.999348816624478747e-02
1.570000000000000062e+00 2.999345781883049414e-02
1.580000000000000071e+00 2.999342753719317495e-02
1.590000000000000080e+00 2.999339732146304865e-02
1.600000000000000089e+00 2.999336717176435269e-02
1.610000000000000098e+00 2.999333708820949018e-02
1.620000000000000107e+00 2.999330707091790033e-02
1.630000000000000115e+00 2.999327711999748985e-02
1.640000000000000124e+00 2.999324723554602432e-02
1.650000000000000133e+00 2.999321741766316357e-02
1.660000000000000142e+00 2.999318766644199288e-02
1.669999999999999929e+00 2.999315798197024763e-02
1.679999999999999938e+00 2.999312836432820734e-02
1.689999999999999947e+00 2.999309881359848648e-02
1.699999999999999956e+00 2.999306932984766375e-02
1.709999999999999964e+00 2.999303991314488521e-02
1.719999999999999973e+00 2.999301056354983230e-02
1.729999999999999982e+00 2.999298128112133643e-02
1.739999999999999991e+00 2.999295206591122420e-02
1.750000000000000000e+00 2.999292291796504945e-02
1.760000000000000009e+00 2.999289383732182263e-02
1.770000000000000018e+00 2.999286482402168871e-02
1.780000000000000027e+00 2.999283587809097734e-02
1.790000000000000036e+00 2.999280699955930718e-02
1.800000000000000044e+00 2.999277818844420240e-02
1.810000000000000053e+00 2.999274944476574417e-02
1.820000000000000062e+00 2.999272076852817215e-02
1.830000000000000071e+00 2.999269215973975750e-02
1.840000000000000080e+00 2.999266361840064593e-02
1.850000000000000089e+00 2.999263514450640350e-02
1.860000000000000098e+00 2.999260673804361732e-02
1.870000000000000107e+00 2.999257839899770878e-02
1.880000000000000115e+00 2.999255012735053960e-02
1.890000000000000124e+00 2.999252192307221704e-02
1.900000000000000133e+00 2.999249378613566552e-02
1.910000000000000142e+00 2.999246571650224236e-02
1.919999999999999929e+00 2.999243771413176440e-02
1.929999999999999938e+00 2.999240977897765434e-02
1.939999999999999947e+00 2.999238191098863721e-02
1.949999999999999956e+00 2.999235411010996860e-02
1.959999999999999964e+00 2.999232637627518780e-02
1.969999999999999973e+00 2.999229870942202864e-02
1.979999999999999982e+00 2.999227110947802477e-02
1.989999999999999991e+00 2.999224357636371893e-02
2.000000000000000000e+00 2.999221611000021243e-02
2.010000000000000231e+00 2.999218871029794495e-02
2.020000000000000018e+00 2.999216137716669006e-02
2.030000000000000249e+00 2.999213411051307107e-02
2.040000000000000036e+00 2.999210691022572567e-02
2.049999999999999822e+00 2.999207977620399132e-02
2.060000000000000053e+00 2.999205270833523243e-02
2.069999999999999840e+00 2.999202570649996472e-02
2.080000000000000071e+00 2.999199877058015412e-02
2.089999999999999858e+00 2.999197190044534250e-02
2.100000000000000089e+00 2.999194509596597377e-02
2.109999999999999876e+00 2.999191835700018918e-02
2.120000000000000107e+00 2.999189168341771447e-02
2.129999999999999893e+00 2.999186507505934018e-02
2.140000000000000124e+00 2.999183853177970344e-02
2.149999999999999911e+00 2.999181205342076745e-02
2.160000000000000142e+00 2.999178563982226459e-02
2.169999999999999929e+00 2.999175929081714792e-02
2.180000000000000160e+00 2.999173300623762112e-02
2.189999999999999947e+00 2.999170678590472316e-02
2.200000000000000178e+00 2.999168062964086695e-02
2.209999999999999964e+00 2.999165453725631536e-02
2.220000000000000195e+00 2.999162850856441909e-02
2.229999999999999982e+00 2.999160254337226300e-02
2.240000000000000213e+00 2.999157664148077718e-02
2.250000000000000000e+00 2.999155080267984497e-02
2.260000000000000231e+00 2.999152502676802334e-02
2.270000000000000018e+00 2.999149931352752818e-02
2.280000000000000249e+00 2.999147366274407256e-02
2.290000000000000036e+00 2.999144807419460573e-02
2.300000000000000266e+00 2.999142254765114340e-02
2.310000000000000053e+00 2.999139708288217632e-02
2.319999999999999840e+00 2.999137167965163983e-02
2.330000000000000071e+00 2.999134633771996516e-02
2.339999999999999858e+00 2.999132105684423899e-02
2.350000000000000089e+00 2.999129583677289171e-02
2.359999999999999876e+00 2.999127067725296247e-02
2.370000000000000107e+00 2.999124557802602953e-02
2.379999999999999893e+00 2.999122053883145067e-02
2.390000000000000124e+00 2.999119555940130480e-02
2.399999999999999911e+00 2.999117063946560302e-02
2.410000000000000142e+00 2.999114577874810450e-02
2.419999999999999929e+00 2.999112097697012244e-02
2.430000000000000160e+00 2.999109623384817180e-02
2.439999999999999947e+00 2.999107154909665812e-02
2.450000000000000178e+00 2.999104692241978676e-02
2.459999999999999964e+00 2.999102235352305718e-02
2.470000000000000195e+00 2.999099784210711855e-02
2.479999999999999982e+00 2.999097338787067718e-02
2.490000000000000213e+00 2.999094899049899177e-02
2.500000000000000000e+00 2.999092464968709792e-02
2.510000000000000231e+00 2.999090036511494611e-02
2.520000000000000018e+00 2.999087613646420764e-02
2.530000000000000249e+00 2.999085196340881693e-02
2.540000000000000036e+00 2.999082784562520990e-02
2.550000000000000266e+00 2.999080378277919207e-02
2.560000000000000053e+00 2.999077977453714489e-02
2.569999999999999840e+00 2.999075582055913888e-02
2.580000000000000071e+00 2.999073192050356190e-02
2.589999999999999858e+00 2.999070807402361150e-02
2.600000000000000089e+00 2.999068428076909210e-02
2.609999999999999876e+00 2.999066054038711238e-02
2.620000000000000107e+00 2.999063685252048930e-02
2.629999999999999893e+00 2.999061321681117942e-02
2.640000000000000124e+00 2.999058963289118196e-02
2.649999999999999911e+00 2.999056610039347454e-02
2.660000000000000142e+00 2.999054261895059414e-02
2.669999999999999929e+00 2.999051918818644580e-02
2.680000000000000160e+00 2.999049580772244344e-02
2.689999999999999947e+00 2.999047247718047982e-02
2.700000000000000178e+00 2.999044919617314953e-02
2.709999999999999964e+00 2.999042596431421986e-02
2.720000000000000195e+00 2.999040278121824568e-02
2.729999999999999982e+00 2.999037964648500545e-02
2.740000000000000213e+00 2.999035655972006470e-02
2.750000000000000000e+00 2.999033352052401027e-02
2.760000000000000231e+00 2.999031052849510451e-02
2.770000000000000018e+00 2.999028758322578106e-02
2.780000000000000249e+00 2.999026468430966014e-02
2.790000000000000036e+00 2.999024183133415511e-02
2.800000000000000266e+00 2.999021902388395236e-02
2.810000000000000053e+00 2.999019626154447032e-02
2.819999999999999840e+00 2.999017354389467427e-02
2.830000000000000071e+00 2.999015087051199249e-02
2.839999999999999858e+00 2.999012824096925975e-02
2.850000000000000089e+00 2.999010565484386617e-02
2.859999999999999876e+00 2.999008311170083332e-02
2.870000000000000107e+00 2.999006061110786464e-02
2.879999999999999893e+00 2.999003815262949943e-02
2.890000000000000124e+00 2.999001573583142538e-02
2.899999999999999911e+00 2.998999336026834245e-02
2.910000000000000142e+00 2.998997102550053293e-02
2.919999999999999929e+00 2.998994873108449394e-02
2.930000000000000160e+00 2.998992647656915922e-02
2.939999999999999947e+00 2.998990426150902749e-02
2.950000000000000178e+00 2.998988208544788037e-02
2.959999999999999964e+00 2.998985994793765958e-02
2.970000000000000195e+00 2.998983784851712298e-02
2.979999999999999982e+00 2.998981578673330303e-02
2.990000000000000213e+00 2.998979376212261919e-02
3.000000000000000000e+00 2.998977177422624402e-02
3.010000000000000231e+00 2.998974982257871652e-02
3.020000000000000018e+00 2.998972790671473529e-02
3.030000000000000249e+00 2.998970602616674377e-02
3.040000000000000036e+00 2.998968418046736931e-02
3.050000000000000266e+00 2.998966236914503772e-02
3.060000000000000053e+00 2.998964059172622848e-02
3.070000000000000284e+00 2.998961884773728229e-02
3.080000000000000071e+00 2.998959713670431779e-02
3.089999999999999858e+00 2.998957545814677147e-02
3.100000000000000089e+00 2.998955381158926320e-02
3.109999999999999876e+00 2.998953219655150354e-02
3.120000000000000107e+00 2.998951061255099998e-02
3.129999999999999893e+00 2.998948905910626961e-02
3.140000000000000124e+00 2.998946753573032004e-02
3.149999999999999911e+00 2.998944604194164754e-02
3.160000000000000142e+00 2.998942457725026906e-02
3.169999999999999929e+00 2.998940314117365391e-02
3.180000000000000160e+00 2.998938173321758979e-02
3.189999999999999947e+00 2.998936035289659005e-02
3.200000000000000178e+00 2.998933899971666095e-02
3.209999999999999964e+00 2.998931767318850639e-02
3.220000000000000195e+00 2.998929637281892019e-02
3.229999999999999982e+00 2.998927509811556702e-02
3.240000000000000213e+00 2.998925384858232984e-02
3.250000000000000000e+00 2.998923262372594351e-02
3.260000000000000231e+00 2.998921142305067955e-02
3.270000000000000018e+00 2.998919024605953276e-02
3.280000000000000249e+00 2.998916909225609814e-02
3.290000000000000036e+00 2.998914796114223943e-02
3.300000000000000266e+00 2.998912685222179103e-02
3.310000000000000053e+00 2.998910576499629749e-02
3.320000000000000284e+00 2.998908469896434045e-02
3.330000000000000071e+00 2.998906365363099638e-02
3.339999999999999858e+00 2.998904262849295607e-02
3.350000000000000089e+00 2.998902162305291247e-02
3.359999999999999876e+00 2.998900063680874639e-02
3.370000000000000107e+00 2.998897966926424713e-02
3.379999999999999893e+00 2.998895871991474893e-02
3.390000000000000124e+00 2.998893778826343740e-02
3.399999999999999911e+00 2.998891687380883173e-02
3.410000000000000142e+00 2.998889597605097074e-02
3.419999999999999929e+00 2.998887509448983774e-02
3.430000000000000160e+00 2.998885422862473255e-02
3.439999999999999947e+00 2.998883337795671400e-02
3.450000000000000178e+00 2.998881254198751053e-02
3.459999999999999964e+00 2.998879172021356315e-02
3.470000000000000195e+00 2.998877091213957014e-02
3.479999999999999982e+00 2.998875011726546969e-02
3.490000000000000213e+00 2.998872933509528702e-02
3.500000000000000000e+00 2.998870856512754826e-02
3.510000000000000231e+00 2.998868780686728824e-02
3.520000000000000018e+00 2.998866705981808808e-02
3.530000000000000249e+00 2.998864632348309522e-02
3.540000000000000036e+00 2.998862559736590466e-02
3.550000000000000266e+00 2.998860488097498250e-02
3.560000000000000053e+00 2.998858417381260535e-02
3.570000000000000284e+00 2.998856347538821077e-02
3.580000000000000071e+00 2.998854278520960565e-02
3.589999999999999858e+00 2.998852210278386832e-02
3.600000000000000089e+00 2.998850142762124471e-02
3.609999999999999876e+00 2.998848075923191484e-02
3.620000000000000107e+00 2.998846009712660687e-02
3.629999999999999893e+00 2.998843944082186380e-02
3.640000000000000124e+00 2.998841878982578396e-02
3.649999999999999911e+00 2.998839814365614198e-02
3.660000000000000142e+00 2.998837750183075065e-02
3.669999999999999929e+00 2.998835686386308597e-02
3.680000000000000160e+00 2.998833622927337544e-02
3.689999999999999947e+00 2.998831559758362297e-02
3.700000000000000178e+00 2.998829496831171074e-02
3.709999999999999964e+00 2.998827434098386840e-02
3.720000000000000195e+00 2.998825371512083698e-02
3.729999999999999982e+00 2.998823309025250294e-02
3.740000000000000213e+00 2.998821246590224407e-02
3.750000000000000000e+00 2.998819184160084889e-02
3.760000000000000231e+00 2.998817121688042431e-02
3.770000000000000018e+00 2.998815059127170335e-02
3.780000000000000249e+00 2.998812996430699068e-02
3.790000000000000036e+00 2.998810933552534946e-02
3.800000000000000266e+00 2.998808870446251218e-02
3.810000000000000053e+00 2.998806807065959937e-02
3.820000000000000284e+00 2.998804743365639583e-02
3.830000000000000071e+00 2.998802679299788360e-02
3.839999999999999858e+00 2.998800614822716079e-02
3.850000000000000089e+00 2.998798549889403198e-02
3.859999999999999876e+00 2.998796484454604658e-02
3.870000000000000107e+00 2.998794418473665901e-02
3.879999999999999893e+00 2.998792351901918493e-02
3.890000000000000124e+00 2.998790284694819244e-02
3.899999999999999911e+00 2.998788216808325607e-02
3.910000000000000142e+00 2.998786148198478302e-02
3.919999999999999929e+00 2.998784078821508520e-02
3.930000000000000160e+00 2.998782008633990234e-02
3.939999999999999947e+00 2.998779937592623707e-02
3.950000000000000178e+00 2.998777865654388836e-02
3.959999999999999964e+00 2.998775792776579158e-02
3.970000000000000195e+00 2.998773718916705397e-02
3.979999999999999982e+00 2.998771644032521139e-02
3.990000000000000213e+00 2.998769568081913889e-02
4.000000000000000000e+00 2.998767491023330428e-02
4.009999999999999787e+00 2.998765412815244252e-02
4.020000000000000462e+00 2.998763333416374494e-02
4.030000000000000249e+00 2.998761252785895823e-02
4.040000000000000036e+00 2.998759170883147362e-02
4.049999999999999822e+00 2.998757087667729485e-02
4.060000000000000497e+00 2.998755003099570771e-02
4.070000000000000284e+00 2.998752917138965135e-02
4.080000000000000071e+00 2.998750829746319943e-02
4.089999999999999858e+00 2.998748740882444322e-02
4.099999999999999645e+00 2.998746650508427730e-02
4.110000000000000320e+00 2.998744558585688530e-02
4.120000000000000107e+00 2.998742465075902863e-02
4.129999999999999893e+00 2.998740369941054612e-02
4.139999999999999680e+00 2.998738273143475991e-02
4.150000000000000355e+00 2.998736174645837832e-02
4.160000000000000142e+00 2.998734074411057993e-02
4.169999999999999929e+00 2.998731972402346457e-02
4.179999999999999716e+00 2.998729868583347932e-02
4.190000000000000391e+00 2.998727762918013129e-02
4.200000000000000178e+00 2.998725655370533538e-02
4.209999999999999964e+00 2.998723545905453147e-02
4.219999999999999751e+00 2.998721434487749277e-02
4.230000000000000426e+00 2.998719321082723988e-02
4.240000000000000213e+00 2.998717205655893753e-02
4.250000000000000000e+00 2.998715088173180970e-02
4.259999999999999787e+00 2.998712968600962536e-02
4.270000000000000462e+00 2.998710846905769389e-02
4.280000000000000249e+00 2.998708723054700764e-02
4.290000000000000036e+00 2.998706597015050879e-02
4.299999999999999822e+00 2.998704468754537916e-02
4.310000000000000497e+00 2.998702338241197862e-02
4.320000000000000284e+00 2.998700205443523975e-02
4.330000000000000071e+00 2.998698070330226353e-02
4.339999999999999858e+00 2.998695932870537248e-02
4.350000000000000533e+00 2.998693793034032384e-02
4.360000000000000320e+00 2.998691650790513349e-02
4.370000000000000107e+00 2.998689506110360434e-02
4.379999999999999893e+00 2.998687358964261668e-02
4.389999999999999680e+00 2.998685209323171535e-02
4.400000000000000355e+00 2.998683057158581591e-02
4.410000000000000142e+00 2.998680902442332069e-02
4.419999999999999929e+00 2.998678745146579963e-02
4.429999999999999716e+00 2.998676585243928785e-02
4.440000000000000391e+00 2.998674422707442444e-02
4.450000000000000178e+00 2.998672257510422157e-02
4.459999999999999964e+00 2.998670089626706559e-02
4.469999999999999751e+00 2.998667919030421902e-02
4.480000000000000426e+00 2.998665745696218327e-02
4.490000000000000213e+00 2.998663569599057874e-02
4.500000000000000000e+00 2.998661390714305042e-02
4.509999999999999787e+00 2.998659209017801378e-02
4.520000000000000462e+00 2.998657024485718720e-02
4.530000000000000249e+00 2.998654837094695200e-02
4.540000000000000036e+00 2.998652646821779039e-02
4.549999999999999822e+00 2.998650453644394892e-02
4.560000000000000497e+00 2.998648257540387913e-02
4.570000000000000284e+00 2.998646058488070587e-02
4.580000000000000071e+00 2.998643856466140858e-02
4.589999999999999858e+00 2.998641651453694962e-02
4.600000000000000533e+00 2.998639443430282936e-02
4.610000000000000320e+00 2.998637232375888501e-02
4.620000000000000107e+00 2.998635018270891933e-02
4.629999999999999893e+00 2.998632801096107886e-02
4.639999999999999680e+00 2.998630580832804121e-02
4.650000000000000355e+00 2.998628357462645999e-02
4.660000000000000142e+00 2.998626130967744358e-02
4.669999999999999929e+00 2.998623901330641980e-02
4.679999999999999716e+00 2.998621668534324006e-02
4.690000000000000391e+00 2.998619432562187395e-02
4.700000000000000178e+00 2.998617193398077710e-02
4.709999999999999964e+00 2.998614951026296743e-02
4.719999999999999751e+00 2.998612705431561928e-02
4.730000000000000426e+00 2.998610456599027155e-02
4.740000000000000213e+00 2.998608204514302197e-02
4.750000000000000000e+00 2.998605949163438145e-02
4.759999999999999787e+00 2.998603690532909358e-02
4.770000000000000462e+00 2.998601428609662042e-02
4.780000000000000249e+00 2.998599163381063942e-02
4.790000000000000036e+00 2.998596894834937299e-02
4.799999999999999822e+00 2.998594622959555381e-02
4.810000000000000497e+00 2.998592347743618894e-02
4.820000000000000284e+00 2.998590069176303510e-02
4.830000000000000071e+00 2.998587787247208869e-02
4.839999999999999858e+00 2.998585501946396045e-02
4.850000000000000533e+00 2.998583213264367081e-02
4.860000000000000320e+00 2.998580921192091353e-02
4.870000000000000107e+00 2.998578625720971225e-02
4.879999999999999893e+00 2.998576326842862863e-02
4.889999999999999680e+00 2.998574024550078321e-02
4.900000000000000355e+00 2.998571718835381025e-02
4.910000000000000142e+00 2.998569409691985432e-02
4.919999999999999929e+00 2.998567097113557720e-02
4.929999999999999716e+00 2.998564781094218909e-02
4.940000000000000391e+00 2.998562461628541745e-02
4.950000000000000178e+00 2.998560138711552081e-02
4.959999999999999964e+00 2.998557812338732004e-02
4.969999999999999751e+00 2.998555482506015321e-02
4.980000000000000426e+00 2.998553149209787910e-02
4.990000000000000213e+00 2.998550812446891187e-02
5.000000000000000000e+00 2.998548472214620370e-02
5.009999999999999787e+00 2.998546128510725176e-02
5.020000000000000462e+00 2.998543781333408084e-02
5.030000000000000249e+00 2.998541430681326767e-02
5.040000000000000036e+00 2.998539076553588881e-02
5.049999999999999822e+00 2.998536718949761093e-02
5.060000000000000497e+00 2.998534357869859709e-02
5.070000000000000284e+00 2.998531993314354493e-02
5.080000000000000071e+00 2.998529625284169706e-02
5.089999999999999858e+00 2.998527253780679941e-02
5.100000000000000533e+00 2.998524878805712210e-02
5.110000000000000320e+00 2.998522500361545245e-02
5.120000000000000107e+00 2.998520118450914707e-02
5.129999999999999893e+00 2.998517733076997219e-02
5.139999999999999680e+00 2.998515344243426681e-02
5.150000000000000355e+00 2.998512951954283162e-02
5.160000000000000142e+00 2.998510556214103659e-02
5.169999999999999929e+00 2.998508157027863358e-02
5.179999999999999716e+00 2.998505754400990556e-02
5.190000000000000391e+00 2.998503348339364924e-02
5.200000000000000178e+00 2.998500938849307101e-02
5.209999999999999964e+00 2.998498525937586326e-02
5.219999999999999751e+00 2.998496109611408986e-02
5.230000000000000426e+00 2.998493689878450885e-02
5.240000000000000213e+00 2.998491266746798958e-02
5.250000000000000000e+00 2.998488840224998800e-02
5.259999999999999787e+00 2.998486410322045992e-02
5.270000000000000462e+00 2.998483977047351062e-02
5.280000000000000249e+00 2.998481540410804363e-02
5.290000000000000036e+00 2.998479100422697316e-02
5.299999999999999822e+00 2.998476657093776879e-02
5.310000000000000497e+00 2.998474210435224038e-02
5.320000000000000284e+00 2.998471760458651381e-02
5.330000000000000071e+00 2.998469307176117316e-02
5.339999999999999858e+00 2.998466850600101791e-02
5.350000000000000533e+00 2.998464390743522251e-02
5.360000000000000320e+00 2.998461927619737455e-02
5.370000000000000107e+00 2.998459461242486412e-02
5.379999999999999893e+00 2.998456991626004958e-02
5.389999999999999680e+00 2.998454518784923056e-02
5.400000000000000355e+00 2.998452042734287004e-02
5.410000000000000142e+00 2.998449563489596903e-02
5.419999999999999929e+00 2.998447081066734840e-02
5.429999999999999716e+00 2.998444595482031155e-02
5.440000000000000391e+00 2.998442106752243624e-02
5.450000000000000178e+00 2.998439614894495703e-02
5.459999999999999964e+00 2.998437119926411140e-02
5.469999999999999751e+00 2.998434621865965141e-02
5.480000000000000426e+00 2.998432120731562775e-02
5.490000000000000213e+00 2.998429616542004628e-02
5.500000000000000000e+00 2.998427109316566599e-02
5.509999999999999787e+00 2.998424599074834412e-02
5.520000000000000462e+00 2.998422085836877082e-02
5.530000000000000249e+00 2.998419569623132080e-02
5.540000000000000036e+00 2.998417050454437599e-02
5.549999999999999822e+00 2.998414528352075573e-02
5.560000000000000497e+00 2.998412003337682166e-02
5.570000000000000284e+00 2.998409475433270674e-02
5.580000000000000071e+00 2.998406944661304030e-02
5.589999999999999858e+00 2.998404411044627849e-02
5.600000000000000533e+00 2.998401874606451689e-02
5.610000000000000320e+00 2.998399335370398322e-02
5.620000000000000107e+00 2.998396793360442666e-02
5.629999999999999893e+00 2.998394248600971812e-02
5.639999999999999680e+00 2.998391701116811039e-02
5.650000000000000355e+00 2.998389150933029879e-02
5.660000000000000142e+00 2.998386598075189480e-02
5.669999999999999929e+00 2.998384042569204183e-02
5.679999999999999716e+00 2.998381484441274905e-02
5.690000000000000391e+00 2.998378923718132347e-02
5.700000000000000178e+00 2.998376360426791010e-02
5.709999999999999964e+00 2.998373794594558911e-02
5.719999999999999751e+00 2.998371226249226668e-02
5.730000000000000426e+00 2.998368655418916923e-02
5.740000000000000213e+00 2.998366082132127020e-02
5.750000000000000000e+00 2.998363506417577040e-02
5.759999999999999787e+00 2.998360928304499157e-02
5.770000000000000462e+00 2.998358347822428077e-02
5.780000000000000249e+00 2.998355765001196188e-02
5.790000000000000036e+00 2.998353179871111884e-02
5.799999999999999822e+00 2.998350592462720524e-02
5.810000000000000497e+00 2.998348002806921347e-02
5.820000000000000284e+00 2.998345410934954991e-02
5.830000000000000071e+00 2.998342816878431238e-02
5.839999999999999858e+00 2.998340220669219042e-02
5.850000000000000533e+00 2.998337622339650177e-02
5.860000000000000320e+00 2.998335021922206994e-02
5.870000000000000107e+00 2.998332419449851322e-02
5.879999999999999893e+00 2.998329814955853767e-02
5.889999999999999680e+00 2.998327208473688249e-02
5.900000000000000355e+00 2.998324600037238080e-02
5.910000000000000142e+00 2.998321989680695354e-02
5.919999999999999929e+00 2.998319377438573435e-02
5.929999999999999716e+00 2.998316763345570263e-02
5.940000000000000391e+00 2.998314147436880253e-02
5.950000000000000178e+00 2.998311529747831744e-02
5.959999999999999964e+00 2.998308910314227693e-02
5.969999999999999751e+00 2.998306289171994571e-02
5.980000000000000426e+00 2.998303666357449160e-02
5.990000000000000213e+00 2.998301041907155962e-02
6.000000000000000000e+00 2.998298415858004218e-02
6.009999999999999787e+00 2.998295788247099664e-02
6.020000000000000462e+00 2.998293159111952572e-02
6.030000000000000249e+00 2.998290528490191870e-02
6.040000000000000036e+00 2.998287896419817716e-02
6.049999999999999822e+00 2.998285262939044682e-02
6.060000000000000497e+00 2.998282628086516508e-02
6.070000000000000284e+00 2.998279991900866873e-02
6.080000000000000071e+00 2.998277354421279017e-02
6.089999999999999858e+00 2.998274715687029163e-02
6.100000000000000533e+00 2.998272075737577064e-02
6.110000000000000320e+00 2.998269434612892831e-02
6.120000000000000107e+00 2.998266792352882737e-02
6.129999999999999893e+00 2.998264148997831918e-02
6.140000000000000568e+00 2.998261504588480009e-02
6.150000000000000355e+00 2.998258859165407395e-02
6.160000000000000142e+00 2.998256212769623286e-02
6.169999999999999929e+00 2.998253565442580981e-02
6.179999999999999716e+00 2.998250917225590492e-02
6.190000000000000391e+00 2.998248268160267488e-02
6.200000000000000178e+00 2.998245618288675196e-02
6.209999999999999964e+00 2.998242967652908417e-02
6.219999999999999751e+00 2.998240316295305852e-02
6.230000000000000426e+00 2.998237664258295715e-02
6.240000000000000213e+00 2.998235011584802351e-02
6.250000000000000000e+00 2.998232358317683838e-02
6.259999999999999787e+00 2.998229704500179893e-02
6.270000000000000462e+00 2.998227050175511152e-02
6.280000000000000249e+00 2.998224395387330543e-02
6.290000000000000036e+00 2.998221740179340261e-02
6.299999999999999822e+00 2.998219084595326114e-02
6.310000000000000497e+00 2.998216428679591899e-02
6.320000000000000284e+00 2.998213772476222144e-02
6.330000000000000071e+00 2.998211116029898121e-02
6.339999999999999858e+00 2.998208459384895525e-02
6.350000000000000533e+00 2.998205802586078120e-02
6.360000000000000320e+00 2.998203145678592779e-02
6.370000000000000107e+00 2.998200488707157205e-02
6.379999999999999893e+00 2.998197831717346051e-02
6.390000000000000568e+00 2.998195174754433173e-02
6.400000000000000355e+00 2.998192517863831202e-02
6.410000000000000142e+00 2.998189861091352798e-02
6.419999999999999929e+00 2.998187204482754067e-02
6.429999999999999716e+00 2.998184548083878201e-02
6.440000000000000391e+00 2.998181891941044050e-02
6.450000000000000178e+00 2.998179236100403586e-02
6.459999999999999964e+00 2.998176580607868347e-02
6.469999999999999751e+00 2.998173925510343174e-02
6.480000000000000426e+00 2.998171270854121592e-02
6.490000000000000213e+00 2.998168616686120586e-02
6.500000000000000000e+00 2.998165963052818947e-02
6.509999999999999787e+00 2.998163310001066006e-02
6.520000000000000462e+00 2.998160657578040345e-02
6.530000000000000249e+00 2.998158005830659639e-02
6.540000000000000036e+00 2.998155354806064307e-02
6.549999999999999822e+00 2.998152704551418010e-02
6.560000000000000497e+00 2.998150055114163354e-02
6.570000000000000284e+00 2.998147406541607288e-02
6.580000000000000071e+00 2.998144758881247235e-02
6.589999999999999858e+00 2.998142112180585475e-02
6.600000000000000533e+00 2.998139466486960530e-02
6.610000000000000320e+00 2.998136821848446099e-02
6.620000000000000107e+00 2.998134178312482703e-02
6.629999999999999893e+00 2.998131535926843241e-02
6.640000000000000568e+00 2.998128894739287079e-02
6.650000000000000355e+00 2.998126254797769258e-02
6.660000000000000142e+00 2.998123616150037002e-02
6.669999999999999929e+00 2.998120978844254561e-02
6.679999999999999716e+00 2.998118342927966889e-02
6.690000000000000391e+00 2.998115708449390279e-02
6.700000000000000178e+00 2.998113075456458609e-02
6.709999999999999964e+00 2.998110443997182434e-02
6.719999999999999751e+00 2.998107814119521652e-02
6.730000000000000426e+00 2.998105185871658557e-02
6.740000000000000213e+00 2.998102559301512454e-02
6.750000000000000000e+00 2.998099934456995713e-02
6.759999999999999787e+00 2.998097311386422117e-02
6.770000000000000462e+00 2.998094690137625279e-02
6.780000000000000249e+00 2.998092070758503688e-02
6.790000000000000036e+00 2.998089453297391252e-02
6.799999999999999822e+00 2.998086837801809332e-02
6.810000000000000497e+00 2.998084224319946811e-02
6.820000000000000284e+00 2.998081612899671650e-02
6.830000000000000071e+00 2.998079003589143934e-02
6.839999999999999858e+00 2.998076396435727514e-02
6.850000000000000533e+00 2.998073791487332329e-02
6.860000000000000320e+00 2.998071188791948116e-02
6.870000000000000107e+00 2.998068588396903683e-02
6.879999999999999893e+00 2.998065990350205420e-02
6.890000000000000568e+00 2.998063394699199136e-02
6.900000000000000355e+00 2.998060801491566132e-02
6.910000000000000142e+00 2.998058210774660892e-02
6.919999999999999929e+00 2.998055622595718894e-02
6.929999999999999716e+00 2.998053037002187601e-02
6.940000000000000391e+00 2.998050454041338228e-02
6.950000000000000178e+00 2.998047873760057228e-02
6.959999999999999964e+00 2.998045296205652591e-02
6.969999999999999751e+00 2.998042721424636070e-02
6.980000000000000426e+00 2.998040149464294146e-02
6.990000000000000213e+00 2.998037580371274574e-02
7.000000000000000000e+00 2.998035014192141842e-02
7.009999999999999787e+00 2.998032450973217924e-02
7.020000000000000462e+00 2.998029890761195679e-02
7.030000000000000249e+00 2.998027333602127156e-02
7.040000000000000036e+00 2.998024779542396087e-02
7.049999999999999822e+00 2.998022228627670802e-02
7.060000000000000497e+00 2.998019680904091475e-02
7.070000000000000284e+00 2.998017136417446479e-02
7.080000000000000071e+00 2.998014595213151917e-02
7.089999999999999858e+00 2.998012057336735259e-02
7.100000000000000533e+00 2.998009522833603585e-02
7.110000000000000320e+00 2.998006991748827094e-02
7.120000000000000107e+00 2.998004464127335816e-02
7.129999999999999893e+00 2.998001940013937661e-02
7.140000000000000568e+00 2.997999419453362124e-02
7.150000000000000355e+00 2.997996902490138518e-02
7.160000000000000142e+00 2.997994389168517904e-02
7.169999999999999929e+00 2.997991879532592441e-02
7.179999999999999716e+00 2.997989373626261389e-02
7.190000000000000391e+00 2.997986871493384803e-02
7.200000000000000178e+00 2.997984373177413342e-02
7.209999999999999964e+00 2.997981878721812932e-02
7.219999999999999751e+00 2.997979388169590143e-02
7.230000000000000426e+00 2.997976901563818158e-02
7.240000000000000213e+00 2.997974418947135788e-02
7.250000000000000000e+00 2.997971940362098228e-02
7.259999999999999787e+00 2.997969465851103160e-02
7.270000000000000462e+00 2.997966995456192649e-02
7.280000000000000249e+00 2.997964529219125998e-02
7.290000000000000036e+00 2.997962067181585838e-02
7.299999999999999822e+00 2.997959609384923119e-02
7.310000000000000497e+00 2.997957155870203602e-02
7.320000000000000284e+00 2.997954706678608930e-02
7.330000000000000071e+00 2.997952261850557812e-02
7.339999999999999858e+00 2.997949821426359671e-02
7.350000000000000533e+00 2.997947385446353766e-02
7.360000000000000320e+00 2.997944953950530678e-02
7.370000000000000107e+00 2.997942526978124647e-02
7.379999999999999893e+00 2.997940104568818515e-02
7.390000000000000568e+00 2.997937686761808010e-02
7.400000000000000355e+00 2.997935273595490890e-02
7.410000000000000142e+00 2.997932865108466488e-02
7.419999999999999929e+00 2.997930461339178704e-02
7.429999999999999716e+00 2.997928062325705065e-02
7.440000000000000391e+00 2.997925668105371269e-02
7.450000000000000178e+00 2.997923278715818735e-02
7.459999999999999964e+00 2.997920894193710495e-02
7.469999999999999751e+00 2.997918514576388554e-02
7.480000000000000426e+00 2.997916139899766894e-02
7.490000000000000213e+00 2.997913770200560588e-02
7.500000000000000000e+00 2.997911405514115668e-02
7.509999999999999787e+00 2.997909045876225725e-02
7.520000000000000462e+00 2.997906691322010930e-02
7.530000000000000249e+00 2.997904341886233059e-02
7.540000000000000036e+00 2.997901997603767688e-02
7.549999999999999822e+00 2.997899658508489454e-02
7.560000000000000497e+00 2.997897324634517940e-02
7.570000000000000284e+00 2.997894996015227839e-02
7.580000000000000071e+00 2.997892672683800247e-02
7.589999999999999858e+00 2.997890354673285809e-02
7.600000000000000533e+00 2.997888042016112059e-02
7.610000000000000320e+00 2.997885734744223235e-02
7.620000000000000107e+00 2.997883432889585781e-02
7.629999999999999893e+00 2.997881136483700193e-02
7.640000000000000568e+00 2.997878845557598246e-02
7.650000000000000355e+00 2.997876560141659458e-02
7.660000000000000142e+00 2.997874280266725477e-02
7.669999999999999929e+00 2.997872005962500669e-02
7.679999999999999716e+00 2.997869737258574557e-02
7.690000000000000391e+00 2.997867474184186601e-02
7.700000000000000178e+00 2.997865216768039187e-02
7.709999999999999964e+00 2.997862965038622721e-02
7.719999999999999751e+00 2.997860719024229154e-02
7.730000000000000426e+00 2.997858478751989214e-02
7.740000000000000213e+00 2.997856244249686233e-02
7.750000000000000000e+00 2.997854015543999565e-02
7.759999999999999787e+00 2.997851792661182166e-02
7.770000000000000462e+00 2.997849575627694468e-02
7.780000000000000249e+00 2.997847364468570266e-02
7.790000000000000036e+00 2.997845159209824861e-02
7.799999999999999822e+00 2.997842959875613236e-02
7.810000000000000497e+00 2.997840766490744713e-02
7.820000000000000284e+00 2.997838579078820204e-02
7.830000000000000071e+00 2.997836397663813587e-02
7.839999999999999858e+00 2.997834222268650622e-02
7.850000000000000533e+00 2.997832052915924000e-02
7.860000000000000320e+00 2.997829889628154942e-02
7.870000000000000107e+00 2.997827732427257169e-02
7.879999999999999893e+00 2.997825581334229161e-02
7.890000000000000568e+00 2.997823436370468386e-02
7.900000000000000355e+00 2.997821297556463316e-02
7.910000000000000142e+00 2.997819164911944001e-02
7.919999999999999929e+00 2.997817038456918742e-02
7.930000000000000604e+00 2.997814918210488580e-02
7.940000000000000391e+00 2.997812804191294159e-02
7.950000000000000178e+00 2.997810696417920612e-02
7.959999999999999964e+00 2.997808594908021179e-02
7.969999999999999751e+00 2.997806499678971892e-02
7.980000000000000426e+00 2.997804410747692203e-02
7.990000000000000213e+00 2.997802328130701188e-02
8.000000000000000000e+00 2.997800251844165431e-02
8.009999999999999787e+00 2.997798181903262027e-02
8.019999999999999574e+00 2.997796118323402953e-02
8.029999999999999361e+00 2.997794061118932291e-02
8.040000000000000924e+00 2.997792010304093507e-02
8.050000000000000711e+00 2.997789965892566633e-02
8.060000000000000497e+00 2.997787927897770099e-02
8.070000000000000284e+00 2.997785896331962158e-02
8.080000000000000071e+00 2.997783871207283790e-02
8.089999999999999858e+00 2.997781852536303415e-02
8.099999999999999645e+00 2.997779840329383924e-02
8.109999999999999432e+00 2.997777834597845428e-02
8.120000000000000995e+00 2.997775835351969634e-02
8.130000000000000782e+00 2.997773842601381827e-02
8.140000000000000568e+00 2.997771856355349943e-02
8.150000000000000355e+00 2.997769876622786295e-02
8.160000000000000142e+00 2.997767903411973495e-02
8.169999999999999929e+00 2.997765936731105682e-02
8.179999999999999716e+00 2.997763976586903523e-02
8.189999999999999503e+00 2.997762022987126782e-02
8.199999999999999289e+00 2.997760075937184673e-02
8.210000000000000853e+00 2.997758135443576860e-02
8.220000000000000639e+00 2.997756201511694862e-02
8.230000000000000426e+00 2.997754274145704098e-02
8.240000000000000213e+00 2.997752353350807003e-02
8.250000000000000000e+00 2.997750439130334593e-02
8.259999999999999787e+00 2.997748531487593945e-02
8.269999999999999574e+00 2.997746630426073589e-02
8.279999999999999361e+00 2.997744735947529757e-02
8.290000000000000924e+00 2.997742848054053832e-02
8.300000000000000711e+00 2.997740966746807040e-02
8.310000000000000497e+00 2.997739092026772273e-02
8.320000000000000284e+00 2.997737223894342967e-02
8.330000000000000071e+00 2.997735362349258914e-02
8.339999999999999858e+00 2.997733507390695426e-02
8.349999999999999645e+00 2.997731659017403155e-02
8.359999999999999432e+00 2.997729817228016180e-02
8.370000000000000995e+00 2.997727982020178400e-02
8.380000000000000782e+00 2.997726153390979295e-02
8.390000000000000568e+00 2.997724331337277975e-02
8.400000000000000355e+00 2.997722515855331255e-02
8.410000000000000142e+00 2.997720706940822100e-02
8.419999999999999929e+00 2.997718904589102493e-02
8.429999999999999716e+00 2.997717108794561991e-02
8.439999999999999503e+00 2.997715319551846544e-02
8.449999999999999289e+00 2.997713536854550165e-02
8.460000000000000853e+00 2.997711760695306524e-02
8.470000000000000639e+00 2.997709991067300239e-02
8.480000000000000426e+00 2.997708227962526950e-02
8.490000000000000213e+00 2.997706471372561104e-02
8.500000000000000000e+00 2.997704721288787372e-02
8.509999999999999787e+00 2.997702977701507954e-02
8.519999999999999574e+00 2.997701240600932071e-02
8.529999999999999361e+00 2.997699509976668383e-02
8.540000000000000924e+00 2.997697785817700356e-02
8.550000000000000711e+00 2.997696068112587486e-02
8.560000000000000497e+00 2.997694356849535391e-02
8.570000000000000284e+00 2.997692652016000978e-02
8.580000000000000071e+00 2.997690953599057087e-02
8.589999999999999858e+00 2.997689261585381390e-02
8.599999999999999645e+00 2.997687575960671785e-02
8.609999999999999432e+00 2.997685896710522435e-02
8.620000000000000995e+00 2.997684223819918614e-02
8.630000000000000782e+00 2.997682557273662410e-02
8.640000000000000568e+00 2.997680897055789856e-02
8.650000000000000355e+00 2.997679243149314887e-02
8.660000000000000142e+00 2.997677595537336787e-02
8.669999999999999929e+00 2.997675954202956919e-02
8.679999999999999716e+00 2.997674319127411474e-02
8.689999999999999503e+00 2.997672690292571898e-02
8.700000000000001066e+00 2.997671067679411397e-02
8.710000000000000853e+00 2.997669451268395249e-02
8.720000000000000639e+00 2.997667841039580033e-02
8.730000000000000426e+00 2.997666236972464093e-02
8.740000000000000213e+00 2.997664639046165869e-02
8.750000000000000000e+00 2.997663047239086664e-02
8.759999999999999787e+00 2.997661461529384924e-02
8.769999999999999574e+00 2.997659881894398914e-02
8.779999999999999361e+00 2.997658308311618169e-02
8.790000000000000924e+00 2.997656740756920318e-02
8.800000000000000711e+00 2.997655179207254356e-02
8.810000000000000497e+00 2.997653623637832818e-02
8.820000000000000284e+00 2.997652074023861302e-02
8.830000000000000071e+00 2.997650530339775188e-02
8.839999999999999858e+00 2.997648992560121226e-02
8.849999999999999645e+00 2.997647460658627028e-02
8.859999999999999432e+00 2.997645934608270113e-02
8.870000000000000995e+00 2.997644414381871181e-02
8.880000000000000782e+00 2.997642899951873802e-02
8.890000000000000568e+00 2.997641391290242763e-02
8.900000000000000355e+00 2.997639888368162572e-02
8.910000000000000142e+00 2.997638391156650511e-02
8.919999999999999929e+00 2.997636899626184362e-02
8.929999999999999716e+00 2.997635413746318339e-02
8.939999999999999503e+00 2.997633933487220403e-02
8.950000000000001066e+00 2.997632458817956619e-02
8.960000000000000853e+00 2.997630989706894650e-02
8.970000000000000639e+00 2.997629526122730370e-02
8.980000000000000426e+00 2.997628068032491197e-02
8.990000000000000213e+00 2.997626615404129849e-02
9.000000000000000000e+00 2.997625168204057222e-02
9.009999999999999787e+00 2.997623726398928809e-02
9.019999999999999574e+00 2.997622289955018463e-02
9.029999999999999361e+00 2.997620858837655305e-02
9.040000000000000924e+00 2.997619433012060908e-02
9.050000000000000711e+00 2.997618012442838237e-02
9.060000000000000497e+00 2.997616597094376889e-02
9.070000000000000284e+00 2.997615186930774334e-02
9.080000000000000071e+00 2.997613781915314801e-02
9.089999999999999858e+00 2.997612382011047294e-02
9.099999999999999645e+00 2.997610987180795994e-02
9.109999999999999432e+00 2.997609597386311289e-02
9.120000000000000995e+00 2.997608212590374341e-02
9.130000000000000782e+00 2.997606832753650294e-02
9.140000000000000568e+00 2.997605457837126952e-02
9.150000000000000355e+00 2.997604087801886488e-02
9.160000000000000142e+00 2.997602722607870668e-02
9.169999999999999929e+00 2.997601362215354323e-02
9.179999999999999716e+00 2.997600006583406307e-02
9.189999999999999503e+00 2.997598655671782075e-02
9.200000000000001066e+00 2.997597309438324031e-02
9.210000000000000853e+00 2.997595967841788084e-02
9.220000000000000639e+00 2.997594630840328886e-02
9.230000000000000426e+00 2.997593298391324976e-02
9.240000000000000213e+00 2.997591970452344670e-02
9.250000000000000000e+00 2.997590646979633039e-02
9.259999999999999787e+00 2.997589327930453088e-02
9.269999999999999574e+00 2.997588013260712309e-02
9.279999999999999361e+00 2.997586702926268581e-02
9.290000000000000924e+00 2.997585396882589473e-02
9.300000000000000711e+00 2.997584095084972200e-02
9.310000000000000497e+00 2.997582797488119663e-02
9.320000000000000284e+00 2.997581504046064466e-02
9.330000000000000071e+00 2.997580214713693736e-02
9.339999999999999858e+00 2.997578929444370821e-02
9.349999999999999645e+00 2.997577648192071773e-02
9.359999999999999432e+00 2.997576370909464660e-02
9.370000000000000995e+00 2.997575097549918383e-02
9.380000000000000782e+00 2.997573828065639573e-02
9.390000000000000568e+00 2.997572562408958030e-02
9.400000000000000355e+00 2.997571300531356661e-02
9.410000000000000142e+00 2.997570042385366146e-02
9.419999999999999929e+00 2.997568787921871258e-02
9.429999999999999716e+00 2.997567537092558215e-02
9.439999999999999503e+00 2.997566289847350407e-02
9.450000000000001066e+00 2.997565046137224201e-02
9.460000000000000853e+00 2.997563805912177234e-02
9.470000000000000639e+00 2.997562569122616538e-02
9.480000000000000426e+00 2.997561335717891656e-02
9.490000000000000213e+00 2.997560105647660220e-02
9.500000000000000000e+00 2.997558878860726722e-02
9.509999999999999787e+00 2.997557655306397340e-02
9.519999999999999574e+00 2.997556434933134478e-02
9.529999999999999361e+00 2.997555217689663876e-02
9.540000000000000924e+00 2.997554003523727334e-02
9.550000000000000711e+00 2.997552792383629400e-02
9.560000000000000497e+00 2.997551584217111181e-02
9.570000000000000284e+00 2.997550378971173060e-02
9.580000000000000071e+00 2.997549176593135301e-02
9.589999999999999858e+00 2.997547977031374267e-02
9.599999999999999645e+00 2.997546780231313823e-02
9.609999999999999432e+00 2.997545586139490834e-02
9.620000000000000995e+00 2.997544394703429566e-02
9.630000000000000782e+00 2.997543205868465066e-02
9.640000000000000568e+00 2.997542019581241404e-02
9.650000000000000355e+00 2.997540835786766458e-02
9.660000000000000142e+00 2.997539654431146186e-02
9.669999999999999929e+00 2.997538475460596874e-02
9.679999999999999716e+00 2.997537298818980789e-02
9.689999999999999503e+00 2.997536124452347336e-02
9.700000000000001066e+00 2.997534952305693987e-02
9.710000000000000853e+00 2.997533782323233073e-02
9.720000000000000639e+00 2.997532614450514749e-02
9.730000000000000426e+00 2.997531448630783718e-02
9.740000000000000213e+00 2.997530284809810097e-02
9.750000000000000000e+00 2.997529122930531892e-02
9.759999999999999787e+00 2.997527962937395277e-02
9.769999999999999574e+00 2.997526804774763159e-02
9.779999999999999361e+00 2.997525648385581873e-02
9.790000000000000924e+00 2.997524493714663618e-02
9.800000000000000711e+00 2.997523340704671274e-02
9.810000000000000497e+00 2.997522189299556619e-02
9.820000000000000284e+00 2.997521039442253843e-02
9.830000000000000071e+00 2.997519891075652379e-02
9.839999999999999858e+00 2.997518744143624556e-02
9.849999999999999645e+00 2.997517598589452548e-02
9.859999999999999432e+00 2.997516454354846177e-02
9.870000000000000995e+00 2.997515311383680200e-02
9.880000000000000782e+00 2.997514169618797561e-02
9.890000000000000568e+00 2.997513029001497298e-02
9.900000000000000355e+00 2.997511889476242933e-02
9.910000000000000142e+00 2.997510750984789044e-02
9.919999999999999929e+00 2.997509613469466136e-02
9.929999999999999716e+00 2.997508476872647043e-02
9.939999999999999503e+00 2.997507341137383222e-02
9.950000000000001066e+00 2.997506206205447984e-02
9.960000000000000853e+00 2.997505072019452516e-02
9.970000000000000639e+00 2.997503938521285660e-02
