2.044922423728213534e+00
1.155869014952544057e+04
3.845387823447377741e+04
6.769740487086545909e+04
8.790894542450716835e+04
9.272529428161520627e+04
8.170107466602897330e+04
5.976259807868598728e+04
3.445349031120926520e+04
1.352321611862085228e+04
2.114381814390999352e+03
1.875114678432169512e+03
1.076014450535348442e+04
2.430291266923441435e+04
3.745976770760121144e+04
4.590982790478227253e+04
4.784408098299000267e+04
4.329629028928379557e+04
3.494703565464857820e+04
2.565258484505803062e+04
1.902385662446094284e+04
1.686256389809963002e+04
2.038509234512269541e+04
2.898447362090622482e+04
4.169654791607608786e+04
5.754390301443789212e+04
7.588965875811812293e+04
9.798248942669117241e+04
1.252972489416224271e+05
1.619858873610894952e+05
2.117265085042293940e+05
2.807640819680842687e+05
3.750662047665813589e+05
5.029495853158356040e+05
6.748646033106861869e+05
9.037004573596818373e+05
1.209416784155051690e+06
1.615005791380421026e+06
2.157719939292998984e+06
2.879974945944273379e+06
3.848064184927866794e+06
5.139859775859722868e+06
6.870634608681165613e+06
9.182603616306249052e+06
1.227638026886863820e+07
1.641051733205163106e+07
2.193765311720410362e+07
2.932484783230865002e+07
3.919760770640250295e+07
5.239407645828983933e+07
7.002986758007957041e+07
9.360227060091613233e+07
1.251060283838271648e+08
1.672110234171596467e+08
2.234860568311977088e+08
2.986918753436450362e+08
3.992107090845323205e+08
5.335379117011998296e+08
7.130783229489465952e+08
9.530032978657590151e+08
1.273679563379099607e+09
1.702214289821048260e+09
2.274965346337262154e+09
3.040375153892060757e+09
4.063343552759935379e+09
5.430437420543768883e+09
7.257516530039290428e+09
9.699253911419929504e+09
1.296251680713805389e+10
1.732362201579048157e+10
2.315198435528147888e+10
3.094116997856736374e+10
4.135092976071186829e+10
5.526282155466744232e+10
7.385517673622964478e+10
9.870249615784700012e+10
1.319093401948921509e+11
1.762878222595562439e+11
2.355967823474481201e+11
3.148587914245651245e+11
4.207872424007548828e+11
5.623527654191206055e+11
7.515455941574831543e+11
1.004387901690121826e+12
1.342294401828546387e+12
1.793881815702967773e+12
2.397397136149255371e+12
3.203951726758109863e+12
4.281855543098843262e+12
5.722396460646669922e+12
7.647577944035677734e+12
1.022044493135829688e+13
1.365889970670293164e+13
1.825414833946341406e+13
2.439537230570990625e+13
3.260267854742658984e+13
4.357116036384617188e+13
5.822975163142425781e+13
7.781991675222370312e+13
1.040007711319058750e+14
1.389896200756636406e+14
1.857497149103972500e+14
2.482412514253864375e+14
3.317567214768213125e+14
4.433691970740746875e+14
5.925312961990490000e+14
7.918758072861021250e+14
1.058285501798871625e+15
1.414323064479855000e+15
1.890141820629459250e+15
2.526039645219842000e+15
3.375871662791197000e+15
4.511611503429203000e+15
6.029446685249876000e+15
8.057925074324148000e+15
1.076884160427655400e+16
1.439178803063274400e+16
1.923359715487259600e+16
2.570432937542600000e+16
3.435200104698859600e+16
4.590899680958082400e+16
6.135409642363580800e+16
8.199536905741724800e+16
1.095809559767713600e+17
1.464471238831050240e+17
1.957161237595257280e+17
2.615606241949220480e+17
3.495570969006929280e+17
4.671581001579509120e+17
6.243234467896391680e+17
8.343637118868870400e+17
1.115067523388938752e+18
1.490208120565175808e+18
1.991556753438549248e+18
2.661573400745959424e+18
3.557002828138732032e+18
4.753680336631816192e+18
6.352954399490491392e+18
8.490270019805170688e+18
1.134663976770440806e+19
1.516397399521904026e+19
2.026556855964939059e+19
2.708348548369514906e+19
3.619514456609070285e+19
4.837222633601480294e+19
6.464602686919548928e+19
8.639479919190845030e+19
1.154604809445363712e+20
1.543046896161386988e+20
2.062172002352260383e+20
2.755945636316152463e+20
3.683124558117219860e+20
4.922232993602163835e+20
6.578212958220897485e+20
8.791311953485543506e+20
1.174896075042597634e+21
1.570164724604374614e+21
2.098413062875411120e+21
2.804379241171093291e+21
3.747852633293554450e+21
5.008737460078361182e+21
6.693820001626614661e+21
8.945812531097456607e+21
1.195543977599648871e+22
1.597759168213464331e+22
2.135291059329825558e+22
2.853664047172545833e+22
3.813718243143786378e+22
5.096762139482848336e+22
6.811458691464867873e+22
9.103028213442116426e+22
1.216554724638428370e+23
1.625838525988806328e+23
2.172817091045962086e+23
2.903814895521614948e+23
3.880741270265340415e+23
5.186333633964411936e+23
6.931164585262820130e+23
9.263006600658166208e+23
1.237934700626457743e+24
1.654411347913757709e+24
2.211002658453491020e+24
2.954847197088815044e+24
3.948942330118170030e+24
5.277479511795333916e+24
7.052974593469321046e+24
9.425797015955913514e+24
1.259690480715967669e+25
1.683486394547873262e+25
2.249859379191214460e+25
3.006776439304944519e+25
4.018342048702301508e+25
5.370227270386803371e+25
7.176925345553149066e+25
9.591448323844122373e+25
1.281828592498449330e+26
1.713072400974614947e+26
2.289398966679251181e+26
3.059618277953468745e+26
4.088961395423097851e+26
5.464604983837687581e+26
7.303054435866930910e+26
9.760010807460968422e+26
1.304355761173635029e+27
1.743178340940060613e+27
2.329633387166664010e+27
3.113388685009828848e+27
4.160821685491577071e+27
5.560641111360990177e+27
7.431399819386496054e+27
9.931535299768357772e+27
1.327278781800772856e+28
1.773813335154496282e+28
2.370574876613548228e+28
3.168104073963284037e+28
4.233944908307374099e+28
5.658365057489112591e+28
7.562000913232601626e+28
1.010607431896152563e+29
1.350604682360402650e+29
1.804986731012124134e+29
2.412235890672083293e+29
3.223781056906369494e+29
4.308353232956980282e+29
5.757806524711380928e+29
7.694897372402216000e+29
1.028368100168610430e+30
1.374340549106213707e+30
1.836708022580819844e+30
2.454629137017746212e+30
3.280436590899020222e+30
4.384069299276334323e+30
5.858995598225716792e+30
7.830129277768051602e+30
1.046440868836518019e+31
1.398493499644212830e+31
1.868986704994834432e+31
2.497767290538898464e+31
3.338087656214459095e+31
4.461115805152705315e+31
5.961962760809996484e+31
7.967737559786413466e+31
1.064831239449588452e+32
1.423070922971488029e+32
1.901832683059338228e+32
2.541663593817040477e+32
3.396751933566830364e+32
4.539516457612462193e+32
6.066739651991857473e+32
8.107764450072793686e+32
1.083544839751765747e+33
1.448080325226946828e+33
1.935255971679488420e+33
2.586331443155539299e+33
3.456447332772547350e+33
4.619295113890087157e+33
6.173358149380722460e+33
8.250252412236726613e+33
1.102587332070435071e+34
1.473529253459290491e+34
1.969266648289186014e+34
2.631784288416224976e+34
3.517191811323892349e+34
4.700475751344267904e+34
6.281850216292336358e+34
8.395244300822313486e+34
1.121964465343762175e+35
1.499425412449097468e+35
2.003875024878658323e+35
2.678035916017205404e+35
3.579003818677693054e+35
4.783083073047565118e+35
6.392249049889303065e+35
8.542784468802492181e+35
1.141682153875319198e+36
1.525776691558026219e+36
2.039091615868242089e+36
2.725100356336854575e+36
3.641902056462251842e+36
4.867142055676709852e+36
6.504587839834482975e+36
8.692917258684839792e+36
1.161746322864258450e+37
1.552591010338499831e+37
2.074927022621069254e+37
2.772991792476103113e+37
3.705905510341129826e+37
4.952678080224866961e+37
6.618900559529602505e+37
8.845687907303660723e+37
1.182163019108505331e+38
1.579876454790790566e+38
2.111392066701943722e+38
2.821724718497207886e+38
3.771033588659602871e+38
5.039717137673888927e+38
6.735222138588195066e+38
9.001143506034888528e+38
1.202938563356408562e+39
1.607641498711846029e+39
2.148498086237244701e+39
2.871314300736092722e+39
3.837306566207673968e+39
5.128286273046120750e+39
6.853588458584524839e+39
9.159331688861266604e+39
1.224079291179318255e+40
1.635894580380314117e+40
2.186256315302251975e+40
2.921775477614480767e+40
3.904744344824792767e+40
5.218412084173447840e+40
6.974035227023408902e+40
9.320300244088589478e+40
1.245591592143038210e+41
1.664644233153472691e+41
2.224678160136329948e+41
2.973123521500838963e+41
3.973367304676882439e+41
5.310121704228853251e+41
7.096598518038274889e+41
9.484097197942934884e+41
1.267481874649352258e+42
1.693899034639294330e+42
2.263775122879811263e+42
3.025373829180526143e+42
4.043196119983389991e+42
5.403442946824657557e+42
7.221315714744979483e+42
9.650772858296742581e+42
1.289756894376136316e+43
1.723668014242666581e+43
2.303559251544870585e+43
3.078542488423075795e+43
4.114252255906546422e+43
5.498404417796974923e+43
7.348224978557855559e+43
9.820378070279194864e+43
1.312423418900327665e+44
1.753960203762418826e+44
2.344042590736071577e+44
3.132645577850566898e+44
4.186557148120861778e+44
5.595034712578333948e+44
7.477364390973107225e+44
9.992963675786063712e+44
1.335488255417274519e+45
1.784784709633015733e+45
2.385237349465651219e+45
3.187699431638096318e+45
4.260132726046644275e+45
5.693363247214447153e+45
7.608773518886420449e+45
1.016858258204171267e+46
1.358958464349371625e+46
1.816150965979964739e+46
2.427156105291133229e+46
3.243720850405474966e+46
4.335001341390805933e+46
5.793419816080750797e+46
7.742491980986037417e+46
1.034728777825073135e+47
1.382841136285357510e+47
1.848068444318631935e+47
2.469811529851409451e+47
3.300726745958372500e+47
4.411185607371960289e+47
5.895234574888357997e+47
7.878560022031033551e+47
1.052913284766791101e+48
1.407143414947389790e+48
1.880546694836162170e+48
2.513216371684754874e+48
3.358734220267365130e+48
4.488708449478155657e+48
5.998838335765842488e+48
8.017019117516266606e+48
1.071417363632132215e+49
1.431872814783779336e+49
1.913595793849341386e+49
2.557384166071584357e+49
3.417761366632940861e+49
4.567594049554198022e+49
6.104263326427159172e+49
8.157912081387874177e+49
1.090246700586385290e+50
1.457036870134525872e+50
1.947225746106808741e+50
2.602328190094421640e+50
3.477825823711621958e+50
4.647865899712028406e+50
6.211540935491867427e+50
8.301281010196809509e+50
1.109406937362722898e+51
1.482643166095666733e+51
1.981446736662631828e+51
2.648062093765151520e+51
3.538945926137660247e+51
4.729548563493890797e+51
6.320704007667649032e+51
8.447169646572608300e+51
1.128903918061509216e+52
1.508699487927622702e+52
2.016269146287361095e+52
2.694599754359010665e+52
3.601140180515507084e+52
4.812666745681781035e+52
6.431785492259807021e+52
8.595622068652203517e+52
1.148743515856468223e+53
1.535213688347200233e+53
2.051703481170133534e+53
2.741955217884258633e+53
3.664427386578591923e+53
4.897245587891979344e+53
6.544819113492188202e+53
8.746683486528704653e+53
1.168931804017949537e+54
1.562193902588821349e+54
2.087760611722796736e+54
2.790142986938663785e+54
3.728826875262516269e+54
4.983310880170364507e+54
6.659839161009689458e+54
8.900399452025001664e+54
1.189474829399367055e+55
1.589648174806661728e+55
2.124451276231192446e+55
2.839177441408126289e+55
3.794357928640144153e+55
5.070888454088006335e+55
6.776880346278731521e+55
9.056816746097186097e+55
1.210378897374487437e+56
1.617584983787474601e+56
2.161786837486534819e+56
2.889073772263772326e+56
3.861040842303580300e+56
5.160005430731614390e+56
6.895978910704709833e+56
9.215983505232713942e+56
1.231650400893083661e+57
1.646012830688506312e+57
2.199778627975837201e+57
2.939847084192191801e+57
3.928895743880620728e+57
5.250688668957021059e+57
7.017170520945563355e+57
9.377947375305630192e+57
1.253295711236023519e+58
1.674940229782598369e+58
2.238438018574088832e+58
2.991512580578094699e+58
3.997942961197581038e+58
5.342965329061026834e+58
7.140491695534546131e+58
9.542757320443067353e+58
1.275321374608860475e+59
1.704375953378333010e+59
2.277776775407972059e+59
3.044086036538894964e+59
4.068203640301856857e+59
5.436863711383704981e+59
7.265980193471924477e+59
9.710463769000317409e+59
1.297734155079587344e+60
1.734329050718743111e+60
2.317806954960594486e+60
3.097583511623076322e+60
4.139699219473171438e+60
5.532412449088012412e+60
7.393674227311384817e+60
9.881117722382067982e+60
1.320540838103837808e+61
1.764808554295587135e+61
2.358540636284457769e+61
3.152021181696932276e+61
4.212451263490608321e+61
5.629640364545590415e+61
7.523612445781878373e+61
1.005477087261661594e+62
1.343748337882532069e+62
1.795823714177256703e+62
2.399990186855570304e+62
3.207415532809238876e+62
4.286481854786123564e+62
5.728576941396039793e+62
7.655834052660261595e+62
1.023147560837926992e+63
1.367363664360349154e+63
1.827383908678641765e+63
2.442168122470419943e+63
3.263783327427554154e+63
4.361813377751816226e+63
5.829252120000871175e+63
7.790379220286923897e+63
1.041128553966367608e+64
1.391393964501285895e+64
1.859498670629902258e+64
2.485087184607615126e+64
3.321141565637036876e+64
4.438468551030480892e+64
5.931696319650360862e+64
7.927288607093985606e+64
1.059425521776012395e+65
1.415846567442022697e+65
1.892177839817545169e+65
2.528760587057150378e+65
3.379507972838242401e+65
4.516471115338589242e+65
6.035941157794517388e+65
8.066604340342505944e+65
1.078044072666785746e+66
1.440728928853931016e+66
1.925431338368539973e+66
2.573201504727465900e+66
3.438900064993486982e+66
4.595844381785179720e+66
6.142017856267289123e+66
8.208368317242068113e+66
1.096989819856478543e+67
1.466048572903007502e+67
1.959269235143428359e+67
2.618423439117784805e+67
3.499335978227206860e+67
4.676612672550505156e+67
6.249958921163499573e+67
8.352623856732649410e+67
1.116268541004072065e+68
1.491813209009715141e+68
1.993701837665182975e+68
2.664440149763734758e+68
3.560834029781909372e+68
4.758800452589811857e+68
6.359797045348468284e+68
8.499414706216097656e+68
1.135886096637113228e+69
1.518030675190441330e+69
2.028739616145188867e+69
2.711265656078117335e+69
3.623412981831780673e+69
4.842432753945817089e+69
6.471565634163886745e+69
8.648785393870827584e+69
1.155848417403684346e+70
1.544708881140624376e+70
2.064393129117545716e+70
2.758914019440068632e+70
3.687091616505060865e+70
4.927534708979939424e+70
6.585298362614921041e+70
8.800781115435771773e+70
1.176161562124936573e+71
1.571855963594145418e+71
2.100673271823864309e+71
2.807399849872786878e+71
3.751889461239880801e+71
5.014132374292308565e+71
6.701029922757597461e+71
8.955448056658561656e+71
1.196831690963201537e+72
1.599480107530253534e+72
2.137590960448557626e+72
2.856737709688293110e+72
3.817826000915747857e+72
5.102251893270019007e+72
6.818795412072014168e+72
9.112833259939665832e+72
1.217865106853794071e+73
1.627589765628023159e+73
2.175157520675034633e+73
2.906942722046744996e+73
3.884921403524467029e+73
5.191920077959500959e+73
6.938630509573008930e+73
9.272984240311081538e+73
1.239268133881052211e+74
1.656193382517905092e+74
2.213384200396147403e+74
2.958029937333694364e+74
3.953195798653194351e+74
5.283163916448175418e+74
7.060571317607356335e+74
9.435949419896307673e+74
1.261047259775835934e+75
1.685299614574818432e+75
2.252282599503005851e+75
3.010014874746577880e+75
4.022669956128943652e+75
5.376011178444597374e+75
7.184655091775524955e+75
9.601778558262766100e+75
1.283209149762650998e+76
1.714917407655388775e+76
2.291864667588894905e+76
3.062913495827639030e+76
4.093365208747986896e+76
5.470490338117320455e+76
7.310919764561696105e+76
9.770522278850678734e+76
1.305760541657900085e+77
1.745055736182166362e+77
2.332142400216862671e+77
3.116741801973326643e+77
4.165302894080391305e+77
5.566629934733114362e+77
7.439403463433972251e+77
9.942231598431135927e+77
1.328708269814925034e+78
1.775723734847984882e+78
2.373127996206053657e+78
3.171516136193730636e+78
4.238504888846768271e+78
5.664459163706919996e+78
7.570145237439834292e+78
1.011695862787640976e+79
1.352059285920160985e+79
1.806930700345196231e+79
2.414833872984248400e+79
3.227253052589306330e+79
4.312993277022331366e+79
5.764007549444104675e+79
7.703184533510725592e+79
1.029475605034991589e+80
1.375820635188883664e+80
1.838686036104395531e+80
2.457272590859355968e+80
3.283969360558753951e+80
4.388790577174701355e+80
5.865305241612216882e+80
7.838561668545051348e+80
1.047567795381903549e+81
1.399999557849941714e+81
1.870999450275268923e+81
2.500457180627845414e+81
3.341682501416441405e+81
4.465920066793990687e+81
5.968383306986666318e+81
7.976318134833194587e+81
1.065977965555327337e+82
1.424603444375322467e+82
1.903880788558464290e+82
2.544400737407558763e+82
3.400409917126031268e+82
4.544405091140458385e+82
6.073272951093084242e+82
8.116495708805438671e+82
1.084711704132860067e+83
1.449639749235822774e+83
1.937340030363250107e+83
2.589116629451631816e+83
3.460169522167293795e+83
4.624269531941344438e+83
6.180006085181899004e+83
8.259136902231187303e+83
1.103774679095378099e+84
1.475116049095047058e+84
1.971387283495184494e+84
2.634618347203757495e+84
3.520979311526927432e+84
4.705537450161838680e+84
6.288614805682010340e+84
8.404284650135647543e+84
1.123172630189185401e+85
1.501040025938717530e+85
2.006032814025914732e+85
2.680919613941990030e+85
3.582857639668251838e+85
4.788233431638219154e+85
6.399132067225545112e+85
8.551983091590382253e+85
1.142911479716700485e+86
1.527419589243146800e+86
2.041287221218917085e+86
2.728034628511958519e+86
3.645823508392297139e+86
4.872382800547857034e+86
6.511591711061762805e+86
8.702277380819215650e+86
1.162997232665325003e+87
1.554262753529177324e+87
2.077161178284348778e+87
2.775977583089317711e+87
3.709895802565108443e+87
4.958010800287152927e+87
6.626027390891878204e+87
8.855212452903175016e+87
1.183435917811401983e+88
1.581577602008425307e+88
2.113665535856673758e+88
2.824763074940007125e+88
3.775094168609652198e+88
5.045143840656915160e+88
6.742474516353420197e+88
9.010835805676427638e+88
1.204233873574242014e+89
1.609372596869787731e+89
2.150811573328037713e+89
2.874406108815620672e+89
3.841438559643944206e+89
5.133808366008831234e+89
6.860968346179923649e+89
9.169194332079685305e+89
1.225397358055140134e+90
1.637656073911123444e+90
2.188610415050807886e+90
2.924921556145989688e+90
3.908948820793480768e+90
5.224030995263726239e+90
6.981544433115515248e+90
9.330335693148916307e+90
1.246932753537483045e+91
1.666436604665346257e+91
2.227073555712997602e+91
2.976324828623368140e+91
3.977645661343909643e+91
5.315839443606376559e+91
7.104239885161511328e+91
9.494309375146497011e+91
1.268846661789857140e+92
1.695722972535389344e+92
2.266212679419496739e+92
3.028631444145232647e+92
4.047549695759259146e+92
5.409261218525070155e+92
7.229091451594215806e+92
9.661164617895455715e+92
1.291145675664840730e+93
1.725524020376612431e+93
2.306039662845805926e+93
3.081857371143179029e+93
4.118682343955552010e+93
5.504324928797696688e+93
7.356137333967485581e+93
9.830952390699717577e+93
1.313836598503434559e+94
1.755848804649592891e+94
2.346566566420242200e+94
3.136018677681877909e+94
4.191065066581861270e+94
5.601059224618812742e+94
7.485415740330889491e+94
1.000372364134008754e+95
1.336926232214306394e+95
1.786706450237794311e+95
2.387805593080613007e+95
3.191131688168910080e+95
4.264719660363026640e+95
5.699493355214764574e+95
7.616965938993052822e+95
1.017953111060117800e+96
1.360421653996080134e+96
1.818106410371922168e+96
2.429769415800354767e+96
3.247213348955914867e+96
4.339668801351540469e+96
5.799657528023540569e+96
7.750828224424988307e+96
1.035842854539461778e+97
1.384330018925114749e+97
1.850058229010622800e+97
2.472470733975049787e+97
3.304280601970599764e+97
4.415935096602758259e+97
5.901581951811360738e+97
7.887042868309003582e+97
1.054046961416222926e+98
1.408658500995049387e+98
1.882571498113207639e+98
2.515922377509614919e+98
3.362350589694655224e+98
4.493541456921283150e+98
6.005297291970847479e+98
8.025651013239621036e+98
1.072570950860945803e+99
1.433414484247675275e+99
1.915656101277510408e+99
2.560137591422646748e+99
3.421441085860548909e+99
4.572511716363949219e+99
6.110835417180543429e+99
8.166695192125514554e+99
1.091420497132066111e+100
1.458605559408248209e+100
1.949322176392678887e+100
2.605129907393450993e+100
3.481570111555093960e+100
4.652869846740683907e+100
6.218228339494457148e+100
8.310218208611755186e+100
1.110601330121192601e+101
1.484239381389069768e+101
1.983579956848266592e+101
2.650912983028735429e+101
3.542755923190491687e+101
4.734640338362056741e+101
6.327508759631379060e+101
8.456263708263284482e+101
1.130119271705245247e+102
1.510323722864752234e+102
2.018439834902021489e+102
2.697500729866578744e+102
3.605017140472318000e+102
4.817848038625748705e+102
6.438709929264264711e+102
8.604876129403958910e+102
1.149980260484396275e+103
1.536866510688613791e+103
2.053912358842919561e+103
2.744907207510527759e+103
3.668372483639907284e+103
4.902517881115781227e+103
6.551865079954221754e+103
8.756099883252112694e+103
1.170190227889069449e+104
1.563875685811462595e+104
2.090008196759361927e+104
2.793146745050095539e+104
3.732841227000165380e+104
4.988675822346348547e+104
6.667009093376353013e+104
8.909981658690767181e+104
1.190755437963955477e+105
1.591359632780172832e+105
2.126738543666233897e+105
2.842234214629503169e+105
3.798443080155259915e+105
5.076347976858526040e+105
6.784176655374328969e+105
9.066567729308352462e+105
1.211682044330023788e+106
1.619326546399725451e+106
2.164114315466048211e+106
2.892184276893570195e+106
3.865197802390651363e+106
5.165560912632016338e+106
6.903403361019372548e+106
9.225905733119939872e+106
1.232976433429162379e+107
1.647784971563596062e+107
2.202146961483138593e+107
2.943012174581705816e+107
3.933125640965661765e+107
5.256341607322917884e+107
7.024725291574690349e+107
9.388043867081382379e+107
1.254645046289498580e+108
1.676743535017541697e+108
2.240848025716763680e+108
2.994733392407599058e+108
4.002247369872074229e+108
5.348717858658378921e+108
7.148179523713930843e+108
9.553031518054547803e+108
1.276694447243223933e+109
1.706210970536392170e+109
2.280229141246167087e+109
3.047363438980076391e+109
4.072583666955847059e+109
5.442717312599611821e+109
7.273803129625646404e+109
9.720918593709983319e+109
1.299131370660088183e+110
1.736196328166932728e+110
2.320302435999986651e+110
3.100918559209539362e+110
4.144156281361131725e+110
5.538369026329135902e+110
7.401634828782173065e+110
9.891756547291828540e+110
1.321962646561955918e+111
1.766708704492034647e+111
2.361080066132570829e+111
3.155414957008603279e+111
4.216986828894114809e+111
5.635701831066820605e+111
7.531713132919335237e+111
1.006559688433540117e+112
1.345195159126555283e+112
1.797757297222977880e+112
2.402574277115794858e+112
3.210868998231975147e+112
4.291097174815835575e+112
5.734744999176847222e+112
7.664077237164743695e+112
1.024249197962670535e+113
1.368835922305166605e+113
1.829351474050723407e+113
2.444797635816107584e+113
3.267297499333940104e+113
4.366509852093468225e+113
5.835528669929144448e+113
7.798767423663489370e+113
1.042249590923313811e+114
1.392892162735950964e+114
1.861500922915898158e+114
2.487763071829202793e+114
3.324717725013943626e+114
4.443247855746296825e+114
5.938083507088258713e+114
7.935824637420705144e+114
1.060566297927729867e+115
1.417371134338365670e+115
1.894215321137809826e+115
2.531483521836013005e+115
3.383146976087903097e+115
4.521334348252780881e+115
6.042440506274780256e+115
8.075290294083128320e+115
1.079204887579609056e+116
1.442280271410687471e+116
1.927504594689866071e+116
2.575972259007123445e+116
3.442603000140991844e+116
4.600793117452798921e+116
6.148631500250263699e+116
8.217206961810482519e+116
1.098171037370642447e+117
1.467627182788013068e+117
1.961378949398602659e+117
2.621242931963925032e+117
3.503104031238307660e+117
4.681648432637766318e+117
6.256688912163808786e+117
8.361618060081207327e+117
1.117470560939537169e+118
1.493419626007601739e+118
1.995848698226467995e+118
2.667309272509353765e+118
3.564668405655464307e+118
4.763924802050418933e+118
6.366645328105683664e+118
8.508566892149390467e+118
1.137109209496574895e+119
1.519665263359715441e+119
2.030924114518152081e+119
2.714185060030374583e+119
3.627314527644905546e+119
4.847646869597103715e+119
6.478533925183684984e+119
8.658098032979687114e+119
1.157092983266780797e+120
1.546372152012045457e+120
2.066615962871346008e+120
2.761884677651553091e+120
3.691061684288577881e+120
4.932840384595433066e+120
6.592388958662680797e+120
8.810257145184544407e+120
1.177427963269987842e+121
1.573548406136012778e+121
2.102935102663823640e+121
2.810422635400105279e+121
3.755929216489993103e+121
5.019531258862720212e+121
6.708245173763695120e+121
8.965090774697494621e+121
1.198120381788231133e+122
1.601202354656155584e+122
2.139892635810769800e+122
2.859813736382758520e+122
3.821936871961188833e+122
5.107745763212825874e+122
6.826137535613108804e+122
9.122645433158349463e+122
1.219176427690762716e+123
1.629342250028215611e+123
2.177499585714983355e+123
2.910072717160128455e+123
3.889104392990202791e+123
5.197510299313118122e+123
6.946101368717395952e+123
9.282968478507273127e+123
1.240602448038642891e+124
1.657976587608741584e+124
2.215767326373881418e+124
2.961214816336660415e+124
3.957452174088655546e+124
5.288852252509756890e+124
7.068173392623726883e+124
9.446109076537589751e+124
1.262405021933291153e+125
1.687114161916852463e+125
2.254707591519652499e+125
3.013255677542143797e+125
4.027001043622795522e+125
5.381799339470926354e+125
7.192390521237648319e+125
9.612116333656345226e+125
1.284590717401858835e+126
1.716763771530908215e+126
2.294332204226608361e+126
3.066211188954424448e+126
4.097772318614062092e+126
5.476380108045968090e+126
7.318790995538725876e+126
9.781041595945703581e+126
1.307166367948459791e+127
