2.999935610998204563e-02
2.999935417800148399e-02
2.999935229022552760e-02
2.999935044638042669e-02
2.999934864614006713e-02
2.999934688911033709e-02
2.999934517483390101e-02
2.999934350281126608e-02
2.999934187247013315e-02
2.999934028318962387e-02
2.999933873429506265e-02
2.999933722506661904e-02
2.999933575473805181e-02
2.999933432249700382e-02
2.999933292748356226e-02
2.999933156879475843e-02
2.999933024551543204e-02
2.999932895666608534e-02
2.999932770125312426e-02
2.999932647825478277e-02
2.999932528661600900e-02
2.999932412526932005e-02
2.999932299311060258e-02
2.999932188904253991e-02
2.999932081193957753e-02
2.999931976066388603e-02
2.999931873408289915e-02
2.999931773104404578e-02
2.999931675040218987e-02
2.999931579100987081e-02
2.999931485172805529e-02
2.999931393141202010e-02
2.999931302893647789e-02
2.999931214318054401e-02
2.999931127304204109e-02
2.999931041742249019e-02
2.999930957526268649e-02
2.999930874549117804e-02
2.999930792708668456e-02
2.999930711903178379e-02
2.999930632034316508e-02
2.999930553006347617e-02
2.999930474725396104e-02
2.999930397100904894e-02
2.999930320045280513e-02
2.999930243474070723e-02
2.999930167304760975e-02
2.999930091459847292e-02
2.999930015863757488e-02
2.999929940443734830e-02
2.999929865131847895e-02
2.999929789861285195e-02
2.999929714570395006e-02
2.999929639199670067e-02
2.999929563693006646e-02
2.999929487997539737e-02
2.999929412063539330e-02
2.999929335844206402e-02
2.999929259295304462e-02
2.999929182376599723e-02
2.999929105049452260e-02
2.999929027279293545e-02
2.999928949033212749e-02
2.999928870281033666e-02
2.999928790995624178e-02
2.999928711151180621e-02
2.999928630725393064e-02
2.999928549697123206e-02
2.999928468047610014e-02
2.999928385760830540e-02
2.999928302820973822e-02
2.999928219216021694e-02
2.999928134933525781e-02
2.999928049963930879e-02
2.999927964298769109e-02
2.999927877930955514e-02
2.999927790854402254e-02
2.999927703065273857e-02
2.999927614558101779e-02
2.999927525332407585e-02
2.999927435385525004e-02
2.999927344717084887e-02
2.999927253327149684e-02
2.999927161216632207e-02
2.999927068386942786e-02
2.999926974840690444e-02
2.999926880580871397e-02
2.999926785611006091e-02
2.999926689934989330e-02
2.999926593558382287e-02
2.999926496485625857e-02
2.999926398723822690e-02
2.999926300278796254e-02
2.999926201157706099e-02
2.999926101368138517e-02
2.999926000918753249e-02
2.999925899818020603e-02
2.999925798075889910e-02
2.999925695702159584e-02
2.999925592707904445e-02
2.999925489104584425e-02
2.999925384904688838e-02
2.999925280120502996e-02
2.999925174766829988e-02
2.999925068857360599e-02
2.999924962407994611e-02
2.999924855434762255e-02
2.999924747954722803e-02
2.999924639986105424e-02
2.999924531548239792e-02
2.999924422660251583e-02
2.999924313343127133e-02
2.999924203618908186e-02
2.999924093509881082e-02
2.999923983040241396e-02
2.999923872233764555e-02
2.999923761116570636e-02
2.999923649714969498e-02
2.999923538055940253e-02
2.999923426167891774e-02
2.999923314079484121e-02
2.999923201820705806e-02
2.999923089421945022e-02
2.999922976914513179e-02
2.999922864329922223e-02
2.999922751700533075e-02
2.999922639059029311e-02
2.999922526439073936e-02
2.999922413874215460e-02
2.999922301397984353e-02
2.999922189044810367e-02
2.999922076848772143e-02
2.999921964843599298e-02
2.999921853064084487e-02
2.999921741543547585e-02
2.999921630315849005e-02
2.999921519414084845e-02
2.999921408870945272e-02
2.999921298718677409e-02
2.999921188988714099e-02
2.999921079711330429e-02
2.999920970916786223e-02
2.999920862633383145e-02
2.999920754889127267e-02
2.999920647710173360e-02
2.999920541122177639e-02
2.999920435148861406e-02
2.999920329812622022e-02
2.999920225134258822e-02
2.999920121133384590e-02
2.999920017827700791e-02
2.999919915233420498e-02
2.999919813364360782e-02
2.999919712233383579e-02
2.999919611851428747e-02
2.999919512226771959e-02
2.999919413367126142e-02
2.999919315276899229e-02
2.999919217959756690e-02
2.999919121416764339e-02
2.999919025647715051e-02
2.999918930649564386e-02
2.999918836418499074e-02
2.999918742948427461e-02
2.999918650231476330e-02
2.999918558258496404e-02
2.999918467017879953e-02
2.999918376496989864e-02
2.999918286681795693e-02
2.999918197556744950e-02
2.999918109104666303e-02
2.999918021307299704e-02
2.999917934145333864e-02
2.999917847598282394e-02
2.999917761644899442e-02
2.999917676262930238e-02
2.999917591429152042e-02
2.999917507120327884e-02
2.999917423312552234e-02
2.999917339980487027e-02
2.999917257100507412e-02
2.999917174647126483e-02
2.999917092595571697e-02
2.999917010921220734e-02
2.999916929599322213e-02
2.999916848605897746e-02
2.999916767916940494e-02
2.999916687509186081e-02
2.999916607359896098e-02
2.999916527447708467e-02
2.999916447751056758e-02
2.999916368250184553e-02
2.999916288925777441e-02
2.999916209759993790e-02
2.999916130735993947e-02
2.999916051838055070e-02
2.999915973052239351e-02
2.999915894365293850e-02
2.999915815765347160e-02
2.999915737242696973e-02
2.999915658788132253e-02
2.999915580395006581e-02
2.999915502057030198e-02
2.999915423769581452e-02
2.999915345530368080e-02
2.999915267337281005e-02
2.999915189190946463e-02
2.999915111092048975e-02
2.999915033043906720e-02
2.999914955050374948e-02
2.999914877116661646e-02
2.999914799249191188e-02
2.999914721455857261e-02
2.999914643745561077e-02
2.999914566127702409e-02
2.999914488612957439e-02
2.999914411213253085e-02
2.999914333940671002e-02
2.999914256808144594e-02
2.999914179829410096e-02
2.999914103018252315e-02
2.999914026389114557e-02
2.999913949957239145e-02
2.999913873736794606e-02
2.999913797743460064e-02
2.999913721991665297e-02
2.999913646496822628e-02
2.999913571273446489e-02
2.999913496335710611e-02
2.999913421698248428e-02
2.999913347374299002e-02
2.999913273376612205e-02
2.999913199718262646e-02
2.999913126410345271e-02
2.999913053464255130e-02
2.999912980889970354e-02
2.999912908696256153e-02
2.999912836891968637e-02
2.999912765484094579e-02
2.999912694478527875e-02
2.999912623880683291e-02
2.999912553694588507e-02
2.999912483922598933e-02
2.999912414566853133e-02
2.999912345627574195e-02
2.999912277104326008e-02
2.999912208994989435e-02
2.999912141296540505e-02
2.999912074005084764e-02
2.999912007114976381e-02
2.999911940620262479e-02
2.999911874512749266e-02
2.999911808784605505e-02
2.999911743426052560e-02
2.999911678426489536e-02
2.999911613774817326e-02
2.999911549458934151e-02
2.999911485465484723e-02
2.999911421781281673e-02
2.999911358391878918e-02
2.999911295282208998e-02
2.999911232437067407e-02
2.999911169840937739e-02
2.999911107477162484e-02
2.999911045329464038e-02
2.999910983381291751e-02
2.999910921615877094e-02
2.999910860016575392e-02
2.999910798566278458e-02
2.999910737248339884e-02
2.999910676046430719e-02
2.999910614943961107e-02
2.999910553925209944e-02
2.999910492974600107e-02
2.999910432076691863e-02
2.999910371216950311e-02
2.999910310381124004e-02
2.999910249555675507e-02
2.999910188727613475e-02
2.999910127884643923e-02
2.999910067015536946e-02
2.999910006109050148e-02
2.999909945155571078e-02
2.999909884145656250e-02
2.999909823071001888e-02
2.999909761924243745e-02
2.999909700698274312e-02
2.999909639387438737e-02
2.999909577986878406e-02
2.999909516492260675e-02
2.999909454900316977e-02
2.999909393208654781e-02
2.999909331415352709e-02
2.999909269519828586e-02
2.999909207521500240e-02
2.999909145421440076e-02
2.999909083220323944e-02
2.999909020920825398e-02
2.999908958524914737e-02
2.999908896035898345e-02
2.999908833457525653e-02
2.999908770794016202e-02
2.999908708049884090e-02
2.999908645230283874e-02
2.999908582340633789e-02
2.999908519386588687e-02
2.999908456374049404e-02
2.999908393309628357e-02
2.999908330198942930e-02
2.999908267049251204e-02
2.999908203866600079e-02
2.999908140658072084e-02
2.999908077429677689e-02
2.999908014188326644e-02
2.999907950940281301e-02
2.999907887691897340e-02
2.999907824449429827e-02
2.999907761218712637e-02
2.999907698005494644e-02
2.999907634815247165e-02
2.999907571653087635e-02
2.999907508524132793e-02
2.999907445432651448e-02
2.999907382383086921e-02
2.999907319379236173e-02
2.999907256424865984e-02
2.999907193523074569e-02
2.999907130676617711e-02
2.999907067888197415e-02
2.999907005159887022e-02
2.999906942493537829e-02
2.999906879890501185e-02
2.999906817352199218e-02
2.999906754879298754e-02
2.999906692472490560e-02
2.999906630132189930e-02
2.999906567858318107e-02
2.999906505650919847e-02
2.999906443509471263e-02
2.999906381433644145e-02
2.999906319422616929e-02
2.999906257475665194e-02
2.999906195592441649e-02
2.999906133771412103e-02
2.999906072012082509e-02
2.999906010313036636e-02
2.999905948674189832e-02
2.999905887094254583e-02
2.999905825572594248e-02
2.999905764108580508e-02
2.999905702701863297e-02
2.999905641352100874e-02
2.999905580059339383e-02
2.999905518823534414e-02
2.999905457644998566e-02
2.999905396524659221e-02
2.999905335463115205e-02
2.999905274461697746e-02
2.999905213522063158e-02
2.999905152645599218e-02
2.999905091834662030e-02
2.999905031091582713e-02
2.999904970419127806e-02
2.999904909820387197e-02
2.999904849298782109e-02
2.999904788857894397e-02
2.999904728501704559e-02
2.999904668234588956e-02
2.999904608061330219e-02
2.999904547986580183e-02
2.999904488015573203e-02
2.999904428153728556e-02
2.999904368406490496e-02
2.999904308780021803e-02
2.999904249280071003e-02
2.999904189912817182e-02
2.999904130684842921e-02
2.999904071602162506e-02
2.999904012671641973e-02
2.999903953899756004e-02
2.999903895293093078e-02
2.999903836858283310e-02
2.999903778601912402e-02
2.999903720530641693e-02
2.999903662650877170e-02
2.999903604968927329e-02
2.999903547491168318e-02
2.999903490223521443e-02
2.999903433172044706e-02
2.999903376342453326e-02
2.999903319740001434e-02
2.999903263370191919e-02
2.999903207237733516e-02
2.999903151347410937e-02
2.999903095703454828e-02
2.999903040310055585e-02
2.999902985170673636e-02
2.999902930288725691e-02
2.999902875667171537e-02
2.999902821308516460e-02
2.999902767215013866e-02
2.999902713388410275e-02
2.999902659830078200e-02
2.999902606540998454e-02
2.999902553521802129e-02
2.999902500772693575e-02
2.999902448293378238e-02
2.999902396083350617e-02
2.999902344141568492e-02
2.999902292466683634e-02
2.999902241057001914e-02
2.999902189910256395e-02
2.999902139024117689e-02
2.999902088395807465e-02
2.999902038022157769e-02
2.999901987899803932e-02
2.999901938024890705e-02
2.999901888393502469e-02
2.999901839001364520e-02
2.999901789843935351e-02
2.999901740916574577e-02
2.999901692214136661e-02
2.999901643731638090e-02
2.999901595463725507e-02
2.999901547404867919e-02
2.999901499549484027e-02
2.999901451891859652e-02
2.999901404426175144e-02
2.999901357146464442e-02
2.999901310046731995e-02
2.999901263120981904e-02
2.999901216363120779e-02
2.999901169767042394e-02
2.999901123326727953e-02
2.999901077035934532e-02
2.999901030888674561e-02
2.999900984878981630e-02
2.999900939000737024e-02
2.999900893248075989e-02
2.999900847615184774e-02
2.999900802096229155e-02
2.999900756685504322e-02
2.999900711377391158e-02
2.999900666166425284e-02
2.999900621047232180e-02
2.999900576014443918e-02
2.999900531063028064e-02
2.999900486187846715e-02
2.999900441384040911e-02
2.999900396646865142e-02
2.999900351971650225e-02
2.999900307353896289e-02
2.999900262789306771e-02
2.999900218273655883e-02
2.999900173802892700e-02
2.999900129373123114e-02
2.999900084980586940e-02
2.999900040621699890e-02
2.999899996293052193e-02
2.999899951991352037e-02
2.999899907713482472e-02
2.999899863456501753e-02
2.999899819217645425e-02
2.999899774994289198e-02
2.999899730784014867e-02
2.999899686584563824e-02
2.999899642393836358e-02
2.999899598209945437e-02
2.999899554031192073e-02
2.999899509856040342e-02
2.999899465683172547e-02
2.999899421511457998e-02
2.999899377339998105e-02
2.999899333168040347e-02
2.999899288995103511e-02
2.999899244820896857e-02
2.999899200645367303e-02
2.999899156468666464e-02
2.999899112291203040e-02
2.999899068113594247e-02
2.999899023936718201e-02
2.999898979761694146e-02
2.999898935589883492e-02
2.999898891422895716e-02
2.999898847262606055e-02
2.999898803111138851e-02
2.999898758970879348e-02
2.999898714844470918e-02
2.999898670734811590e-02
2.999898626645075214e-02
2.999898582578678849e-02
2.999898538539304618e-02
2.999898494530889650e-02
2.999898450557618099e-02
2.999898406623921834e-02
2.999898362734477672e-02
2.999898318894194532e-02
2.999898275108207543e-02
2.999898231381873878e-02
2.999898187720753673e-02
2.999898144130609332e-02
2.999898100617390956e-02
2.999898057187219691e-02
2.999898013846377665e-02
2.999897970601298966e-02
2.999897927458539115e-02
2.999897884424769512e-02
2.999897841506763904e-02
2.999897798711368205e-02
2.999897756045491470e-02
2.999897713516085779e-02
2.999897671130115351e-02
2.999897628894554122e-02
2.999897586816348966e-02
2.999897544902409632e-02
2.999897503159580647e-02
2.999897461594618758e-02
2.999897420214180793e-02
2.999897379024792435e-02
2.999897338032833649e-02
2.999897297244507113e-02
2.999897256665833359e-02
2.999897216302617464e-02
2.999897176160435178e-02
2.999897136244616611e-02
2.999897096560216053e-02
2.999897057112005383e-02
2.999897017904459839e-02
2.999896978941730616e-02
2.999896940227651451e-02
2.999896901765679302e-02
2.999896863558940488e-02
2.999896825610191484e-02
2.999896787921796371e-02
2.999896750495746611e-02
2.999896713333636070e-02
2.999896676436649562e-02
2.999896639805567020e-02
2.999896603440804083e-02
2.999896567342330914e-02
2.999896531509678096e-02
2.999896495942046271e-02
2.999896460638201701e-02
2.999896425596476970e-02
2.999896390814869168e-02
2.999896356290935803e-02
2.999896322021905135e-02
2.999896288004609904e-02
2.999896254235525500e-02
2.999896220710787306e-02
2.999896187426190700e-02
2.999896154377210827e-02
2.999896121559017526e-02
2.999896088966484686e-02
2.999896056594232585e-02
2.999896024436597003e-02
2.999895992487653512e-02
2.999895960741302131e-02
2.999895929191195507e-02
2.999895897830746200e-02
2.999895866653309179e-02
2.999895835652043735e-02
2.999895804819871503e-02
2.999895774149673178e-02
2.999895743634282616e-02
2.999895713266311978e-02
2.999895683038427893e-02
2.999895652943095417e-02
2.999895622972872586e-02
2.999895593120295231e-02
2.999895563377744101e-02
2.999895533737793885e-02
2.999895504192845799e-02
2.999895474735509923e-02
2.999895445358355395e-02
2.999895416053938862e-02
2.999895386814988713e-02
2.999895357634309659e-02
2.999895328504701558e-02
2.999895299419083616e-02
2.999895270370603328e-02
2.999895241352350944e-02
2.999895212357657492e-02
2.999895183379869962e-02
2.999895154412564324e-02
2.999895125449447003e-02
2.999895096484230667e-02
2.999895067511060970e-02
2.999895038523919810e-02
2.999895009517129091e-02
2.999894980485141166e-02
2.999894951422665823e-02
2.999894922324396196e-02
2.999894893185408098e-02
2.999894864000861999e-02
2.999894834766063390e-02
2.999894805476690032e-02
2.999894776128429752e-02
2.999894746717238214e-02
2.999894717239491582e-02
2.999894687691528894e-02
2.999894658069947317e-02
2.999894628371792271e-02
2.999894598594169542e-02
2.999894568734528047e-02
2.999894538790578991e-02
2.999894508760290318e-02
2.999894478641960266e-02
2.999894448434185096e-02
2.999894418135879565e-02
2.999894387746185331e-02
2.999894357264714512e-02
2.999894326691383839e-02
2.999894296026502094e-02
2.999894265270591776e-02
2.999894234424878639e-02
2.999894203490731381e-02
2.999894172469861134e-02
2.999894141364745082e-02
2.999894110177968309e-02
2.999894078912610298e-02
2.999894047572430889e-02
2.999894016161310656e-02
2.999893984683907333e-02
2.999893953145153433e-02
2.999893921550576131e-02
2.999893889906054406e-02
2.999893858218099021e-02
2.999893826493587462e-02
2.999893794740134817e-02
2.999893762965443259e-02
2.999893731177913359e-02
2.999893699386543475e-02
2.999893667600561295e-02
2.999893635829740945e-02
2.999893604084565707e-02
2.999893572375613576e-02
2.999893540713802903e-02
2.999893509110776457e-02
2.999893477578425421e-02
2.999893446128940738e-02
2.999893414774903663e-02
2.999893383529094251e-02
2.999893352404660318e-02
2.999893321415311731e-02
2.999893290574149468e-02
2.999893259895202238e-02
2.999893229392294053e-02
2.999893199079378681e-02
2.999893168970838367e-02
2.999893139080284099e-02
2.999893109422109225e-02
2.999893080010170715e-02
2.999893050858189192e-02
2.999893021979897073e-02
2.999892993389003878e-02
2.999892965098449951e-02
2.999892937121510089e-02
2.999892909470365868e-02
2.999892882157527418e-02
2.999892855194654165e-02
2.999892828593024238e-02
2.999892802363363434e-02
2.999892776515765760e-02
2.999892751059839158e-02
2.999892726004579555e-02
2.999892701358189764e-02
2.999892677128037852e-02
2.999892653321060976e-02
2.999892629943209238e-02
2.999892606999379416e-02
2.999892584494288222e-02
2.999892562431013404e-02
2.999892540812462358e-02
2.999892519640212987e-02
2.999892498914856140e-02
2.999892478636640575e-02
2.999892458804287454e-02
2.999892439416064135e-02
2.999892420468862689e-02
2.999892401959264321e-02
2.999892383882338601e-02
2.999892366232796703e-02
2.999892349004067149e-02
2.999892332189264821e-02
2.999892315780206681e-02
2.999892299768068191e-02
2.999892284143603274e-02
2.999892268896132974e-02
2.999892254015407156e-02
2.999892239489124202e-02
2.999892225305832508e-02
2.999892211452718366e-02
2.999892197916432385e-02
2.999892184683926322e-02
2.999892171740960525e-02
2.999892159072945971e-02
2.999892146665915707e-02
2.999892134504976438e-02
2.999892122575071804e-02
2.999892110861273817e-02
2.999892099348423422e-02
2.999892088021838960e-02
2.999892076866170904e-02
2.999892065866658145e-02
2.999892055008616942e-02
2.999892044277582132e-02
2.999892033659284571e-02
2.999892023140084130e-02
2.999892012706148817e-02
2.999892002344527880e-02
2.999891992042439531e-02
2.999891981787823972e-02
2.999891971568817775e-02
2.999891961374103258e-02
2.999891951193458736e-02
2.999891941016682301e-02
2.999891930833944315e-02
2.999891920636959391e-02
2.999891910417135446e-02
2.999891900166763367e-02
2.999891889879229348e-02
2.999891879547759987e-02
2.999891869166416633e-02
2.999891858730259486e-02
2.999891848234420219e-02
2.999891837674871498e-02
2.999891827047710541e-02
2.999891816349918236e-02
2.999891805578948356e-02
2.999891794732185979e-02
2.999891783807745113e-02
2.999891772804128345e-02
2.999891761720133165e-02
2.999891750554313855e-02
2.999891739306019545e-02
2.999891727974347486e-02
2.999891716558758872e-02
2.999891705058756186e-02
2.999891693473181672e-02
2.999891681801743898e-02
2.999891670043318415e-02
2.999891658197326519e-02
2.999891646262235062e-02
2.999891634236320076e-02
2.999891622118317294e-02
2.999891609905636081e-02
2.999891597595919987e-02
2.999891585186071144e-02
2.999891572673011111e-02
2.999891560052311140e-02
2.999891547319583768e-02
2.999891534469951299e-02
2.999891521497803637e-02
2.999891508396874268e-02
2.999891495160394994e-02
2.999891481781274266e-02
2.999891468251169105e-02
2.999891454561753878e-02
2.999891440703963963e-02
2.999891426668124805e-02
2.999891412444003272e-02
2.999891398020981120e-02
2.999891383387860017e-02
2.999891368533442668e-02
2.999891353445053796e-02
2.999891338111047856e-02
2.999891322518396380e-02
2.999891306654557666e-02
2.999891290506678798e-02
2.999891274061164403e-02
2.999891257305393674e-02
2.999891240225969341e-02
2.999891222810200861e-02
2.999891205045574633e-02
2.999891186918741959e-02
2.999891168418602344e-02
2.999891149532765006e-02
2.999891130250403187e-02
2.999891110560600968e-02
2.999891090453752143e-02
2.999891069920723047e-02
2.999891048953217537e-02
2.999891027543663546e-02
2.999891005685941317e-02
2.999890983374381426e-02
2.999890960605257686e-02
2.999890937375471189e-02
2.999890913682985716e-02
2.999890889528141966e-02
2.999890864911151575e-02
2.999890839834964962e-02
2.999890814303092512e-02
2.999890788321120383e-02
2.999890761895691524e-02
2.999890735035744965e-02
2.999890707750840421e-02
2.999890680052761868e-02
2.999890651954428833e-02
2.999890623470554546e-02
2.999890594617650799e-02
2.999890565412763332e-02
2.999890535875877548e-02
2.999890506027474285e-02
2.999890475889437774e-02
2.999890445485355051e-02
2.999890414840180111e-02
2.999890383979217368e-02
2.999890352930404541e-02
2.999890321721681782e-02
2.999890290382099117e-02
2.999890258941684262e-02
2.999890227432065737e-02
2.999890195884088312e-02
2.999890164330638875e-02
2.999890132804013815e-02
2.999890101337528148e-02
2.999890069964720324e-02
2.999890038719212754e-02
2.999890007634396435e-02
2.999889976743753267e-02
2.999889946081085723e-02
2.999889915678775193e-02
2.999889885570113796e-02
2.999889855786642967e-02
2.999889826359639772e-02
2.999889797319939960e-02
2.999889768697193773e-02
2.999889740519726122e-02
2.999889712815511505e-02
2.999889685610540938e-02
2.999889658929976582e-02
2.999889632797485967e-02
2.999889607235363756e-02
2.999889582264014462e-02
2.999889557902590126e-02
2.999889534168187835e-02
2.999889511076785087e-02
2.999889488641650781e-02
2.999889466875359928e-02
2.999889445787663408e-02
2.999889425387150879e-02
2.999889405679868892e-02
2.999889386670287830e-02
2.999889368361172148e-02
2.999889350753422168e-02
2.999889333845476985e-02
2.999889317634551328e-02
2.999889302115800460e-02
2.999889287282644576e-02
2.999889273126941924e-02
2.999889259638313654e-02
2.999889246805730048e-02
2.999889234615676567e-02
2.999889223054230322e-02
2.999889212104767805e-02
2.999889201750650936e-02
2.999889191973110353e-02
2.999889182752808747e-02
2.999889174068993275e-02
2.999889165900662680e-02
2.999889158224939081e-02
2.999889151019454955e-02
2.999889144259772211e-02
2.999889137922627860e-02
2.999889131983326032e-02
2.999889126416919322e-02
2.999889121198313219e-02
2.999889116301926104e-02
2.999889111703474276e-02
2.999889107377707448e-02
2.999889103299228574e-02
2.999889099444043999e-02
2.999889095787188278e-02
2.999889092305591323e-02
2.999889088975346910e-02
2.999889085773852632e-02
2.999889082678390551e-02
2.999889079668142944e-02
2.999889076722043676e-02
2.999889073819790933e-02
2.999889070942494962e-02
2.999889068071288217e-02
2.999889065188904649e-02
2.999889062278377969e-02
2.999889059323997131e-02
2.999889056310389365e-02
2.999889053223820864e-02
2.999889050050124142e-02
2.999889046777635959e-02
2.999889043394176474e-02
2.999889039888764541e-02
2.999889036251108393e-02
2.999889032471455413e-02
2.999889028541057739e-02
2.999889024451678904e-02
2.999889020195608408e-02
2.999889015764869299e-02
2.999889011152963997e-02
2.999889006353521209e-02
2.999889001359347038e-02
2.999888996165519031e-02
2.999888990765717245e-02
2.999888985153775431e-02
2.999888979324671912e-02
2.999888973271958026e-02
2.999888966990216579e-02
2.999888960473195282e-02
2.999888953714855214e-02
2.999888946708935758e-02
2.999888939448561859e-02
2.999888931927063851e-02
2.999888924136637214e-02
2.999888916069644307e-02
2.999888907717723069e-02
2.999888899072560011e-02
2.999888890124269986e-02
2.999888880863974677e-02
2.999888871281496810e-02
2.999888861366336798e-02
2.999888851107158916e-02
2.999888840492787728e-02
2.999888829511630078e-02
2.999888818151068282e-02
2.999888806398608512e-02
2.999888794242037970e-02
2.999888781667955917e-02
2.999888768663176372e-02
2.999888755214059205e-02
2.999888741307909362e-02
2.999888726930726585e-02
2.999888712070019475e-02
2.999888696712600319e-02
2.999888680846194908e-02
2.999888664457865672e-02
2.999888647536828878e-02
2.999888630070979278e-02
2.999888612051032633e-02
2.999888593466507394e-02
2.999888574308767764e-02
2.999888554570750987e-02
2.999888534245386679e-02
2.999888513328162823e-02
2.999888491814073355e-02
2.999888469700178611e-02
2.999888446986968132e-02
2.999888423673299082e-02
2.999888399762297084e-02
2.999888375257701856e-02
2.999888350164519116e-02
2.999888324491262886e-02
2.999888298246496457e-02
2.999888271442265747e-02
2.999888244091561407e-02
2.999888216210706837e-02
2.999888187816360935e-02
2.999888158929172460e-02
2.999888129570451450e-02
2.999888099763624305e-02
2.999888069534837817e-02
2.999888038912406490e-02
2.999888007925296390e-02
2.999887976606660858e-02
2.999887944989895402e-02
2.999887913109801005e-02
2.999887881004096452e-02
2.999887848711837307e-02
2.999887816273032540e-02
2.999887783730526003e-02
2.999887751126696644e-02
2.999887718506336065e-02
2.999887685915315558e-02
2.999887653399305187e-02
2.999887621005520311e-02
2.999887588782682024e-02
2.999887556777410327e-02
2.999887525039828667e-02
2.999887493618783735e-02
2.999887462561224086e-02
2.999887431916439112e-02
2.999887401733644307e-02
2.999887372058234261e-02
2.999887342938617474e-02
2.999887314419618506e-02
2.999887286546142756e-02
2.999887259361825806e-02
2.999887232908524104e-02
2.999887207226466929e-02
2.999887182355403040e-02
2.999887158330906411e-02
2.999887135188242931e-02
2.999887112959371757e-02
2.999887091675592851e-02
2.999887071364065738e-02
2.999887052050305425e-02
2.999887033756541699e-02
2.999887016503032314e-02
2.999887000306988155e-02
